0.0905768 1440
0.0905768 2880
0.0905768 4320
0.0905768 5760
0.0905768 7200
0.0905768 8640
0.0905768 10080
0.0905768 11520
0.0905768 12960
0.0905768 14400
0.18807 12960
0.18807 14400
0.18807 15840
0.200022 12960
0.200022 14400
0.200022 15840
0.200022 17280
0.211974 14400
0.211974 15840
0.211974 17280
0.211974 18720
0.223926 15840
0.223926 17280
0.223926 18720
0.223926 20160
0.235878 17280
0.235878 18720
0.235878 20160
0.235878 21600
0.285521 18720
0.285521 20160
0.285521 21600
0.285521 23040
0.297473 20160
0.297473 21600
0.297473 23040
0.297473 24480
0.309425 21600
0.309425 23040
0.309425 24480
0.309425 25920
0.321377 23040
0.321377 24480
0.321377 25920
0.321377 27360
0.333329 24480
0.333329 25920
0.333329 27360
0.333329 28800
0.345281 25920
0.345281 27360
0.345281 28800
0.345281 30240
0.357233 27360
0.357233 28800
0.357233 30240
0.357233 31680
0.382971 28800
0.382971 30240
0.382971 31680
0.382971 33120
0.394923 30240
0.394923 31680
0.394923 33120
0.394923 34560
0.406875 31680
0.406875 33120
0.406875 34560
0.406875 36000
0.418827 33120
0.418827 34560
0.418827 36000
0.418827 37440
0.430779 34560
0.430779 36000
0.430779 37440
0.430779 38880
0.442731 36000
0.442731 37440
0.442731 38880
0.442731 40320
0.454683 37440
0.454683 38880
0.454683 40320
0.454683 41760
0.466635 38880
0.466635 40320
0.466635 41760
0.466635 43200
0.478587 40320
0.478587 41760
0.478587 43200
0.478587 44640
0.490539 41760
0.490539 43200
0.490539 44640
0.490539 46080
0.502491 43200
0.502491 44640
0.502491 46080
0.502491 47520
0.514443 44640
0.514443 46080
0.514443 47520
0.514443 48960
0.526395 46080
0.526395 47520
0.526395 48960
0.526395 50400
0.538347 47520
0.538347 48960
0.538347 50400
0.538347 51840
0.550299 48960
0.550299 50400
0.550299 51840
0.550299 53280
0.562251 50400
0.562251 51840
0.562251 53280
0.562251 54720
0.574203 51840
0.574203 53280
0.574203 54720
0.574203 56160
0.586155 53280
0.586155 54720
0.586155 56160
0.586155 57600
0.598107 54720
0.598107 56160
0.598107 57600
0.598107 59040
0.610059 56160
0.610059 57600
0.610059 59040
0.610059 60480
0.622011 57600
0.622011 59040
0.622011 60480
0.622011 61920
0.633963 59040
0.633963 60480
0.633963 61920
0.633963 63360
0.645915 60480
0.645915 61920
0.645915 63360
0.645915 64800
0.657867 61920
0.657867 63360
0.657867 64800
0.657867 66240
0.669819 63360
0.669819 64800
0.669819 66240
0.669819 67680
0.681771 64800
0.681771 66240
0.681771 67680
0.681771 69120
0.693723 66240
0.693723 67680
0.693723 69120
0.693723 70560
0.705675 67680
0.705675 69120
0.705675 70560
0.705675 72000
0.717627 69120
0.717627 70560
0.717627 72000
0.717627 73440
0.729579 70560
0.729579 72000
0.729579 73440
0.729579 74880
0.741531 72000
0.741531 73440
0.741531 74880
0.741531 76320
0.753483 73440
0.753483 74880
0.753483 76320
0.753483 77760
0.765435 74880
0.765435 76320
0.765435 77760
0.765435 79200
0.777387 76320
0.777387 77760
0.777387 79200
0.777387 80640
0.789339 77760
0.789339 79200
0.789339 80640
0.789339 82080
0.801291 79200
0.801291 80640
0.801291 82080
0.801291 83520
0.813243 80640
0.813243 82080
0.813243 83520
0.813243 84960
0.825195 82080
0.825195 83520
0.825195 84960
0.825195 86400
0.837147 83520
0.837147 84960
0.837147 86400
0.837147 87840
0.849099 84960
0.849099 86400
0.849099 87840
0.849099 89280
0.861051 86400
0.861051 87840
0.861051 89280
0.861051 90720
0.873003 87840
0.873003 89280
0.873003 90720
0.873003 92160
0.884955 89280
0.884955 90720
0.884955 92160
0.884955 93600
0.896907 90720
0.896907 92160
0.896907 93600
0.896907 95040
0.908859 92160
0.908859 93600
0.908859 95040
0.908859 96480
0.920811 93600
0.920811 95040
0.920811 96480
0.920811 97920
0.932763 95040
0.932763 96480
0.932763 97920
0.932763 99360
0.944715 96480
0.944715 97920
0.944715 99360
0.944715 100800
0.956667 97920
0.956667 99360
0.956667 100800
0.956667 102240
0.968619 99360
0.968619 100800
0.968619 102240
0.968619 103680
0.980571 100800
0.980571 102240
0.980571 103680
0.980571 105120
0.992523 102240
0.992523 103680
0.992523 105120
0.992523 106560
1.00448 103680
1.00448 105120
1.00448 106560
1.00448 108000
1.01643 105120
1.01643 106560
1.01643 108000
1.01643 109440
1.02838 106560
1.02838 108000
1.02838 109440
1.02838 110880
1.04033 108000
1.04033 109440
1.04033 110880
1.04033 112320
1.05228 109440
1.05228 110880
1.05228 112320
1.05228 113760
1.06424 110880
1.06424 112320
1.06424 113760
1.06424 115200
1.07619 112320
1.07619 113760
1.07619 115200
1.07619 116640
1.08814 113760
1.08814 115200
1.08814 116640
1.08814 118080
1.10009 115200
1.10009 116640
1.10009 118080
1.10009 119520
1.11204 116640
1.11204 118080
1.11204 119520
1.11204 120960
1.124 118080
1.124 119520
1.124 120960
1.124 122400
1.13595 119520
1.13595 120960
1.13595 122400
1.13595 123840
1.1479 120960
1.1479 122400
1.1479 123840
1.1479 125280
1.15985 122400
1.15985 123840
1.15985 125280
1.15985 126720
1.1718 123840
1.1718 125280
1.1718 126720
1.1718 128160
1.18376 125280
1.18376 126720
1.18376 128160
1.18376 129600
1.19571 126720
1.19571 128160
1.19571 129600
1.19571 131040
1.20766 128160
1.20766 129600
1.20766 131040
1.20766 132480
1.21961 129600
1.21961 131040
1.21961 132480
1.21961 133920
1.23156 131040
1.23156 132480
1.23156 133920
1.23156 135360
1.24352 132480
1.24352 133920
1.24352 135360
1.24352 136800
1.25547 133920
1.25547 135360
1.25547 136800
1.25547 138240
1.26742 135360
1.26742 136800
1.26742 138240
1.26742 139680
1.27937 136800
1.27937 138240
1.27937 139680
1.27937 141120
1.29132 138240
1.29132 139680
1.29132 141120
1.29132 142560
1.30328 139680
1.30328 141120
1.30328 142560
1.30328 144000
1.31523 141120
1.31523 142560
1.31523 144000
1.31523 145440
1.32718 142560
1.32718 144000
1.32718 145440
1.32718 146880
1.33913 144000
1.33913 145440
1.33913 146880
1.33913 148320
1.35108 145440
1.35108 146880
1.35108 148320
1.35108 149760
1.36304 146880
1.36304 148320
1.36304 149760
1.36304 151200
1.37499 148320
1.37499 149760
1.37499 151200
1.37499 152640
1.38694 149760
1.38694 151200
1.38694 152640
1.38694 154080
1.39889 151200
1.39889 152640
1.39889 154080
1.39889 155520
1.41084 152640
1.41084 154080
1.41084 155520
1.41084 156960
1.4228 154080
1.4228 155520
1.4228 156960
1.4228 158400
1.43475 155520
1.43475 156960
1.43475 158400
1.43475 159840
1.4467 156960
1.4467 158400
1.4467 159840
1.4467 161280
1.45865 158400
1.45865 159840
1.45865 161280
1.45865 162720
1.4706 159840
1.4706 161280
1.4706 162720
1.4706 164160
1.48256 161280
1.48256 162720
1.48256 164160
1.48256 165600
1.49451 162720
1.49451 164160
1.49451 165600
1.49451 167040
1.50646 164160
1.50646 165600
1.50646 167040
1.50646 168480
1.51841 165600
1.51841 167040
1.51841 168480
1.51841 169920
1.53036 167040
1.53036 168480
1.53036 169920
1.53036 171360
1.54232 168480
1.54232 169920
1.54232 171360
1.54232 172800
1.55427 169920
1.55427 171360
1.55427 172800
1.55427 174240
1.56622 171360
1.56622 172800
1.56622 174240
1.56622 175680
1.57817 172800
1.57817 174240
1.57817 175680
1.57817 177120
1.59012 174240
1.59012 175680
1.59012 177120
1.59012 178560
1.60208 175680
1.60208 177120
1.60208 178560
1.60208 180000
1.61403 177120
1.61403 178560
1.61403 180000
1.61403 181440
1.62598 178560
1.62598 180000
1.62598 181440
1.62598 182880
1.63793 180000
1.63793 181440
1.63793 182880
1.63793 184320
1.64988 181440
1.64988 182880
1.64988 184320
1.64988 185760
1.66184 182880
1.66184 184320
1.66184 185760
1.66184 187200
1.67379 184320
1.67379 185760
1.67379 187200
1.67379 188640
1.68574 185760
1.68574 187200
1.68574 188640
1.68574 190080
1.69769 187200
1.69769 188640
1.69769 190080
1.69769 191520
1.70964 188640
1.70964 190080
1.70964 191520
1.70964 192960
1.7216 190080
1.7216 191520
1.7216 192960
1.7216 194400
1.73355 191520
1.73355 192960
1.73355 194400
1.73355 195840
1.7455 192960
1.7455 194400
1.7455 195840
1.7455 197280
1.75745 194400
1.75745 195840
1.75745 197280
1.75745 198720
1.7694 195840
1.7694 197280
1.7694 198720
1.7694 200160
1.78136 197280
1.78136 198720
1.78136 200160
1.78136 201600
1.79331 198720
1.79331 200160
1.79331 201600
1.79331 203040
1.80526 200160
1.80526 201600
1.80526 203040
1.80526 204480
1.81721 201600
1.81721 203040
1.81721 204480
1.81721 205920
1.82916 203040
1.82916 204480
1.82916 205920
1.82916 207360
1.84112 204480
1.84112 205920
1.84112 207360
1.84112 208800
1.85307 205920
1.85307 207360
1.85307 208800
1.85307 210240
1.86502 207360
1.86502 208800
1.86502 210240
1.86502 211680
1.87697 208800
1.87697 210240
1.87697 211680
1.87697 213120
1.88892 210240
1.88892 211680
1.88892 213120
1.88892 214560
1.90088 211680
1.90088 213120
1.90088 214560
1.90088 216000
1.91283 213120
1.91283 214560
1.91283 216000
1.91283 217440
1.92478 214560
1.92478 216000
1.92478 217440
1.92478 218880
1.93673 216000
1.93673 217440
1.93673 218880
1.93673 220320
1.94868 217440
1.94868 218880
1.94868 220320
1.94868 221760
1.96064 218880
1.96064 220320
1.96064 221760
1.96064 223200
1.97259 220320
1.97259 221760
1.97259 223200
1.97259 224640
1.98454 221760
1.98454 223200
1.98454 224640
1.98454 226080
1.99649 223200
1.99649 224640
1.99649 226080
1.99649 227520
2.00844 224640
2.00844 226080
2.00844 227520
2.00844 228960
2.0204 226080
2.0204 227520
2.0204 228960
2.0204 230400
2.03235 227520
2.03235 228960
2.03235 230400
2.03235 231840
2.0443 228960
2.0443 230400
2.0443 231840
2.0443 233280
2.05625 230400
2.05625 231840
2.05625 233280
2.05625 234720
2.0682 231840
2.0682 233280
2.0682 234720
2.0682 236160
2.08016 233280
2.08016 234720
2.08016 236160
2.08016 237600
2.09211 234720
2.09211 236160
2.09211 237600
2.09211 239040
2.10406 236160
2.10406 237600
2.10406 239040
2.10406 240480
2.11601 237600
2.11601 239040
2.11601 240480
2.11601 241920
2.12796 239040
2.12796 240480
2.12796 241920
2.12796 243360
2.13992 240480
2.13992 241920
2.13992 243360
2.13992 244800
2.15187 241920
2.15187 243360
2.15187 244800
2.15187 246240
2.16382 243360
2.16382 244800
2.16382 246240
2.16382 247680
2.17577 244800
2.17577 246240
2.17577 247680
2.17577 249120
2.18772 246240
2.18772 247680
2.18772 249120
2.18772 250560
2.19968 247680
2.19968 249120
2.19968 250560
2.19968 252000
2.21163 249120
2.21163 250560
2.21163 252000
2.21163 253440
2.22358 250560
2.22358 252000
2.22358 253440
2.22358 254880
2.23553 252000
2.23553 253440
2.23553 254880
2.23553 256320
2.24748 253440
2.24748 254880
2.24748 256320
2.24748 257760
2.25944 254880
2.25944 256320
2.25944 257760
2.25944 259200
2.27139 256320
2.27139 257760
2.27139 259200
2.27139 260640
2.28334 257760
2.28334 259200
2.28334 260640
2.28334 262080
2.29529 259200
2.29529 260640
2.29529 262080
2.29529 263520
2.30724 260640
2.30724 262080
2.30724 263520
2.30724 264960
2.3192 262080
2.3192 263520
2.3192 264960
2.3192 266400
2.33115 263520
2.33115 264960
2.33115 266400
2.33115 267840
2.3431 264960
2.3431 266400
2.3431 267840
2.3431 269280
2.35505 266400
2.35505 267840
2.35505 269280
2.35505 270720
2.367 267840
2.367 269280
2.367 270720
2.367 272160
2.37896 269280
2.37896 270720
2.37896 272160
2.37896 273600
2.39091 270720
2.39091 272160
2.39091 273600
2.39091 275040
2.40286 272160
2.40286 273600
2.40286 275040
2.40286 276480
2.41481 273600
2.41481 275040
2.41481 276480
2.41481 277920
2.42676 275040
2.42676 276480
2.42676 277920
2.42676 279360
2.43872 276480
2.43872 277920
2.43872 279360
2.43872 280800
2.45067 277920
2.45067 279360
2.45067 280800
2.45067 282240
2.46262 279360
2.46262 280800
2.46262 282240
2.46262 283680
2.47457 282240
2.47457 283680
2.47457 285120
2.48055 283680
2.48055 285120
2.48652 283680
2.48652 285120
2.4925 282240
2.4925 283680
2.49848 282240
2.50445 280800
2.51043 279360
2.5164 277920
2.52238 276480
2.52836 275040
2.53433 273600
2.54031 272160
2.54628 270720
2.55226 269280
2.55824 267840
2.56421 266400
2.57019 264960
2.57616 263520
2.58214 262080
2.58812 260640
2.59409 259200
2.60007 257760
2.60604 256320
2.61202 254880
2.618 253440
2.62397 252000
2.62995 250560
2.63592 249120
2.6419 247680
2.64788 246240
2.65385 244800
2.65983 243360
2.6658 241920
2.67178 240480
2.67776 239040
2.68373 237600
2.68971 236160
2.69568 234720
2.70166 233280
2.70764 231840
2.71361 230400
2.71959 228960
2.72556 227520
2.73154 226080
2.73752 224640
2.74349 223200
2.74947 221760
2.75544 220320
2.76142 218880
2.7674 217440
2.77337 216000
2.77935 214560
2.78532 213120
2.7913 211680
2.79728 210240
2.80325 208800
2.80923 207360
2.8152 205920
2.82118 204480
2.82716 203040
2.83313 201600
2.83911 200160
2.84508 198720
2.85106 197280
2.85704 195840
2.86301 194400
2.86899 192960
2.87496 191520
2.88094 190080
2.88692 188640
2.89289 187200
2.89887 185760
2.90484 184320
2.91082 182880
2.9168 181440
2.92277 180000
2.92875 178560
2.93472 177120
2.9407 175680
2.94668 174240
2.95265 172800
2.95863 171360
2.9646 169920
2.97058 168480
2.97656 167040
2.98253 165600
2.98851 164160
2.99448 162720
3.00046 161280
3.00644 159840
3.01241 158400
3.01839 156960
3.02436 155520
3.03034 154080
3.03632 152640
3.04229 151200
3.04827 149760
3.05424 148320
3.06022 146880
3.0662 145440
3.07217 144000
3.07815 142560
3.08412 141120
3.0901 139680
3.0901 141120
3.09608 139680
3.09608 141120
3.10205 139680
3.10205 141120
3.10803 139680
3.10803 141120
3.114 139680
3.114 141120
3.11998 139680
3.11998 141120
3.12596 139680
3.12596 141120
3.13193 139680
3.13193 141120
3.13791 139680
3.13791 141120
3.14388 139680
3.14388 141120
3.14986 139680
3.14986 141120
3.15584 139680
3.15584 141120
3.16181 139680
3.16181 141120
3.16779 139680
3.16779 141120
3.17376 139680
3.17376 141120
3.17974 139680
3.17974 141120
3.18572 139680
3.18572 141120
3.19169 139680
3.19169 141120
3.19767 139680
3.19767 141120
3.20364 139680
3.20364 141120
3.20962 139680
3.20962 141120
3.2156 139680
3.2156 141120
3.22157 139680
3.22157 141120
3.22755 139680
3.22755 141120
3.23352 139680
3.23352 141120
3.2395 139680
3.2395 141120
3.24548 139680
3.24548 141120
3.25145 139680
3.25145 141120
3.25743 139680
3.25743 141120
3.2634 139680
3.2634 141120
3.26938 139680
3.26938 141120
3.27536 138240
3.27536 139680
3.27536 141120
3.28133 139680
3.28133 141120
3.28731 139680
3.28731 141120
3.29328 139680
3.29328 141120
3.29926 139680
3.29926 141120
3.30524 139680
3.30524 141120
3.31121 139680
3.31121 141120
3.31719 139680
3.31719 141120
3.32316 139680
3.32316 141120
3.32914 139680
3.32914 141120
3.33512 139680
3.33512 141120
3.34109 139680
3.34109 141120
3.34707 139680
3.34707 141120
3.35304 139680
3.35304 141120
3.35902 139680
3.35902 141120
3.365 139680
3.365 141120
3.37097 139680
3.37097 141120
3.37695 139680
3.37695 141120
3.38292 139680
3.38292 141120
3.3889 139680
3.3889 141120
3.39488 139680
3.39488 141120
3.40085 139680
3.40085 141120
3.40683 139680
3.40683 141120
3.4128 139680
3.4128 141120
3.41878 139680
3.41878 141120
3.42476 139680
3.42476 141120
3.43073 139680
3.43073 141120
3.43671 139680
3.43671 141120
3.44268 139680
3.44268 141120
3.44866 139680
3.44866 141120
3.45464 139680
3.45464 141120
3.46061 139680
3.46061 141120
3.46659 138240
3.46659 139680
3.46659 141120
3.47256 139680
3.47256 141120
3.47854 139680
3.47854 141120
3.48452 139680
3.48452 141120
3.49049 139680
3.49049 141120
3.49647 139680
3.49647 141120
3.50244 139680
3.50244 141120
3.50842 139680
3.50842 141120
3.5144 139680
3.5144 141120
3.52037 139680
3.52037 141120
3.52635 139680
3.52635 141120
3.53232 139680
3.53232 141120
3.5383 139680
3.5383 141120
3.54428 139680
3.54428 141120
3.55025 139680
3.55025 141120
3.55623 139680
3.55623 141120
3.5622 139680
3.5622 141120
3.56818 139680
3.56818 141120
3.57416 139680
3.57416 141120
3.58013 139680
3.58013 141120
3.58611 139680
3.58611 141120
3.59208 139680
3.59208 141120
3.59806 139680
3.59806 141120
3.60404 139680
3.60404 141120
3.61001 139680
3.61001 141120
3.61599 139680
3.61599 141120
3.62196 139680
3.62196 141120
3.62794 139680
3.62794 141120
3.63392 139680
3.63392 141120
3.63989 139680
3.63989 141120
3.64587 139680
3.64587 141120
3.65184 139680
3.65184 141120
3.65782 139680
3.65782 141120
3.6638 138240
3.6638 139680
3.6638 141120
3.66977 139680
3.66977 141120
3.67575 139680
3.67575 141120
3.68172 139680
3.68172 141120
3.6877 139680
3.6877 141120
3.69368 139680
3.69368 141120
3.69965 139680
3.69965 141120
3.70563 139680
3.70563 141120
3.7116 139680
3.7116 141120
3.71758 139680
3.71758 141120
3.72356 139680
3.72356 141120
3.72953 139680
3.72953 141120
3.73551 139680
3.73551 141120
3.74148 139680
3.74148 141120
3.74746 139680
3.74746 141120
3.75344 139680
3.75344 141120
3.75941 139680
3.75941 141120
3.76539 139680
3.76539 141120
3.77136 139680
3.77136 141120
3.77734 139680
3.77734 141120
3.78332 139680
3.78332 141120
3.78929 139680
3.78929 141120
3.79527 139680
3.79527 141120
3.80124 139680
3.80124 141120
3.80722 139680
3.80722 141120
3.8132 139680
3.8132 141120
3.81917 139680
3.81917 141120
3.82515 139680
3.82515 141120
3.83112 139680
3.83112 141120
3.8371 139680
3.8371 141120
3.84308 139680
3.84308 141120
3.84905 139680
3.84905 141120
3.85503 139680
3.85503 141120
3.861 139680
3.861 141120
3.86698 138240
3.86698 139680
3.86698 141120
3.87296 139680
3.87296 141120
3.87893 139680
3.87893 141120
3.88491 139680
3.88491 141120
3.89088 139680
3.89088 141120
3.89686 139680
3.89686 141120
3.90284 139680
3.90284 141120
3.90881 139680
3.90881 141120
3.91479 139680
3.91479 141120
3.92076 139680
3.92076 141120
3.92674 139680
3.92674 141120
3.93272 139680
3.93272 141120
3.93869 139680
3.93869 141120
3.94467 139680
3.94467 141120
3.95064 139680
3.95064 141120
3.95662 139680
3.95662 141120
3.9626 139680
3.9626 141120
3.96857 139680
3.96857 141120
3.97455 139680
3.97455 141120
3.98052 139680
3.98052 141120
3.9865 139680
3.9865 141120
3.99248 139680
3.99248 141120
3.99845 139680
3.99845 141120
4.00443 139680
4.00443 141120
4.0104 139680
4.0104 141120
4.01638 139680
4.01638 141120
4.02236 139680
4.02236 141120
4.02833 139680
4.02833 141120
4.03431 139680
4.03431 141120
4.04028 139680
4.04028 141120
4.04626 139680
4.04626 141120
4.05224 139680
4.05224 141120
4.05821 139680
4.05821 141120
4.06419 139680
4.06419 141120
4.07016 139680
4.07016 141120
4.07614 138240
4.07614 139680
4.07614 141120
4.08212 139680
4.08212 141120
4.08809 139680
4.08809 141120
4.09407 139680
4.09407 141120
4.10004 139680
4.10004 141120
4.10602 139680
4.10602 141120
4.112 139680
4.112 141120
4.11797 139680
4.11797 141120
4.12395 139680
4.12395 141120
4.12992 139680
4.12992 141120
4.1359 139680
4.1359 141120
4.14188 139680
4.14188 141120
4.14785 139680
4.14785 141120
4.15383 139680
4.15383 141120
4.1598 139680
4.1598 141120
4.16578 139680
4.16578 141120
4.17176 139680
4.17176 141120
4.17773 139680
4.17773 141120
4.18371 139680
4.18371 141120
4.18968 139680
4.18968 141120
4.19566 139680
4.19566 141120
4.20164 139680
4.20164 141120
4.20761 139680
4.20761 141120
4.21359 139680
4.21359 141120
4.21956 139680
4.21956 141120
4.22554 139680
4.22554 141120
4.23152 139680
4.23152 141120
4.23749 139680
4.23749 141120
4.24347 139680
4.24347 141120
4.24944 139680
4.24944 141120
4.25542 139680
4.25542 141120
4.2614 139680
4.2614 141120
4.26737 139680
4.26737 141120
4.27335 139680
4.27335 141120
4.27536 0
4.27536 1440
4.29128 0
4.29128 1440
4.29128 2880
4.50641 0
4.50641 1440
4.50641 2880
4.50641 4320
4.60386 0
4.60386 1440
4.60386 2880
4.60386 4320
4.60386 5760
4.70131 1440
4.70131 2880
4.70131 4320
4.70131 5760
4.70131 7200
4.71924 2880
4.71924 4320
4.71924 5760
4.71924 7200
4.71924 8640
4.81071 4320
4.81071 5760
4.81071 7200
4.81071 8640
4.81071 10080
4.82864 5760
4.82864 7200
4.82864 8640
4.82864 10080
4.82864 11520
4.90816 7200
4.90816 8640
4.90816 10080
4.90816 11520
4.90816 12960
4.92609 8640
4.92609 10080
4.92609 11520
4.92609 12960
4.92609 14400
4.94402 10080
4.94402 11520
4.94402 12960
4.94402 14400
4.94402 15840
5.01159 11520
5.01159 12960
5.01159 14400
5.01159 15840
5.01159 17280
5.02952 12960
5.02952 14400
5.02952 15840
5.02952 17280
5.02952 18720
5.04745 14400
5.04745 15840
5.04745 17280
5.04745 18720
5.04745 20160
5.06538 15840
5.06538 17280
5.06538 18720
5.06538 20160
5.06538 21600
5.11502 17280
5.11502 18720
5.11502 20160
5.11502 21600
5.11502 23040
5.13295 18720
5.13295 20160
5.13295 21600
5.13295 23040
5.13295 24480
5.15087 20160
5.15087 21600
5.15087 23040
5.15087 24480
5.15087 25920
5.1688 21600
5.1688 23040
5.1688 24480
5.1688 25920
5.1688 27360
5.18673 23040
5.18673 24480
5.18673 25920
5.18673 27360
5.18673 28800
5.21247 24480
5.21247 25920
5.21247 27360
5.21247 28800
5.21247 30240
5.2304 25920
5.2304 27360
5.2304 28800
5.2304 30240
5.2304 31680
5.24832 27360
5.24832 28800
5.24832 30240
5.24832 31680
5.24832 33120
5.26625 28800
5.26625 30240
5.26625 31680
5.26625 33120
5.26625 34560
5.28418 30240
5.28418 31680
5.28418 33120
5.28418 34560
5.28418 36000
5.30211 31680
5.30211 33120
5.30211 34560
5.30211 36000
5.30211 37440
5.32004 33120
5.32004 34560
5.32004 36000
5.32004 37440
5.32004 38880
5.33796 34560
5.33796 36000
5.33796 37440
5.33796 38880
5.33796 40320
5.35589 36000
5.35589 37440
5.35589 38880
5.35589 40320
5.35589 41760
5.37382 37440
5.37382 38880
5.37382 40320
5.37382 41760
5.37382 43200
5.39175 38880
5.39175 40320
5.39175 41760
5.39175 43200
5.39175 44640
5.40968 40320
5.40968 41760
5.40968 43200
5.40968 44640
5.40968 46080
5.4276 41760
5.4276 43200
5.4276 44640
5.4276 46080
5.4276 47520
5.44553 43200
5.44553 44640
5.44553 46080
5.44553 47520
5.44553 48960
5.46346 44640
5.46346 46080
5.46346 47520
5.46346 48960
5.46346 50400
5.48139 46080
5.48139 47520
5.48139 48960
5.48139 50400
5.48139 51840
5.49932 47520
5.49932 48960
5.49932 50400
5.49932 51840
5.49932 53280
5.51724 48960
5.51724 50400
5.51724 51840
5.51724 53280
5.51724 54720
5.53517 50400
5.53517 51840
5.53517 53280
5.53517 54720
5.53517 56160
5.5531 51840
5.5531 53280
5.5531 54720
5.5531 56160
5.5531 57600
5.57103 53280
5.57103 54720
5.57103 56160
5.57103 57600
5.57103 59040
5.58896 54720
5.58896 56160
5.58896 57600
5.58896 59040
5.58896 60480
5.60688 56160
5.60688 57600
5.60688 59040
5.60688 60480
5.60688 61920
5.62481 57600
5.62481 59040
5.62481 60480
5.62481 61920
5.62481 63360
5.64274 59040
5.64274 60480
5.64274 61920
5.64274 63360
5.64274 64800
5.66067 60480
5.66067 61920
5.66067 63360
5.66067 64800
5.66067 66240
5.6786 61920
5.6786 63360
5.6786 64800
5.6786 66240
5.6786 67680
5.69652 63360
5.69652 64800
5.69652 66240
5.69652 67680
5.69652 69120
5.71445 64800
5.71445 66240
5.71445 67680
5.71445 69120
5.71445 70560
5.73238 66240
5.73238 67680
5.73238 69120
5.73238 70560
5.75031 66240
5.75031 67680
5.75031 69120
5.75031 70560
5.76824 66240
5.76824 67680
5.76824 69120
5.76824 70560
5.78616 66240
5.78616 67680
5.78616 69120
5.78616 70560
5.80409 66240
5.80409 67680
5.80409 69120
5.80409 70560
5.82202 66240
5.82202 67680
5.82202 69120
5.82202 70560
5.83995 66240
5.83995 67680
5.83995 69120
5.83995 70560
5.85788 66240
5.85788 67680
5.85788 69120
5.85788 70560
5.8758 66240
5.8758 67680
5.8758 69120
5.8758 70560
5.89373 66240
5.89373 67680
5.89373 69120
5.89373 70560
5.91166 66240
5.91166 67680
5.91166 69120
5.91166 70560
5.92959 66240
5.92959 67680
5.92959 69120
5.92959 70560
5.94752 0
5.94752 1440
5.94752 2880
5.94752 4320
5.94752 5760
5.94752 7200
5.94752 8640
5.94752 10080
5.94752 11520
5.94752 12960
5.94752 14400
5.94752 15840
5.94752 17280
5.94752 18720
5.94752 20160
5.94752 21600
5.94752 23040
5.94752 24480
5.94752 25920
5.94752 27360
5.94752 28800
5.94752 30240
5.94752 31680
5.94752 33120
5.94752 34560
5.94752 36000
5.94752 37440
5.94752 38880
5.94752 40320
5.94752 41760
5.94752 43200
5.94752 44640
5.94752 46080
5.94752 47520
5.94752 48960
5.94752 50400
5.94752 51840
5.94752 53280
5.94752 54720
5.94752 56160
5.94752 57600
5.94752 59040
5.94752 60480
5.94752 61920
5.94752 63360
5.94752 64800
5.94752 66240
5.94752 67680
5.94752 69120
5.94752 70560
5.95349 69120
5.95349 70560
5.95947 69120
5.95947 70560
5.96544 67680
5.96544 69120
5.97142 67680
5.9774 66240
5.98337 64800
5.98935 63360
5.99532 61920
6.0013 60480
6.00728 59040
6.01325 57600
6.01923 56160
6.0252 54720
6.03118 53280
6.03716 51840
6.04313 50400
6.04911 48960
6.05508 47520
6.06106 46080
6.06704 44640
6.07301 43200
6.07899 41760
6.08496 40320
6.09094 38880
6.09692 37440
6.10289 36000
6.10887 34560
6.11484 33120
6.11484 34560
6.12082 33120
6.12082 34560
6.1268 33120
6.1268 34560
6.13277 33120
6.13277 34560
6.13875 33120
6.13875 34560
6.14472 33120
6.14472 34560
6.1507 33120
6.1507 34560
6.15668 33120
6.15668 34560
6.16265 33120
6.16265 34560
6.16863 33120
6.16863 34560
6.1746 33120
6.1746 34560
6.18058 33120
6.18058 34560
6.18656 33120
6.18656 34560
6.19253 33120
6.19253 34560
6.19851 33120
6.19851 34560
6.20448 33120
6.20448 34560
6.21046 33120
6.21046 34560
6.21644 33120
6.21644 34560
6.22241 33120
6.22241 34560
6.22839 33120
6.22839 34560
6.23436 33120
6.23436 34560
6.24632 31680
6.24632 33120
6.24632 34560
6.25827 31680
6.25827 33120
6.25827 34560
6.27022 31680
6.27022 33120
6.27022 34560
6.28217 31680
6.28217 33120
6.28217 34560
6.29412 31680
6.29412 33120
6.29412 34560
6.30608 31680
6.30608 33120
6.30608 34560
6.31803 31680
6.31803 33120
6.31803 34560
6.32998 31680
6.32998 33120
6.32998 34560
6.34193 31680
6.34193 33120
6.34193 34560
6.35388 31680
6.35388 33120
6.35388 34560
6.36584 31680
6.36584 33120
6.36584 34560
6.37779 31680
6.37779 33120
6.37779 34560
6.38974 31680
6.38974 33120
6.38974 34560
6.40169 31680
6.40169 33120
6.40169 34560
6.41364 31680
6.41364 33120
6.41364 34560
6.4256 31680
6.4256 33120
6.4256 34560
6.43755 31680
6.43755 33120
6.43755 34560
6.4495 31680
6.4495 33120
6.4495 34560
6.46145 31680
6.46145 33120
6.46145 34560
6.4734 31680
6.4734 33120
6.4734 34560
6.48536 31680
6.48536 33120
6.48536 34560
6.49731 31680
6.49731 33120
6.49731 34560
6.50926 31680
6.50926 33120
6.50926 34560
6.52121 31680
6.52121 33120
6.52121 34560
6.53316 31680
6.53316 33120
6.53316 34560
6.54512 31680
6.54512 33120
6.54512 34560
6.55707 31680
6.55707 33120
6.55707 34560
6.56902 31680
6.56902 33120
6.56902 34560
6.58097 31680
6.58097 33120
6.58097 34560
6.59292 31680
6.59292 33120
6.59292 34560
6.60488 31680
6.60488 33120
6.60488 34560
6.61683 31680
6.61683 33120
6.61683 34560
6.62878 31680
6.62878 33120
6.62878 34560
6.64073 31680
6.64073 33120
6.64073 34560
6.65268 31680
6.65268 33120
6.65268 34560
6.66464 31680
6.66464 33120
6.66464 34560
6.67659 31680
6.67659 33120
6.67659 34560
6.68854 31680
6.68854 33120
6.68854 34560
6.70049 31680
6.70049 33120
6.70049 34560
6.71244 31680
6.71244 33120
6.71244 34560
6.7244 31680
6.7244 33120
6.7244 34560
6.73635 31680
6.73635 33120
6.73635 34560
6.7483 31680
6.7483 33120
6.7483 34560
6.76025 31680
6.76025 33120
6.76025 34560
6.7722 31680
6.7722 33120
6.7722 34560
6.78416 31680
6.78416 33120
6.78416 34560
6.79611 31680
6.79611 33120
6.79611 34560
6.80806 31680
6.80806 33120
6.80806 34560
6.82001 31680
6.82001 33120
6.82001 34560
6.83196 31680
6.83196 33120
6.83196 34560
6.83196 36000
6.84392 33120
6.84392 34560
6.84392 36000
6.85587 33120
6.85587 34560
6.85587 36000
6.86782 33120
6.86782 34560
6.86782 36000
6.87977 33120
6.87977 34560
6.87977 36000
6.89172 33120
6.89172 34560
6.89172 36000
6.90368 33120
6.90368 34560
6.90368 36000
6.91563 33120
6.91563 34560
6.91563 36000
6.92758 33120
6.92758 34560
6.92758 36000
6.93953 33120
6.93953 34560
6.93953 36000
6.95148 33120
6.95148 34560
6.95148 36000
6.96344 33120
6.96344 34560
6.96344 36000
6.97539 33120
6.97539 34560
6.97539 36000
6.98734 33120
6.98734 34560
6.98734 36000
6.99929 33120
6.99929 34560
6.99929 36000
7.01124 33120
7.01124 34560
7.01124 36000
7.0232 33120
7.0232 34560
7.0232 36000
7.03515 33120
7.03515 34560
7.03515 36000
7.0471 33120
7.0471 34560
7.0471 36000
7.05905 33120
7.05905 34560
7.05905 36000
7.071 33120
7.071 34560
7.071 36000
7.08296 33120
7.08296 34560
7.08296 36000
7.09491 33120
7.09491 34560
7.09491 36000
7.10686 33120
7.10686 34560
7.10686 36000
7.11881 33120
7.11881 34560
7.11881 36000
7.13076 33120
7.13076 34560
7.13076 36000
7.14272 33120
7.14272 34560
7.14272 36000
7.14272 37440
7.15467 34560
7.15467 36000
7.15467 37440
7.16662 34560
7.16662 36000
7.16662 37440
7.17857 34560
7.17857 36000
7.17857 37440
7.19052 34560
7.19052 36000
7.19052 37440
7.20248 34560
7.20248 36000
7.20248 37440
7.21443 34560
7.21443 36000
7.21443 37440
7.22638 34560
7.22638 36000
7.22638 37440
7.23833 34560
7.23833 36000
7.23833 37440
7.25028 34560
7.25028 36000
7.25028 37440
7.26224 34560
7.26224 36000
7.26224 37440
7.27419 34560
7.27419 36000
7.27419 37440
7.28016 36000
7.28016 37440
7.29212 34560
7.29212 36000
7.29212 37440
7.30407 34560
7.30407 36000
7.30407 37440
7.31602 34560
7.31602 36000
7.31602 37440
7.32797 34560
7.32797 36000
7.32797 37440
7.33992 34560
7.33992 36000
7.33992 37440
7.35188 34560
7.35188 36000
7.35188 37440
7.36383 34560
7.36383 36000
7.36383 37440
7.37578 34560
7.37578 36000
7.37578 37440
7.38773 34560
7.38773 36000
7.38773 37440
7.39968 34560
7.39968 36000
7.39968 37440
7.41164 34560
7.41164 36000
7.41164 37440
7.42359 34560
7.42359 36000
7.42359 37440
7.43554 34560
7.43554 36000
7.43554 37440
7.44749 34560
7.44749 36000
7.44749 37440
7.45944 34560
7.45944 36000
7.45944 37440
7.4714 34560
7.4714 36000
7.4714 37440
7.4714 38880
7.48335 36000
7.48335 37440
7.48335 38880
7.4953 36000
7.4953 37440
7.4953 38880
7.50725 36000
7.50725 37440
7.50725 38880
7.5192 36000
7.5192 37440
7.5192 38880
7.53116 36000
7.53116 37440
7.53116 38880
7.54311 36000
7.54311 37440
7.54311 38880
7.55506 36000
7.55506 37440
7.55506 38880
7.56701 36000
7.56701 37440
7.56701 38880
7.57896 36000
7.57896 37440
7.57896 38880
7.59092 36000
7.59092 37440
7.59092 38880
7.59689 37440
7.59689 38880
7.60884 36000
7.60884 37440
7.60884 38880
7.6208 36000
7.6208 37440
7.6208 38880
7.63275 36000
7.63275 37440
7.63275 38880
7.6447 36000
7.6447 37440
7.6447 38880
7.65665 36000
7.65665 37440
7.65665 38880
7.6686 36000
7.6686 37440
7.6686 38880
7.68056 36000
7.68056 37440
7.68056 38880
7.69251 36000
7.69251 37440
7.69251 38880
7.70446 36000
7.70446 37440
7.70446 38880
7.71641 36000
7.71641 37440
7.71641 38880
7.72836 36000
7.72836 37440
7.72836 38880
7.73434 37440
7.73434 38880
7.74629 36000
7.74629 37440
7.74629 38880
7.75824 36000
7.75824 37440
7.75824 38880
7.7702 36000
7.7702 37440
7.7702 38880
7.78215 36000
7.78215 37440
7.78215 38880
7.7941 36000
7.7941 37440
7.7941 38880
7.80605 36000
7.80605 37440
7.80605 38880
7.80605 40320
7.818 37440
7.818 38880
7.818 40320
7.82996 37440
7.82996 38880
7.82996 40320
7.84191 37440
7.84191 38880
7.84191 40320
7.85386 37440
7.85386 38880
7.85386 40320
7.86581 37440
7.86581 38880
7.86581 40320
7.87776 37440
7.87776 38880
7.87776 40320
7.88972 37440
7.88972 38880
7.88972 40320
7.90167 37440
7.90167 38880
7.90167 40320
7.91362 37440
7.91362 38880
7.91362 40320
7.92557 37440
7.92557 38880
7.92557 40320
7.93155 38880
7.93155 40320
7.9435 37440
7.9435 38880
7.9435 40320
7.95545 37440
7.95545 38880
7.95545 40320
7.9674 37440
7.9674 38880
7.9674 40320
7.97936 37440
7.97936 38880
7.97936 40320
7.99131 37440
7.99131 38880
7.99131 40320
8.00326 37440
8.00326 38880
8.00326 40320
8.01521 37440
8.01521 38880
8.01521 40320
8.02716 37440
8.02716 38880
8.02716 40320
8.03912 37440
8.03912 38880
8.03912 40320
8.05107 37440
8.05107 38880
8.05107 40320
8.05704 38880
8.05704 40320
8.069 37440
8.069 38880
8.069 40320
8.08095 37440
8.08095 38880
8.08095 40320
8.0929 37440
8.0929 38880
8.0929 40320
8.10485 37440
8.10485 38880
8.10485 40320
8.1168 37440
8.1168 38880
8.1168 40320
8.12876 37440
8.12876 38880
8.12876 40320
8.14071 37440
8.14071 38880
8.14071 40320
8.15266 37440
8.15266 38880
8.15266 40320
8.16461 37440
8.16461 38880
8.16461 40320
8.16461 41760
8.17656 38880
8.17656 40320
8.17656 41760
8.18852 38880
8.18852 40320
8.18852 41760
8.19449 40320
8.19449 41760
8.20644 38880
8.20644 40320
8.20644 41760
8.2184 38880
8.2184 40320
8.2184 41760
8.23035 38880
8.23035 40320
8.23035 41760
8.2423 38880
8.2423 40320
8.2423 41760
8.25425 38880
8.25425 40320
8.25425 41760
8.2662 38880
8.2662 40320
8.2662 41760
8.27218 40320
8.27218 41760
8.28413 38880
8.28413 40320
8.28413 41760
8.29608 38880
8.29608 40320
8.29608 41760
8.30804 38880
8.30804 40320
8.30804 41760
8.31999 38880
8.31999 40320
8.31999 41760
8.33194 38880
8.33194 40320
8.33194 41760
8.34389 38880
8.34389 40320
8.34389 41760
8.35584 38880
8.35584 40320
8.35584 41760
8.3678 38880
8.3678 40320
8.3678 41760
8.37975 38880
8.37975 40320
8.37975 41760
8.3917 38880
8.3917 40320
8.3917 41760
8.39768 40320
8.39768 41760
8.40963 38880
8.40963 40320
8.40963 41760
8.42158 38880
8.42158 40320
8.42158 41760
8.43353 38880
8.43353 40320
8.43353 41760
8.44548 38880
8.44548 40320
8.44548 41760
8.45744 38880
8.45744 40320
8.45744 41760
8.46939 38880
8.46939 40320
8.46939 41760
8.48134 38880
8.48134 40320
8.48134 41760
8.49329 38880
8.49329 40320
8.49329 41760
8.50524 38880
8.50524 40320
8.50524 41760
8.5172 38880
8.5172 40320
8.5172 41760
8.52317 40320
8.52317 41760
8.53512 38880
8.53512 40320
8.53512 41760
8.54708 38880
8.54708 40320
8.54708 41760
8.54708 43200
8.55903 40320
8.55903 41760
8.55903 43200
8.57098 40320
8.57098 41760
8.57098 43200
8.58293 40320
8.58293 41760
8.58293 43200
8.59488 40320
8.59488 41760
8.59488 43200
8.60684 40320
8.60684 41760
8.60684 43200
8.61879 40320
8.61879 41760
8.61879 43200
8.63074 40320
8.63074 41760
8.63074 43200
8.63672 41760
8.63672 43200
8.64867 40320
8.64867 41760
8.64867 43200
8.66062 40320
8.66062 41760
8.66062 43200
8.6666 41760
8.6666 43200
8.67855 40320
8.67855 41760
8.67855 43200
8.6905 40320
8.6905 41760
8.6905 43200
8.70245 40320
8.70245 41760
8.70245 43200
8.7144 40320
8.7144 41760
8.7144 43200
8.72636 40320
8.72636 41760
8.72636 43200
8.73831 40320
8.73831 41760
8.73831 43200
8.74428 41760
8.74428 43200
8.75624 40320
8.75624 41760
8.75624 43200
8.76819 40320
8.76819 41760
8.76819 43200
8.78014 40320
8.78014 41760
8.78014 43200
8.79209 40320
8.79209 41760
8.79209 43200
8.80404 40320
8.80404 41760
8.80404 43200
8.816 40320
8.816 41760
8.816 43200
8.82795 40320
8.82795 41760
8.82795 43200
8.8399 40320
8.8399 41760
8.8399 43200
8.85185 40320
8.85185 41760
8.85185 43200
8.8638 40320
8.8638 41760
8.8638 43200
8.86978 41760
8.86978 43200
8.88173 40320
8.88173 41760
8.88173 43200
8.89368 40320
8.89368 41760
8.89368 43200
8.90564 40320
8.90564 41760
8.90564 43200
8.91759 40320
8.91759 41760
8.91759 43200
8.92954 40320
8.92954 41760
8.92954 43200
8.94149 40320
8.94149 41760
8.94149 43200
8.94149 44640
8.95344 41760
8.95344 43200
8.95344 44640
8.9654 41760
8.9654 43200
8.9654 44640
8.97735 41760
8.97735 43200
8.97735 44640
8.9893 41760
8.9893 43200
8.9893 44640
8.99528 43200
8.99528 44640
9.00723 41760
9.00723 43200
9.00723 44640
9.01918 41760
9.01918 43200
9.01918 44640
9.02516 43200
9.02516 44640
9.03711 41760
9.03711 43200
9.03711 44640
9.04906 41760
9.04906 43200
9.04906 44640
9.06101 41760
9.06101 43200
9.06101 44640
9.07296 41760
9.07296 43200
9.07296 44640
9.08492 41760
9.08492 43200
9.08492 44640
9.09687 41760
9.09687 43200
9.09687 44640
9.10882 41760
9.10882 43200
9.10882 44640
9.1148 43200
9.1148 44640
9.12675 41760
9.12675 43200
9.12675 44640
9.1387 41760
9.1387 43200
9.1387 44640
9.14468 43200
9.14468 44640
9.15663 41760
9.15663 43200
9.15663 44640
9.16858 41760
9.16858 43200
9.16858 44640
9.18053 41760
9.18053 43200
9.18053 44640
9.19248 41760
9.19248 43200
9.19248 44640
9.20444 41760
9.20444 43200
9.20444 44640
9.21639 41760
9.21639 43200
9.21639 44640
9.22236 43200
9.22236 44640
9.23432 41760
9.23432 43200
9.23432 44640
9.24627 41760
9.24627 43200
9.24627 44640
9.25822 41760
9.25822 43200
9.25822 44640
9.27017 41760
9.27017 43200
9.27017 44640
9.28212 41760
9.28212 43200
9.28212 44640
9.29408 41760
9.29408 43200
9.29408 44640
9.30603 41760
9.30603 43200
9.30603 44640
9.31798 41760
9.31798 43200
9.31798 44640
9.32993 41760
9.32993 43200
9.32993 44640
9.34188 41760
9.34188 43200
9.34188 44640
9.34786 43200
9.34786 44640
9.35981 41760
9.35981 43200
9.35981 44640
9.35981 46080
9.37176 43200
9.37176 44640
9.37176 46080
9.38372 43200
9.38372 44640
9.38372 46080
9.39567 43200
9.39567 44640
9.39567 46080
9.40762 43200
9.40762 44640
9.40762 46080
9.41957 43200
9.41957 44640
9.41957 46080
9.42555 44640
9.42555 46080
9.4375 43200
9.4375 44640
9.4375 46080
9.44945 43200
9.44945 44640
9.44945 46080
9.4614 43200
9.4614 44640
9.4614 46080
9.47336 43200
9.47336 44640
9.47336 46080
9.47933 44640
9.47933 46080
9.49128 43200
9.49128 44640
9.49128 46080
9.50324 43200
9.50324 44640
9.50324 46080
9.50921 44640
9.50921 46080
9.52116 43200
9.52116 44640
9.52116 46080
9.53312 43200
9.53312 44640
9.53312 46080
9.54507 43200
9.54507 44640
9.54507 46080
9.55702 43200
9.55702 44640
9.55702 46080
9.56897 43200
9.56897 44640
9.56897 46080
9.58092 43200
9.58092 44640
9.58092 46080
9.59288 43200
9.59288 44640
9.59288 46080
9.59885 44640
9.59885 46080
9.6108 43200
9.6108 44640
9.6108 46080
9.62276 43200
9.62276 44640
9.62276 46080
9.62873 44640
9.62873 46080
9.64068 43200
9.64068 44640
9.64068 46080
9.65264 43200
9.65264 44640
9.65264 46080
9.66459 43200
9.66459 44640
9.66459 46080
9.67654 43200
9.67654 44640
9.67654 46080
9.68849 43200
9.68849 44640
9.68849 46080
9.70044 43200
9.70044 44640
9.70044 46080
9.70642 44640
9.70642 46080
9.71837 43200
9.71837 44640
9.71837 46080
9.73032 43200
9.73032 44640
9.73032 46080
9.74228 43200
9.74228 44640
9.74228 46080
9.75423 43200
9.75423 44640
9.75423 46080
9.76618 43200
9.76618 44640
9.76618 46080
9.77813 43200
9.77813 44640
9.77813 46080
9.77813 47520
9.79008 44640
9.79008 46080
9.79008 47520
9.80204 44640
9.80204 46080
9.80204 47520
9.81399 44640
9.81399 46080
9.81399 47520
9.82594 44640
9.82594 46080
9.82594 47520
9.83192 46080
9.83192 47520
9.84387 44640
9.84387 46080
9.84387 47520
9.84984 46080
9.84984 47520
9.8618 44640
9.8618 46080
9.8618 47520
9.87375 44640
9.87375 46080
9.87375 47520
9.8857 44640
9.8857 46080
9.8857 47520
9.89765 44640
9.89765 46080
9.89765 47520
9.9096 44640
9.9096 46080
9.9096 47520
9.91558 46080
9.91558 47520
9.92753 44640
9.92753 46080
9.92753 47520
9.93948 44640
9.93948 46080
9.93948 47520
9.95144 44640
9.95144 46080
9.95144 47520
9.96339 44640
9.96339 46080
9.96339 47520
9.96936 46080
9.96936 47520
9.98132 44640
9.98132 46080
9.98132 47520
9.99327 44640
9.99327 46080
9.99327 47520
9.99924 46080
9.99924 47520
10.0112 44640
10.0112 46080
10.0112 47520
10.0231 44640
10.0231 46080
10.0231 47520
10.0351 44640
10.0351 46080
10.0351 47520
10.0471 44640
10.0471 46080
10.0471 47520
10.059 44640
10.059 46080
10.059 47520
10.071 44640
10.071 46080
10.071 47520
10.0829 44640
10.0829 46080
10.0829 47520
10.0889 46080
10.0889 47520
