0.0905768 1
0.0905768 1441
0.0905768 2881
0.0905768 4321
0.0905768 5761
0.0905768 7201
0.0905768 8641
0.0905768 10081
0.0905768 11521
0.0905768 12961
0.0905768 14401
0.18807 15841
0.18807 17281
0.200022 18721
0.200022 20161
0.200022 21601
0.211974 23041
0.211974 24481
0.211974 25921
0.223926 27361
0.223926 28801
0.223926 30241
0.235878 31681
0.235878 33121
0.235878 34561
0.285521 36001
0.285521 37441
0.285521 38881
0.297473 40321
0.297473 41761
0.297473 43201
0.309425 44641
0.309425 46081
0.309425 47521
0.321377 48961
0.321377 50401
0.321377 51841
0.333329 53281
0.333329 54721
0.333329 56161
0.345281 57601
0.345281 59041
0.345281 60481
0.357233 61921
0.357233 63361
0.357233 64801
0.382971 66241
0.382971 67681
0.382971 69121
0.394923 70561
0.394923 72001
0.394923 73441
0.406875 74881
0.406875 76321
0.406875 77761
0.418827 79201
0.418827 80641
0.418827 82081
0.430779 83521
0.430779 84961
0.430779 86401
0.442731 87841
0.442731 89281
0.442731 90721
0.454683 92161
0.454683 93601
0.454683 95041
0.466635 96481
0.466635 97921
0.466635 99361
0.478587 100801
0.478587 102241
0.478587 103681
0.490539 105121
0.490539 106561
0.490539 108001
0.502491 109441
0.502491 110881
0.502491 112321
0.514443 113761
0.514443 115201
0.514443 116641
0.526395 118081
0.526395 119521
0.526395 120961
0.538347 122401
0.538347 123841
0.538347 125281
0.550299 126721
0.550299 128161
0.550299 129601
0.562251 131041
0.562251 132481
0.562251 133921
0.574203 135361
0.574203 136801
0.574203 138241
0.586155 139681
0.586155 141121
0.586155 142561
0.598107 144001
0.598107 145441
0.598107 146881
0.610059 148321
0.610059 149761
0.610059 151201
0.622011 152641
0.622011 154081
0.622011 155521
0.633963 156961
0.633963 158401
0.633963 159841
0.645915 161281
0.645915 162721
0.645915 164161
0.657867 165601
0.657867 167041
0.657867 168481
0.669819 169921
0.669819 171361
0.669819 172801
0.681771 174241
0.681771 175681
0.681771 177121
0.693723 178561
0.693723 180001
0.693723 181441
0.705675 182881
0.705675 184321
0.705675 185761
0.717627 187201
0.717627 188641
0.717627 190081
0.729579 191521
0.729579 192961
0.729579 194401
0.741531 195841
0.741531 197281
0.741531 198721
0.753483 200161
0.753483 201601
0.753483 203041
0.765435 204481
0.765435 205921
0.765435 207361
0.777387 208801
0.777387 210241
0.777387 211681
0.789339 213121
0.789339 214561
0.789339 216001
0.801291 217441
0.801291 218881
0.801291 220321
0.813243 221761
0.813243 223201
0.813243 224641
0.825195 226081
0.825195 227521
0.825195 228961
0.837147 230401
0.837147 231841
0.837147 233281
0.849099 234721
0.849099 236161
0.849099 237601
0.861051 239041
0.861051 240481
0.861051 241921
0.873003 243361
0.873003 244801
0.873003 246241
0.884955 247681
0.884955 249121
0.884955 250561
0.896907 252001
0.896907 253441
0.896907 254881
0.908859 256321
0.908859 257761
0.908859 259201
0.920811 260641
0.920811 262081
0.920811 263521
0.932763 264961
0.932763 266401
0.932763 267841
0.944715 269281
0.944715 270721
0.944715 272161
0.956667 273601
0.956667 275041
0.956667 276481
0.968619 277921
0.968619 279361
0.968619 280801
0.980571 282241
0.980571 283681
0.980571 285121
0.992523 286561
0.992523 288001
0.992523 289441
1.00448 290881
1.00448 292321
1.00448 293761
1.01643 295201
1.01643 296641
1.01643 298081
1.02838 299521
1.02838 300961
1.02838 302401
1.04033 303841
1.04033 305281
1.04033 306721
1.05228 308161
1.05228 309601
1.05228 311041
1.06424 312481
1.06424 313921
1.06424 315361
1.07619 316801
1.07619 318241
1.07619 319681
1.08814 321121
1.08814 322561
1.08814 324001
1.10009 325441
1.10009 326881
1.10009 328321
1.11204 329761
1.11204 331201
1.11204 332641
1.124 334081
1.124 335521
1.124 336961
1.13595 338401
1.13595 339841
1.13595 341281
1.1479 342721
1.1479 344161
1.1479 345601
1.15985 347041
1.15985 348481
1.15985 349921
1.1718 351361
1.1718 352801
1.1718 354241
1.18376 355681
1.18376 357121
1.18376 358561
1.19571 360001
1.19571 361441
1.19571 362881
1.20766 364321
1.20766 365761
1.20766 367201
1.21961 368641
1.21961 370081
1.21961 371521
1.23156 372961
1.23156 374401
1.23156 375841
1.24352 377281
1.24352 378721
1.24352 380161
1.25547 381601
1.25547 383041
1.25547 384481
1.26742 385921
1.26742 387361
1.26742 388801
1.27937 390241
1.27937 391681
1.27937 393121
1.29132 394561
1.29132 396001
1.29132 397441
1.30328 398881
1.30328 400321
1.30328 401761
1.31523 403201
1.31523 404641
1.31523 406081
1.32718 407521
1.32718 408961
1.32718 410401
1.33913 411841
1.33913 413281
1.33913 414721
1.35108 416161
1.35108 417601
1.35108 419041
1.36304 420481
1.36304 421921
1.36304 423361
1.37499 424801
1.37499 426241
1.37499 427681
1.38694 429121
1.38694 430561
1.38694 432001
1.39889 433441
1.39889 434881
1.39889 436321
1.41084 437761
1.41084 439201
1.41084 440641
1.4228 442081
1.4228 443521
1.4228 444961
1.43475 446401
1.43475 447841
1.43475 449281
1.4467 450721
1.4467 452161
1.4467 453601
1.45865 455041
1.45865 456481
1.45865 457921
1.4706 459361
1.4706 460801
1.4706 462241
1.48256 463681
1.48256 465121
1.48256 466561
1.49451 468001
1.49451 469441
1.49451 470881
1.50646 472321
1.50646 473761
1.50646 475201
1.51841 476641
1.51841 478081
1.51841 479521
1.53036 480961
1.53036 482401
1.53036 483841
1.54232 485281
1.54232 486721
1.54232 488161
1.55427 489601
1.55427 491041
1.55427 492481
1.56622 493921
1.56622 495361
1.56622 496801
1.57817 498241
1.57817 499681
1.57817 501121
1.59012 502561
1.59012 504001
1.59012 505441
1.60208 506881
1.60208 508321
1.60208 509761
1.61403 511201
1.61403 512641
1.61403 514081
1.62598 515521
1.62598 516961
1.62598 518401
1.63793 519841
1.63793 521281
1.63793 522721
1.64988 524161
1.64988 525601
1.64988 527041
1.66184 528481
1.66184 529921
1.66184 531361
1.67379 532801
1.67379 534241
1.67379 535681
1.68574 537121
1.68574 538561
1.68574 540001
1.69769 541441
1.69769 542881
1.69769 544321
1.70964 545761
1.70964 547201
1.70964 548641
1.7216 550081
1.7216 551521
1.7216 552961
1.73355 554401
1.73355 555841
1.73355 557281
1.7455 558721
1.7455 560161
1.7455 561601
1.75745 563041
1.75745 564481
1.75745 565921
1.7694 567361
1.7694 568801
1.7694 570241
1.78136 571681
1.78136 573121
1.78136 574561
1.79331 576001
1.79331 577441
1.79331 578881
1.80526 580321
1.80526 581761
1.80526 583201
1.81721 584641
1.81721 586081
1.81721 587521
1.82916 588961
1.82916 590401
1.82916 591841
1.84112 593281
1.84112 594721
1.84112 596161
1.85307 597601
1.85307 599041
1.85307 600481
1.86502 601921
1.86502 603361
1.86502 604801
1.87697 606241
1.87697 607681
1.87697 609121
1.88892 610561
1.88892 612001
1.88892 613441
1.90088 614881
1.90088 616321
1.90088 617761
1.91283 619201
1.91283 620641
1.91283 622081
1.92478 623521
1.92478 624961
1.92478 626401
1.93673 627841
1.93673 629281
1.93673 630721
1.94868 632161
1.94868 633601
1.94868 635041
1.96064 636481
1.96064 637921
1.96064 639361
1.97259 640801
1.97259 642241
1.97259 643681
1.98454 645121
1.98454 646561
1.98454 648001
1.99649 649441
1.99649 650881
1.99649 652321
2.00844 653761
2.00844 655201
2.00844 656641
2.0204 658081
2.0204 659521
2.0204 660961
2.03235 662401
2.03235 663841
2.03235 665281
2.0443 666721
2.0443 668161
2.0443 669601
2.05625 671041
2.05625 672481
2.05625 673921
2.0682 675361
2.0682 676801
2.0682 678241
2.08016 679681
2.08016 681121
2.08016 682561
2.09211 684001
2.09211 685441
2.09211 686881
2.10406 688321
2.10406 689761
2.10406 691201
2.11601 692641
2.11601 694081
2.11601 695521
2.12796 696961
2.12796 698401
2.12796 699841
2.13992 701281
2.13992 702721
2.13992 704161
2.15187 705601
2.15187 707041
2.15187 708481
2.16382 709921
2.16382 711361
2.16382 712801
2.17577 714241
2.17577 715681
2.17577 717121
2.18772 718561
2.18772 720001
2.18772 721441
2.19968 722881
2.19968 724321
2.19968 725761
2.21163 727201
2.21163 728641
2.21163 730081
2.22358 731521
2.22358 732961
2.22358 734401
2.23553 735841
2.23553 737281
2.23553 738721
2.24748 740161
2.24748 741601
2.24748 743041
2.25944 744481
2.25944 745921
2.25944 747361
2.27139 748801
2.27139 750241
2.27139 751681
2.28334 753121
2.28334 754561
2.28334 756001
2.29529 757441
2.29529 758881
2.29529 760321
2.30724 761761
2.30724 763201
2.30724 764641
2.3192 766081
2.3192 767521
2.3192 768961
2.33115 770401
2.33115 771841
2.33115 773281
2.3431 774721
2.3431 776161
2.3431 777601
2.35505 779041
2.35505 780481
2.35505 781921
2.367 783361
2.367 784801
2.367 786241
2.37896 787681
2.37896 789121
2.37896 790561
2.39091 792001
2.39091 793441
2.39091 794881
2.40286 796321
2.40286 797761
2.40286 799201
2.41481 800641
2.41481 802081
2.41481 803521
2.42676 804961
2.42676 806401
2.42676 807841
2.43872 809281
2.43872 810721
2.43872 812161
2.45067 813601
2.45067 815041
2.45067 816481
2.46262 817921
2.46262 819361
2.46262 820801
2.47457 822241
2.47457 823681
2.48055 825121
2.48652 826561
2.4925 538561
3.0901 826561
3.0901 828001
3.09608 829441
3.10205 830881
3.10803 832321
3.114 833761
3.11998 835201
3.12596 836641
3.13193 838081
3.13791 839521
3.14388 840961
3.14986 842401
3.15584 843841
3.16181 845281
3.16779 846721
3.17376 848161
3.17974 849601
3.18572 851041
3.19169 852481
3.19767 853921
3.20364 855361
3.20962 856801
3.2156 858241
3.22157 859681
3.22755 861121
3.23352 862561
3.2395 864001
3.24548 865441
3.25145 866881
3.25743 868321
3.2634 869761
3.26938 871201
3.27536 542881
3.27536 871201
3.27536 872641
3.28133 874081
3.28731 875521
3.29328 876961
3.29926 878401
3.30524 879841
3.31121 881281
3.31719 882721
3.32316 884161
3.32914 885601
3.33512 887041
3.34109 888481
3.34707 889921
3.35304 891361
3.35902 892801
3.365 894241
3.37097 895681
3.37695 897121
3.38292 898561
3.3889 900001
3.39488 901441
3.40085 902881
3.40683 904321
3.4128 905761
3.41878 907201
3.42476 908641
3.43073 910081
3.43671 911521
3.44268 912961
3.44866 914401
3.45464 915841
3.46061 917281
3.46659 547201
3.46659 917281
3.46659 918721
3.47256 920161
3.47854 921601
3.48452 923041
3.49049 924481
3.49647 925921
3.50244 927361
3.50842 928801
3.5144 930241
3.52037 931681
3.52635 933121
3.53232 934561
3.5383 936001
3.54428 937441
3.55025 938881
3.55623 940321
3.5622 941761
3.56818 943201
3.57416 944641
3.58013 946081
3.58611 947521
3.59208 948961
3.59806 950401
3.60404 951841
3.61001 953281
3.61599 954721
3.62196 956161
3.62794 957601
3.63392 959041
3.63989 960481
3.64587 961921
3.65184 963361
3.65782 964801
3.6638 551521
3.6638 964801
3.6638 966241
3.66977 967681
3.67575 969121
3.68172 970561
3.6877 972001
3.69368 973441
3.69965 974881
3.70563 976321
3.7116 977761
3.71758 979201
3.72356 980641
3.72953 982081
3.73551 983521
3.74148 984961
3.74746 986401
3.75344 987841
3.75941 989281
3.76539 990721
3.77136 992161
3.77734 993601
3.78332 995041
3.78929 996481
3.79527 997921
3.80124 999361
3.80722 1000801
3.8132 1002241
3.81917 1003681
3.82515 1005121
3.83112 1006561
3.8371 1008001
3.84308 1009441
3.84905 1010881
3.85503 1012321
3.861 1013761
3.86698 555841
3.86698 1013761
3.86698 1015201
3.87296 1016641
3.87893 1018081
3.88491 1019521
3.89088 1020961
3.89686 1022401
3.90284 1023841
3.90881 1025281
3.91479 1026721
3.92076 1028161
3.92674 1029601
3.93272 1031041
3.93869 1032481
3.94467 1033921
3.95064 1035361
3.95662 1036801
3.9626 1038241
3.96857 1039681
3.97455 1041121
3.98052 1042561
3.9865 1044001
3.99248 1045441
3.99845 1046881
4.00443 1048321
4.0104 1049761
4.01638 1051201
4.02236 1052641
4.02833 1054081
4.03431 1055521
4.04028 1056961
4.04626 1058401
4.05224 1059841
4.05821 1061281
4.06419 1062721
4.07016 1064161
4.07614 560161
4.07614 1064161
4.07614 1065601
4.08212 1067041
4.08809 1068481
4.09407 1069921
4.10004 1071361
4.10602 1072801
4.112 1074241
4.11797 1075681
4.12395 1077121
4.12992 1078561
4.1359 1080001
4.14188 1081441
4.14785 1082881
4.15383 1084321
4.1598 1085761
4.16578 1087201
4.17176 1088641
4.17773 1090081
4.18371 1091521
4.18968 1092961
4.19566 1094401
4.20164 1095841
4.20761 1097281
4.21359 1098721
4.21956 1100161
4.22554 1101601
4.23152 1103041
4.23749 1104481
4.24347 1105921
4.24944 1107361
4.25542 1108801
4.2614 1110241
4.26737 1111681
4.27335 1113121
4.27536 560161
4.27536 561601
4.29128 564481
4.29128 565921
4.29128 567361
4.50641 568801
4.50641 570241
4.50641 571681
4.50641 573121
4.60386 574561
4.60386 576001
4.60386 577441
4.60386 578881
4.70131 580321
4.70131 581761
4.70131 583201
4.70131 584641
4.71924 586081
4.71924 587521
4.71924 588961
4.71924 590401
4.81071 591841
4.81071 593281
4.81071 594721
4.81071 596161
4.82864 597601
4.82864 599041
4.82864 600481
4.82864 601921
4.90816 603361
4.90816 604801
4.90816 606241
4.90816 607681
4.92609 609121
4.92609 610561
4.92609 612001
4.92609 613441
4.94402 614881
4.94402 616321
4.94402 617761
4.94402 619201
5.01159 620641
5.01159 622081
5.01159 623521
5.01159 624961
5.02952 626401
5.02952 627841
5.02952 629281
5.02952 630721
5.04745 632161
5.04745 633601
5.04745 635041
5.04745 636481
5.06538 637921
5.06538 639361
5.06538 640801
5.06538 642241
5.11502 643681
5.11502 645121
5.11502 646561
5.11502 648001
5.13295 649441
5.13295 650881
5.13295 652321
5.13295 653761
5.15087 655201
5.15087 656641
5.15087 658081
5.15087 659521
5.1688 660961
5.1688 662401
5.1688 663841
5.1688 665281
5.18673 666721
5.18673 668161
5.18673 669601
5.18673 671041
5.21247 672481
5.21247 673921
5.21247 675361
5.21247 676801
5.2304 678241
5.2304 679681
5.2304 681121
5.2304 682561
5.24832 684001
5.24832 685441
5.24832 686881
5.24832 688321
5.26625 689761
5.26625 691201
5.26625 692641
5.26625 694081
5.28418 695521
5.28418 696961
5.28418 698401
5.28418 699841
5.30211 701281
5.30211 702721
5.30211 704161
5.30211 705601
5.32004 707041
5.32004 708481
5.32004 709921
5.32004 711361
5.33796 712801
5.33796 714241
5.33796 715681
5.33796 717121
5.35589 718561
5.35589 720001
5.35589 721441
5.35589 722881
5.37382 724321
5.37382 725761
5.37382 727201
5.37382 728641
5.39175 730081
5.39175 731521
5.39175 732961
5.39175 734401
5.40968 735841
5.40968 737281
5.40968 738721
5.40968 740161
5.4276 741601
5.4276 743041
5.4276 744481
5.4276 745921
5.44553 747361
5.44553 748801
5.44553 750241
5.44553 751681
5.46346 753121
5.46346 754561
5.46346 756001
5.46346 757441
5.48139 758881
5.48139 760321
5.48139 761761
5.48139 763201
5.49932 764641
5.49932 766081
5.49932 767521
5.49932 768961
5.51724 770401
5.51724 771841
5.51724 773281
5.51724 774721
5.53517 776161
5.53517 777601
5.53517 779041
5.53517 780481
5.5531 781921
5.5531 783361
5.5531 784801
5.5531 786241
5.57103 787681
5.57103 789121
5.57103 790561
5.57103 792001
5.58896 793441
5.58896 794881
5.58896 796321
5.58896 797761
5.60688 799201
5.60688 800641
5.60688 802081
5.60688 803521
5.62481 804961
5.62481 806401
5.62481 807841
5.62481 809281
5.64274 810721
5.64274 812161
5.64274 813601
5.64274 815041
5.66067 816481
5.66067 817921
5.66067 819361
5.66067 820801
5.6786 822241
5.6786 823681
5.6786 825121
5.6786 826561
5.69652 828001
5.69652 829441
5.69652 830881
5.69652 832321
5.71445 833761
5.71445 835201
5.71445 836641
5.71445 838081
5.73238 839521
5.73238 840961
5.73238 842401
5.75031 843841
5.75031 845281
5.75031 846721
5.76824 848161
5.76824 849601
5.76824 851041
5.78616 852481
5.78616 853921
5.78616 855361
5.80409 856801
5.80409 858241
5.80409 859681
5.82202 861121
5.82202 862561
5.82202 864001
5.83995 865441
5.83995 866881
5.83995 868321
5.85788 869761
5.85788 871201
5.85788 872641
5.8758 874081
5.8758 875521
5.8758 876961
5.89373 878401
5.89373 879841
5.89373 881281
5.91166 882721
5.91166 884161
5.91166 885601
5.92959 887041
5.92959 888481
5.92959 889921
5.94752 1113121
5.94752 1114561
5.94752 1116001
5.94752 1117441
5.94752 1118881
5.94752 1120321
5.94752 1121761
5.94752 1123201
5.94752 1124641
5.94752 1126081
5.94752 1127521
5.94752 1128961
5.94752 1130401
5.94752 1131841
5.94752 1133281
5.94752 1134721
5.94752 1136161
5.94752 1137601
5.94752 1139041
5.94752 1140481
5.94752 1141921
5.94752 1143361
5.94752 1144801
5.94752 1146241
5.94752 1147681
5.94752 1149121
5.94752 1150561
5.94752 1152001
5.94752 1153441
5.94752 1154881
5.94752 1156321
5.94752 1157761
5.94752 1159201
5.94752 1160641
5.94752 1162081
5.94752 1163521
5.94752 1164961
5.94752 1166401
5.94752 1167841
5.94752 1169281
5.94752 1170721
5.94752 1172161
5.94752 1173601
5.94752 1175041
5.94752 1176481
5.94752 1177921
5.94752 1179361
5.94752 1180801
5.94752 1182241
5.94752 1183681
5.95349 1185121
5.95947 1186561
5.96544 1113121
6.11484 1186561
6.11484 1188001
6.12082 1189441
6.1268 1190881
6.13277 1192321
6.13875 1193761
6.14472 1195201
6.1507 1196641
6.15668 1198081
6.16265 1199521
6.16863 1200961
6.1746 1202401
6.18058 1203841
6.18656 1205281
6.19253 1206721
6.19851 1208161
6.20448 1209601
6.21046 1211041
6.21644 1212481
6.22241 1213921
6.22839 1215361
6.23436 1216801
6.24632 1116001
6.24632 1216801
6.24632 1218241
6.25827 1118881
6.25827 1218241
6.25827 1219681
6.27022 1121761
6.27022 1219681
6.27022 1221121
6.28217 1124641
6.28217 1221121
6.28217 1222561
6.29412 1127521
6.29412 1222561
6.29412 1224001
6.30608 1130401
6.30608 1224001
6.30608 1225441
6.31803 1133281
6.31803 1225441
6.31803 1226881
6.32998 1136161
6.32998 1226881
6.32998 1228321
6.34193 1139041
6.34193 1228321
6.34193 1229761
6.35388 1141921
6.35388 1229761
6.35388 1231201
6.36584 1144801
6.36584 1231201
6.36584 1232641
6.37779 1147681
6.37779 1232641
6.37779 1234081
6.38974 1150561
6.38974 1234081
6.38974 1235521
6.40169 1153441
6.40169 1235521
6.40169 1236961
6.41364 1156321
6.41364 1236961
6.41364 1238401
6.4256 1159201
6.4256 1238401
6.4256 1239841
6.43755 1162081
6.43755 1239841
6.43755 1241281
6.4495 1164961
6.4495 1241281
6.4495 1242721
6.46145 1167841
6.46145 1242721
6.46145 1244161
6.4734 1170721
6.4734 1244161
6.4734 1245601
6.48536 1173601
6.48536 1245601
6.48536 1247041
6.49731 1176481
6.49731 1247041
6.49731 1248481
6.50926 1179361
6.50926 1248481
6.50926 1249921
6.52121 1182241
6.52121 1249921
6.52121 1251361
6.53316 1185121
6.53316 1251361
6.53316 1252801
6.54512 1186561
6.54512 1188001
6.54512 1252801
6.54512 1254241
6.55707 1189441
6.55707 1190881
6.55707 1254241
6.55707 1255681
6.56902 1192321
6.56902 1193761
6.56902 1255681
6.56902 1257121
6.58097 1195201
6.58097 1196641
6.58097 1257121
6.58097 1258561
6.59292 1198081
6.59292 1199521
6.59292 1258561
6.59292 1260001
6.60488 1200961
6.60488 1202401
6.60488 1260001
6.60488 1261441
6.61683 1203841
6.61683 1205281
6.61683 1261441
6.61683 1262881
6.62878 1206721
6.62878 1208161
6.62878 1262881
6.62878 1264321
6.64073 1209601
6.64073 1211041
6.64073 1264321
6.64073 1265761
6.65268 1212481
6.65268 1213921
6.65268 1265761
6.65268 1267201
6.66464 1215361
6.66464 1216801
6.66464 1267201
6.66464 1268641
6.67659 1216801
6.67659 1218241
6.67659 1268641
6.67659 1270081
6.68854 1218241
6.68854 1219681
6.68854 1270081
6.68854 1271521
6.70049 1219681
6.70049 1221121
6.70049 1271521
6.70049 1272961
6.71244 1221121
6.71244 1222561
6.71244 1272961
6.71244 1274401
6.7244 1222561
6.7244 1224001
6.7244 1274401
6.7244 1275841
6.73635 1224001
6.73635 1225441
6.73635 1275841
6.73635 1277281
6.7483 1225441
6.7483 1226881
6.7483 1277281
6.7483 1278721
6.76025 1226881
6.76025 1228321
6.76025 1278721
6.76025 1280161
6.7722 1228321
6.7722 1229761
6.7722 1280161
6.7722 1281601
6.78416 1229761
6.78416 1231201
6.78416 1281601
6.78416 1283041
6.79611 1231201
6.79611 1232641
6.79611 1283041
6.79611 1284481
6.80806 1232641
6.80806 1234081
6.80806 1284481
6.80806 1285921
6.82001 1234081
6.82001 1235521
6.82001 1285921
6.82001 1287361
6.83196 1235521
6.83196 1236961
6.83196 1287361
6.83196 1288801
6.83196 1290241
6.84392 1236961
6.84392 1238401
6.84392 1290241
6.84392 1291681
6.85587 1238401
6.85587 1239841
6.85587 1291681
6.85587 1293121
6.86782 1239841
6.86782 1241281
6.86782 1293121
6.86782 1294561
6.87977 1241281
6.87977 1242721
6.87977 1294561
6.87977 1296001
6.89172 1242721
6.89172 1244161
6.89172 1296001
6.89172 1297441
6.90368 1244161
6.90368 1245601
6.90368 1297441
6.90368 1298881
6.91563 1245601
6.91563 1247041
6.91563 1298881
6.91563 1300321
6.92758 1247041
6.92758 1248481
6.92758 1300321
6.92758 1301761
6.93953 1248481
6.93953 1249921
6.93953 1301761
6.93953 1303201
6.95148 1249921
6.95148 1251361
6.95148 1303201
6.95148 1304641
6.96344 1251361
6.96344 1252801
6.96344 1304641
6.96344 1306081
6.97539 1252801
6.97539 1254241
6.97539 1306081
6.97539 1307521
6.98734 1254241
6.98734 1255681
6.98734 1307521
6.98734 1308961
6.99929 1255681
6.99929 1257121
6.99929 1308961
6.99929 1310401
7.01124 1257121
7.01124 1258561
7.01124 1310401
7.01124 1311841
7.0232 1258561
7.0232 1260001
7.0232 1311841
7.0232 1313281
7.03515 1260001
7.03515 1261441
7.03515 1313281
7.03515 1314721
7.0471 1261441
7.0471 1262881
7.0471 1314721
7.0471 1316161
7.05905 1262881
7.05905 1264321
7.05905 1316161
7.05905 1317601
7.071 1264321
7.071 1265761
7.071 1317601
7.071 1319041
7.08296 1265761
7.08296 1267201
7.08296 1319041
7.08296 1320481
7.09491 1267201
7.09491 1268641
7.09491 1320481
7.09491 1321921
7.10686 1268641
7.10686 1270081
7.10686 1321921
7.10686 1323361
7.11881 1270081
7.11881 1271521
7.11881 1323361
7.11881 1324801
7.13076 1271521
7.13076 1272961
7.13076 1324801
7.13076 1326241
7.14272 1272961
7.14272 1274401
7.14272 1326241
7.14272 1327681
7.14272 1329121
7.15467 1274401
7.15467 1275841
7.15467 1329121
7.15467 1330561
7.16662 1275841
7.16662 1277281
7.16662 1330561
7.16662 1332001
7.17857 1277281
7.17857 1278721
7.17857 1332001
7.17857 1333441
7.19052 1278721
7.19052 1280161
7.19052 1333441
7.19052 1334881
7.20248 1280161
7.20248 1281601
7.20248 1334881
7.20248 1336321
7.21443 1281601
7.21443 1283041
7.21443 1336321
7.21443 1337761
7.22638 1283041
7.22638 1284481
7.22638 1337761
7.22638 1339201
7.23833 1284481
7.23833 1285921
7.23833 1339201
7.23833 1340641
7.25028 1285921
7.25028 1287361
7.25028 1340641
7.25028 1342081
7.26224 1287361
7.26224 1288801
7.26224 1342081
7.26224 1343521
7.27419 1290241
7.27419 1291681
7.27419 1343521
7.27419 1344961
7.28016 1346401
7.29212 1291681
7.29212 1293121
7.29212 1346401
7.29212 1347841
7.30407 1293121
7.30407 1294561
7.30407 1347841
7.30407 1349281
7.31602 1294561
7.31602 1296001
7.31602 1349281
7.31602 1350721
7.32797 1296001
7.32797 1297441
7.32797 1350721
7.32797 1352161
7.33992 1297441
7.33992 1298881
7.33992 1352161
7.33992 1353601
7.35188 1298881
7.35188 1300321
7.35188 1353601
7.35188 1355041
7.36383 1300321
7.36383 1301761
7.36383 1355041
7.36383 1356481
7.37578 1301761
7.37578 1303201
7.37578 1356481
7.37578 1357921
7.38773 1303201
7.38773 1304641
7.38773 1357921
7.38773 1359361
7.39968 1304641
7.39968 1306081
7.39968 1359361
7.39968 1360801
7.41164 1306081
7.41164 1307521
7.41164 1360801
7.41164 1362241
7.42359 1307521
7.42359 1308961
7.42359 1362241
7.42359 1363681
7.43554 1308961
7.43554 1310401
7.43554 1363681
7.43554 1365121
7.44749 1310401
7.44749 1311841
7.44749 1365121
7.44749 1366561
7.45944 1311841
7.45944 1313281
7.45944 1366561
7.45944 1368001
7.4714 1313281
7.4714 1314721
7.4714 1368001
7.4714 1369441
7.4714 1370881
7.48335 1314721
7.48335 1316161
7.48335 1370881
7.48335 1372321
7.4953 1316161
7.4953 1317601
7.4953 1372321
7.4953 1373761
7.50725 1317601
7.50725 1319041
7.50725 1373761
7.50725 1375201
7.5192 1319041
7.5192 1320481
7.5192 1375201
7.5192 1376641
7.53116 1320481
7.53116 1321921
7.53116 1376641
7.53116 1378081
7.54311 1321921
7.54311 1323361
7.54311 1378081
7.54311 1379521
7.55506 1323361
7.55506 1324801
7.55506 1379521
7.55506 1380961
7.56701 1324801
7.56701 1326241
7.56701 1380961
7.56701 1382401
7.57896 1326241
7.57896 1327681
7.57896 1382401
7.57896 1383841
7.59092 1329121
7.59092 1330561
7.59092 1383841
7.59092 1385281
7.59689 1386721
7.60884 1330561
7.60884 1332001
7.60884 1386721
7.60884 1388161
7.6208 1332001
7.6208 1333441
7.6208 1388161
7.6208 1389601
7.63275 1333441
7.63275 1334881
7.63275 1389601
7.63275 1391041
7.6447 1334881
7.6447 1336321
7.6447 1391041
7.6447 1392481
7.65665 1336321
7.65665 1337761
7.65665 1392481
7.65665 1393921
7.6686 1337761
7.6686 1339201
7.6686 1393921
7.6686 1395361
7.68056 1339201
7.68056 1340641
7.68056 1395361
7.68056 1396801
7.69251 1340641
7.69251 1342081
7.69251 1396801
7.69251 1398241
7.70446 1342081
7.70446 1343521
7.70446 1398241
7.70446 1399681
7.71641 1343521
7.71641 1344961
7.71641 1399681
7.71641 1401121
7.72836 1346401
7.72836 1347841
7.72836 1401121
7.72836 1402561
7.73434 1404001
7.74629 1347841
7.74629 1349281
7.74629 1404001
7.74629 1405441
7.75824 1349281
7.75824 1350721
7.75824 1405441
7.75824 1406881
7.7702 1350721
7.7702 1352161
7.7702 1406881
7.7702 1408321
7.78215 1352161
7.78215 1353601
7.78215 1408321
7.78215 1409761
7.7941 1353601
7.7941 1355041
7.7941 1409761
7.7941 1411201
7.80605 1355041
7.80605 1356481
7.80605 1411201
7.80605 1412641
7.80605 1414081
7.818 1356481
7.818 1357921
7.818 1414081
7.818 1415521
7.82996 1357921
7.82996 1359361
7.82996 1415521
7.82996 1416961
7.84191 1359361
7.84191 1360801
7.84191 1416961
7.84191 1418401
7.85386 1360801
7.85386 1362241
7.85386 1418401
7.85386 1419841
7.86581 1362241
7.86581 1363681
7.86581 1419841
7.86581 1421281
7.87776 1363681
7.87776 1365121
7.87776 1421281
7.87776 1422721
7.88972 1365121
7.88972 1366561
7.88972 1422721
7.88972 1424161
7.90167 1366561
7.90167 1368001
7.90167 1424161
7.90167 1425601
7.91362 1368001
7.91362 1369441
7.91362 1425601
7.91362 1427041
7.92557 1370881
7.92557 1372321
7.92557 1427041
7.92557 1428481
7.93155 1429921
7.9435 1372321
7.9435 1373761
7.9435 1429921
7.9435 1431361
7.95545 1373761
7.95545 1375201
7.95545 1431361
7.95545 1432801
7.9674 1375201
7.9674 1376641
7.9674 1432801
7.9674 1434241
7.97936 1376641
7.97936 1378081
7.97936 1434241
7.97936 1435681
7.99131 1378081
7.99131 1379521
7.99131 1435681
7.99131 1437121
8.00326 1379521
8.00326 1380961
8.00326 1437121
8.00326 1438561
8.01521 1380961
8.01521 1382401
8.01521 1438561
8.01521 1440001
8.02716 1382401
8.02716 1383841
8.02716 1440001
8.02716 1441441
8.03912 1383841
8.03912 1385281
8.03912 1441441
8.03912 1442881
8.05107 1386721
8.05107 1388161
8.05107 1442881
8.05107 1444321
8.05704 1445761
8.069 1388161
8.069 1389601
8.069 1445761
8.069 1447201
8.08095 1389601
8.08095 1391041
8.08095 1447201
8.08095 1448641
8.0929 1391041
8.0929 1392481
8.0929 1448641
8.0929 1450081
8.10485 1392481
8.10485 1393921
8.10485 1450081
8.10485 1451521
8.1168 1393921
8.1168 1395361
8.1168 1451521
8.1168 1452961
8.12876 1395361
8.12876 1396801
8.12876 1452961
8.12876 1454401
8.14071 1396801
8.14071 1398241
8.14071 1454401
8.14071 1455841
8.15266 1398241
8.15266 1399681
8.15266 1455841
8.15266 1457281
8.16461 1399681
8.16461 1401121
8.16461 1457281
8.16461 1458721
8.16461 1460161
8.17656 1401121
8.17656 1402561
8.17656 1460161
8.17656 1461601
8.18852 1404001
8.18852 1405441
8.18852 1461601
8.18852 1463041
8.19449 1464481
8.20644 1405441
8.20644 1406881
8.20644 1464481
8.20644 1465921
8.2184 1406881
8.2184 1408321
8.2184 1465921
8.2184 1467361
8.23035 1408321
8.23035 1409761
8.23035 1467361
8.23035 1468801
8.2423 1409761
8.2423 1411201
8.2423 1468801
8.2423 1470241
8.25425 1411201
8.25425 1412641
8.25425 1470241
8.25425 1471681
8.2662 1414081
8.2662 1415521
8.2662 1471681
8.2662 1473121
8.27218 1474561
8.28413 1415521
8.28413 1416961
8.28413 1474561
8.28413 1476001
8.29608 1416961
8.29608 1418401
8.29608 1476001
8.29608 1477441
8.30804 1418401
8.30804 1419841
8.30804 1477441
8.30804 1478881
8.31999 1419841
8.31999 1421281
8.31999 1478881
8.31999 1480321
8.33194 1421281
8.33194 1422721
8.33194 1480321
8.33194 1481761
8.34389 1422721
8.34389 1424161
8.34389 1481761
8.34389 1483201
8.35584 1424161
8.35584 1425601
8.35584 1483201
8.35584 1484641
8.3678 1425601
8.3678 1427041
8.3678 1484641
8.3678 1486081
8.37975 1427041
8.37975 1428481
8.37975 1486081
8.37975 1487521
8.3917 1429921
8.3917 1431361
8.3917 1487521
8.3917 1488961
8.39768 1490401
8.40963 1431361
8.40963 1432801
8.40963 1490401
8.40963 1491841
8.42158 1432801
8.42158 1434241
8.42158 1491841
8.42158 1493281
8.43353 1434241
8.43353 1435681
8.43353 1493281
8.43353 1494721
8.44548 1435681
8.44548 1437121
8.44548 1494721
8.44548 1496161
8.45744 1437121
8.45744 1438561
8.45744 1496161
8.45744 1497601
8.46939 1438561
8.46939 1440001
8.46939 1497601
8.46939 1499041
8.48134 1440001
8.48134 1441441
8.48134 1499041
8.48134 1500481
8.49329 1441441
8.49329 1442881
8.49329 1500481
8.49329 1501921
8.50524 1442881
8.50524 1444321
8.50524 1501921
8.50524 1503361
8.5172 1445761
8.5172 1447201
8.5172 1503361
8.5172 1504801
8.52317 1506241
8.53512 1447201
8.53512 1448641
8.53512 1506241
8.53512 1507681
8.54708 1448641
8.54708 1450081
8.54708 1507681
8.54708 1509121
8.54708 1510561
8.55903 1450081
8.55903 1451521
8.55903 1510561
8.55903 1512001
8.57098 1451521
8.57098 1452961
8.57098 1512001
8.57098 1513441
8.58293 1452961
8.58293 1454401
8.58293 1513441
8.58293 1514881
8.59488 1454401
8.59488 1455841
8.59488 1514881
8.59488 1516321
8.60684 1455841
8.60684 1457281
8.60684 1516321
8.60684 1517761
8.61879 1457281
8.61879 1458721
8.61879 1517761
8.61879 1519201
8.63074 1460161
8.63074 1461601
8.63074 1519201
8.63074 1520641
8.63672 1522081
8.64867 1461601
8.64867 1463041
8.64867 1522081
8.64867 1523521
8.66062 1464481
8.66062 1465921
8.66062 1523521
8.66062 1524961
8.6666 1526401
8.67855 1465921
8.67855 1467361
8.67855 1526401
8.67855 1527841
8.6905 1467361
8.6905 1468801
8.6905 1527841
8.6905 1529281
8.70245 1468801
8.70245 1470241
8.70245 1529281
8.70245 1530721
8.7144 1470241
8.7144 1471681
8.7144 1530721
8.7144 1532161
8.72636 1471681
8.72636 1473121
8.72636 1532161
8.72636 1533601
8.73831 1474561
8.73831 1476001
8.73831 1533601
8.73831 1535041
8.74428 1536481
8.75624 1476001
8.75624 1477441
8.75624 1536481
8.75624 1537921
8.76819 1477441
8.76819 1478881
8.76819 1537921
8.76819 1539361
8.78014 1478881
8.78014 1480321
8.78014 1539361
8.78014 1540801
8.79209 1480321
8.79209 1481761
8.79209 1540801
8.79209 1542241
8.80404 1481761
8.80404 1483201
8.80404 1542241
8.80404 1543681
8.816 1483201
8.816 1484641
8.816 1543681
8.816 1545121
8.82795 1484641
8.82795 1486081
8.82795 1545121
8.82795 1546561
8.8399 1486081
8.8399 1487521
8.8399 1546561
8.8399 1548001
8.85185 1487521
8.85185 1488961
8.85185 1548001
8.85185 1549441
8.8638 1490401
8.8638 1491841
8.8638 1549441
8.8638 1550881
8.86978 1552321
8.88173 1491841
8.88173 1493281
8.88173 1552321
8.88173 1553761
8.89368 1493281
8.89368 1494721
8.89368 1553761
8.89368 1555201
8.90564 1494721
8.90564 1496161
8.90564 1555201
8.90564 1556641
8.91759 1496161
8.91759 1497601
8.91759 1556641
8.91759 1558081
8.92954 1497601
8.92954 1499041
8.92954 1558081
8.92954 1559521
8.94149 1499041
8.94149 1500481
8.94149 1559521
8.94149 1560961
8.94149 1562401
8.95344 1500481
8.95344 1501921
8.95344 1562401
8.95344 1563841
8.9654 1501921
8.9654 1503361
8.9654 1563841
8.9654 1565281
8.97735 1503361
8.97735 1504801
8.97735 1565281
8.97735 1566721
8.9893 1506241
8.9893 1507681
8.9893 1566721
8.9893 1568161
8.99528 1569601
9.00723 1507681
9.00723 1509121
9.00723 1569601
9.00723 1571041
9.01918 1510561
9.01918 1512001
9.01918 1571041
9.01918 1572481
9.02516 1573921
9.03711 1512001
9.03711 1513441
9.03711 1573921
9.03711 1575361
9.04906 1513441
9.04906 1514881
9.04906 1575361
9.04906 1576801
9.06101 1514881
9.06101 1516321
9.06101 1576801
9.06101 1578241
9.07296 1516321
9.07296 1517761
9.07296 1578241
9.07296 1579681
9.08492 1517761
9.08492 1519201
9.08492 1579681
9.08492 1581121
9.09687 1519201
9.09687 1520641
9.09687 1581121
9.09687 1582561
9.10882 1522081
9.10882 1523521
9.10882 1582561
9.10882 1584001
9.1148 1585441
9.12675 1523521
9.12675 1524961
9.12675 1585441
9.12675 1586881
9.1387 1526401
9.1387 1527841
9.1387 1586881
9.1387 1588321
9.14468 1589761
9.15663 1527841
9.15663 1529281
9.15663 1589761
9.15663 1591201
9.16858 1529281
9.16858 1530721
9.16858 1591201
9.16858 1592641
9.18053 1530721
9.18053 1532161
9.18053 1592641
9.18053 1594081
9.19248 1532161
9.19248 1533601
9.19248 1594081
9.19248 1595521
9.20444 1533601
9.20444 1535041
9.20444 1595521
9.20444 1596961
9.21639 1536481
9.21639 1537921
9.21639 1596961
9.21639 1598401
9.22236 1599841
9.23432 1537921
9.23432 1539361
9.23432 1599841
9.23432 1601281
9.24627 1539361
9.24627 1540801
9.24627 1601281
9.24627 1602721
9.25822 1540801
9.25822 1542241
9.25822 1602721
9.25822 1604161
9.27017 1542241
9.27017 1543681
9.27017 1604161
9.27017 1605601
9.28212 1543681
9.28212 1545121
9.28212 1605601
9.28212 1607041
9.29408 1545121
9.29408 1546561
9.29408 1607041
9.29408 1608481
9.30603 1546561
9.30603 1548001
9.30603 1608481
9.30603 1609921
9.31798 1548001
9.31798 1549441
9.31798 1609921
9.31798 1611361
9.32993 1549441
9.32993 1550881
9.32993 1611361
9.32993 1612801
9.34188 1552321
9.34188 1553761
9.34188 1612801
9.34188 1614241
9.34786 1615681
9.35981 1553761
9.35981 1555201
9.35981 1615681
9.35981 1617121
9.35981 1618561
9.37176 1555201
9.37176 1556641
9.37176 1618561
9.37176 1620001
9.38372 1556641
9.38372 1558081
9.38372 1620001
9.38372 1621441
9.39567 1558081
9.39567 1559521
9.39567 1621441
9.39567 1622881
9.40762 1559521
9.40762 1560961
9.40762 1622881
9.40762 1624321
9.41957 1562401
9.41957 1563841
9.41957 1624321
9.41957 1625761
9.42555 1627201
9.4375 1563841
9.4375 1565281
9.4375 1627201
9.4375 1628641
9.44945 1565281
9.44945 1566721
9.44945 1628641
9.44945 1630081
9.4614 1566721
9.4614 1568161
9.4614 1630081
9.4614 1631521
9.47336 1569601
9.47336 1571041
9.47336 1631521
9.47336 1632961
9.47933 1634401
9.49128 1571041
9.49128 1572481
9.49128 1634401
9.49128 1635841
9.50324 1573921
9.50324 1575361
9.50324 1635841
9.50324 1637281
9.50921 1638721
9.52116 1575361
9.52116 1576801
9.52116 1638721
9.52116 1640161
9.53312 1576801
9.53312 1578241
9.53312 1640161
9.53312 1641601
9.54507 1578241
9.54507 1579681
9.54507 1641601
9.54507 1643041
9.55702 1579681
9.55702 1581121
9.55702 1643041
9.55702 1644481
9.56897 1581121
9.56897 1582561
9.56897 1644481
9.56897 1645921
9.58092 1582561
9.58092 1584001
9.58092 1645921
9.58092 1647361
9.59288 1585441
9.59288 1586881
9.59288 1647361
9.59288 1648801
9.59885 1650241
9.6108 1586881
9.6108 1588321
9.6108 1650241
9.6108 1651681
9.62276 1589761
9.62276 1591201
9.62276 1651681
9.62276 1653121
9.62873 1654561
9.64068 1591201
9.64068 1592641
9.64068 1654561
9.64068 1656001
9.65264 1592641
9.65264 1594081
9.65264 1656001
9.65264 1657441
9.66459 1594081
9.66459 1595521
9.66459 1657441
9.66459 1658881
9.67654 1595521
9.67654 1596961
9.67654 1658881
9.67654 1660321
9.68849 1596961
9.68849 1598401
9.68849 1660321
9.68849 1661761
9.70044 1599841
9.70044 1601281
9.70044 1661761
9.70044 1663201
9.70642 1664641
9.71837 1601281
9.71837 1602721
9.71837 1664641
9.71837 1666081
9.73032 1602721
9.73032 1604161
9.73032 1666081
9.73032 1667521
9.74228 1604161
9.74228 1605601
9.74228 1667521
9.74228 1668961
9.75423 1605601
9.75423 1607041
9.75423 1668961
9.75423 1670401
9.76618 1607041
9.76618 1608481
9.76618 1670401
9.76618 1671841
9.77813 1608481
9.77813 1609921
9.77813 1671841
9.77813 1673281
9.77813 1674721
9.79008 1609921
9.79008 1611361
9.79008 1674721
9.79008 1676161
9.80204 1611361
9.80204 1612801
9.80204 1676161
9.80204 1677601
9.81399 1612801
9.81399 1614241
9.81399 1677601
9.81399 1679041
9.82594 1615681
9.82594 1617121
9.82594 1679041
9.82594 1680481
9.83192 1681921
9.84387 1618561
9.84387 1620001
9.84387 1681921
9.84387 1683361
9.84984 1684801
9.8618 1620001
9.8618 1621441
9.8618 1684801
9.8618 1686241
9.87375 1621441
9.87375 1622881
9.87375 1686241
9.87375 1687681
9.8857 1622881
9.8857 1624321
9.8857 1687681
9.8857 1689121
9.89765 1624321
9.89765 1625761
9.89765 1689121
9.89765 1690561
9.9096 1627201
9.9096 1628641
9.9096 1690561
9.9096 1692001
9.91558 1693441
9.92753 1628641
9.92753 1630081
9.92753 1693441
9.92753 1694881
9.93948 1630081
9.93948 1631521
9.93948 1694881
9.93948 1696321
9.95144 1631521
9.95144 1632961
9.95144 1696321
9.95144 1697761
9.96339 1634401
9.96339 1635841
9.96339 1697761
9.96339 1699201
9.96936 1700641
9.98132 1635841
9.98132 1637281
9.98132 1700641
9.98132 1702081
9.99327 1638721
9.99327 1640161
9.99327 1702081
9.99327 1703521
9.99924 1704961
10.0112 1640161
10.0112 1641601
10.0112 1704961
10.0112 1706401
10.0231 1641601
10.0231 1643041
10.0231 1706401
10.0231 1707841
10.0351 1643041
10.0351 1644481
10.0351 1707841
10.0351 1709281
10.0471 1644481
10.0471 1645921
10.0471 1709281
10.0471 1710721
10.059 1645921
10.059 1647361
10.059 1710721
10.059 1712161
10.071 1647361
10.071 1648801
10.071 1712161
10.071 1713601
10.0829 1650241
10.0829 1651681
10.0829 1713601
10.0829 1715041
10.0889 1716481
