1 6978
1.00915 7275
1.04112 7560
1.06951 7834
1.09939 8098
1.12777 8354
1.15586 8602
1.18395 8843
1.21203 9077
1.24012 9305
1.26761 9527
1.2957 9744
1.32319 9956
1.35008 10164
1.37846 10368
1.40595 10568
1.43434 10764
1.46302 10956
1.49141 11145
1.5198 11331
1.56223 4320
1.62677 4800
1.67009 5232
1.70953 5628
1.74957 5996
1.7926 6341
1.80216 6668
1.83593 6978
1.86491 7275
1.89778 7560
1.92646 7834
1.95784 8098
1.98652 8354
2.0152 8602
2.04389 8843
2.07198 9077
2.10036 9305
2.12875 9527
2.15654 9744
2.18492 9956
2.21241 10164
2.2408 10368
2.26889 10568
2.29667 10764
2.32506 10956
2.35345 11145
2.38153 11331
2.42366 4320
2.4888 4800
2.52944 5232
2.56798 5628
2.60832 5996
2.65165 6341
2.66748 6668
2.69497 6978
2.72933 7275
2.75742 7560
2.78641 7834
2.81449 8098
2.84258 8354
2.87067 8602
2.89875 8843
2.92684 9077
2.95433 9305
2.98272 9527
3.01021 9744
3.03859 9956
3.06698 10164
3.09566 10368
3.12375 10568
3.15214 10764
3.18142 10956
3.2098 11145
3.23789 11331
3.27972 4320
3.34337 4800
3.38191 5232
3.42135 5628
3.46408 5996
3.50711 6341
3.52504 6668
3.55043 6978
3.58569 7275
3.61408 7560
3.64426 7834
3.67205 8098
3.70013 8354
3.72882 8602
3.7569 8843
3.78499 9077
3.81278 9305
3.84057 9527
3.86895 9744
3.89674 9956
3.92513 10164
3.95322 10368
3.9822 10568
4.01058 10764
4.03867 10956
4.06676 11145
4.09514 11331
4.13518 4320
4.19285 4800
4.23468 5232
4.27263 5628
4.31416 5996
4.35719 6341
4.37243 6668
4.40082 6978
4.43129 7275
4.46028 7560
4.48926 7834
4.51795 8098
4.54603 8354
4.57412 8602
4.60221 8843
4.63029 9077
4.65748 9305
4.68557 9527
4.71276 9744
4.74115 9956
4.77013 10164
4.79822 10368
4.8266 10568
4.85499 10764
4.88368 10956
4.91176 11145
4.93955 11331
4.97899 4320
5.04353 4800
5.08746 5232
5.1275 5628
5.17052 5996
5.21355 6341
5.22819 6668
5.25688 6978
5.28526 7275
5.31634 7560
5.34472 7834
5.37281 8098
5.4009 8354
5.42958 8602
5.45767 8843
5.48605 9077
5.51444 9305
5.54312 9527
5.57151 9744
5.5993 9956
5.62709 10164
5.65667 10368
5.68476 10568
5.71254 10764
5.74063 10956
5.76842 11145
5.80995 4320
5.87718 4800
5.91573 5232
5.95905 5628
6.00059 5996
6.04361 6341
6.05915 6668
6.08694 6978
6.12011 7275
6.14849 7560
6.17927 7834
6.20735 8098
6.23544 8354
6.26353 8602
6.29162 8843
6.31881 9077
6.346 9305
6.37438 9527
6.40247 9744
6.42996 9956
6.45685 10164
6.48673 10368
6.51512 10568
6.54291 10764
6.57189 10956
6.59998 11145
6.64211 4320
6.70844 4800
6.75087 5232
6.7939 5628
6.83394 5996
6.87696 6341
6.87876 6668
6.92029 6978
6.95166 7275
6.98095 7560
7.00903 7834
7.03831 8098
7.0664 8354
7.09449 8602
7.12258 8843
7.15066 9077
7.17785 9305
7.20504 9527
7.23194 9744
7.25913 9956
7.28721 10164
7.3162 10368
7.34458 10568
7.37357 10764
7.40225 10956
7.43034 11145
7.47277 4320
7.54329 4800
7.58512 5232
7.62456 5628
7.66729 5996
7.71031 6341
7.72794 6668
7.75394 6978
7.77127 7275
7.79726 7560
7.81459 7834
7.84388 8098
7.87316 8354
7.90125 8602
7.92993 8843
7.95802 9077
7.98611 9305
8.0127 9527
8.04049 9744
8.06887 9956
8.09726 10164
8.12564 10368
8.15463 10568
8.18301 10764
8.212 10956
8.24038 11145
8.28311 4320
8.36498 4800
8.39576 5232
8.4358 5628
8.47912 5996
8.52215 6341
8.53231 6668
8.56548 6978
8.59566 7275
8.62613 7560
8.65422 7834
8.6835 8098
8.71159 8354
8.73968 8602
8.76776 8843
8.79436 9077
8.82214 9305
8.84934 9527
8.87772 9744
8.90521 9956
8.9339 10164
8.96198 10368
8.99097 10568
9.02025 10764
9.04834 10956
9.07583 11145
9.10391 11331
9.14604 4320
9.20431 4800
9.24405 5232
9.28259 5628
9.32204 5996
9.36566 6341
9.38448 6668
9.40899 6978
9.42811 7275
9.45231 7560
9.47144 7834
9.50042 8098
9.52851 8354
9.55659 8602
9.58468 8843
9.61277 9077
9.64085 9305
9.66864 9527
9.69524 9744
9.72422 9956
9.7529 10164
9.78129 10368
9.80968 10568
9.83866 10764
9.86705 10956
9.89513 11145
9.92382 11331
9.96595 4320
10.0341 4800
10.0759 5232
10.1153 5628
10.159 5996
10.202 6341
10.2214 6668
10.2453 6978
10.2656 7275
10.2887 7560
10.309 7834
10.3388 8098
10.3669 8354
10.395 8602
10.4231 8843
10.4512 9077
10.479 9305
10.5071 9527
10.5349 9744
10.5626 9956
10.591 10164
10.62 10368
10.6487 10568
10.6777 10764
10.7207 4320
10.8056 4800
10.8346 5232
10.8785 5628
10.9182 5996
10.9606 6341
10.9612 6668
11.004 6978
11.0401 7275
11.0648 7560
11.0875 7834
11.1203 8098
11.1512 8354
11.1802 8602
11.2098 8843
11.2382 9077
11.2666 9305
11.2929 9527
11.3212 9744
11.3475 9956
11.3759 10164
11.4052 10368
11.4327 10568
11.4617 10764
11.491 10956
11.5199 11145
11.563 4320
11.6335 4800
11.6768 5232
11.7189 5628
11.7623 5996
11.8059 6341
11.8164 6668
11.8492 6978
11.88 7275
11.9117 7560
11.9415 7834
11.9702 8098
11.9986 8354
12.0267 8602
12.0548 8843
12.0823 9077
12.1113 9305
12.1382 9527
12.1671 9744
12.1955 9956
12.2248 10164
12.2532 10368
12.2816 10568
12.3109 10764
12.353 4320
12.4349 4800
12.468 5232
12.5084 5628
12.5517 5996
12.5947 6341
12.6082 6668
12.638 6978
12.667 7275
12.6814 7560
12.7104 7834
12.7381 8098
12.7665 8354
12.7952 8602
12.8233 8843
12.8514 9077
12.8792 9305
12.907 9527
12.936 9744
12.9634 9956
12.9927 10164
13.022 10368
13.0507 10568
13.08 10764
13.1221 4320
13.204 4800
13.2353 5232
13.2775 5628
13.3169 5996
13.3602 6341
13.3767 6668
13.4036 6978
13.4361 7275
13.4654 7560
13.4935 7834
13.5216 8098
13.5497 8354
13.5778 8602
13.6059 8843
13.6333 9077
13.6605 9305
13.6874 9527
13.7155 9744
13.7418 9956
13.7702 10164
13.8001 10368
13.8273 10568
13.8571 10764
13.8852 10956
13.9127 11145
13.9549 4320
14.0382 4800
14.0684 5232
14.1141 5628
14.1568 5996
14.1999 6341
14.207 6668
14.2432 6978
14.2725 7275
14.3003 7560
14.3355 7834
14.3636 8098
14.392 8354
14.4207 8602
14.4482 8843
14.4769 9077
14.5038 9305
14.5318 9527
14.5581 9744
14.5877 9956
14.6155 10164
14.6442 10368
14.672 10568
14.701 10764
14.7299 10956
14.758 11145
14.8002 4320
14.8704 4800
14.9128 5232
14.9522 5628
14.9941 5996
15.0371 6341
15.0526 6668
15.0804 6978
15.0966 7275
15.1238 7560
15.1399 7834
15.1722 8098
15.2005 8354
15.2286 8602
15.2567 8843
15.2848 9077
15.3114 9305
15.3395 9527
15.3679 9744
15.3942 9956
15.4226 10164
15.4509 10368
15.4802 10568
15.5083 10764
15.5385 10956
15.5806 4320
15.6652 4800
15.6942 5232
15.7381 5628
15.7772 5996
15.8203 6341
15.834 6668
15.8639 6978
15.9015 7275
15.9362 7560
15.9652 7834
15.9933 8098
16.0214 8354
16.0494 8602
16.0775 8843
16.1056 9077
16.1328 9305
16.1606 9527
16.1896 9744
16.2171 9956
16.2454 10164
16.275 10368
16.304 10568
16.333 10764
16.3757 4320
16.4609 4800
16.4899 5232
16.5356 5628
16.5747 5996
16.6178 6341
16.6375 6668
16.6611 6978
16.6948 7275
16.7265 7560
16.7555 7834
16.7836 8098
16.812 8354
16.8407 8602
16.8687 8843
16.8968 9077
16.9246 9305
16.9518 9527
16.9799 9744
17.0092 9956
17.0355 10164
17.0654 10368
17.0946 10568
17.1239 10764
17.1529 10956
17.195 4320
17.2682 4800
17.2984 5232
17.3373 5628
17.377 5996
17.42 6341
17.4251 6668
17.4634 6978
17.4911 7275
17.5198 7560
17.55 7834
17.5784 8098
17.6065 8354
17.6346 8602
17.6627 8843
17.6907 9077
17.7173 9305
17.7457 9527
17.7726 9744
17.801 9956
17.8306 10164
17.8587 10368
17.8874 10568
17.916 10764
17.9447 10956
17.9728 11145
18.0009 11331
18.043 4320
18.1046 4800
18.1449 5232
18.185 5628
18.228 5996
18.271 6341
18.2851 6668
18.3143 6978
18.3448 7275
18.3729 7560
18.3881 7834
18.4165 8098
18.4446 8354
18.4727 8602
18.5008 8843
18.5268 9077
18.5552 9305
18.5821 9527
18.6104 9744
18.6397 9956
18.6678 10164
18.6959 10368
18.7261 10568
18.7542 10764
18.7963 4320
18.8788 4800
18.9095 5232
18.9526 5628
18.9926 5996
19.0362 6341
19.0497 6668
19.0799 6978
19.1148 7275
19.1429 7560
19.1719 7834
19.2006 8098
19.2287 8354
19.2567 8602
19.2848 8843
19.3129 9077
19.3395 9305
19.3679 9527
19.3939 9744
19.4232 9956
19.4519 10164
19.4799 10368
19.508 10568
19.5382 10764
19.5669 10956
19.6093 4320
19.6936 4800
19.7226 5232
19.7656 5628
19.8047 5996
19.8481 6341
19.8663 6668
19.8914 6978
19.9237 7275
19.9532 7560
19.9843 7834
20.0124 8098
20.0405 8354
20.0689 8602
20.097 8843
20.1251 9077
20.1528 9305
20.1803 9527
20.2075 9744
20.2362 9956
20.264 10164
20.2936 10368
20.3232 10568
20.3515 10764
20.3799 10956
20.4227 4320
20.5072 4800
20.5362 5232
20.584 5628
20.6249 5996
20.668 6341
20.6823 6668
20.7113 6978
20.7412 7275
20.7699 7560
20.8036 7834
20.8317 8098
20.8598 8354
20.8885 8602
20.9166 8843
20.9447 9077
20.971 9305
20.9993 9527
21.025 9744
21.0549 9956
21.0833 10164
21.1117 10368
21.1401 10568
21.1697 10764
21.213 4320
21.2978 4800
21.3262 5232
21.3678 5628
21.4078 5996
21.4502 6341
21.4508 6668
21.4936 6978
21.5369 7275
21.565 7560
21.5975 7834
21.6274 8098
21.6561 8354
21.6842 8602
21.7123 8843
21.7407 9077
21.7687 9305
21.7959 9527
21.8243 9744
21.8494 9956
21.8784 10164
21.9065 10368
21.9337 10568
21.9639 10764
21.9937 10956
