1 7920
1.29777 8181
1.41131 8434
1.57983 2880
1.74836 3600
1.83441 4176
1.91807 4672
2.00174 5115
2.11767 5520
2.2611 5895
2.37464 6246
2.48699 6577
2.59814 6892
2.70571 7192
2.81089 7480
2.91607 7757
3.02124 8024
3.17901 2880
3.33678 3600
3.42163 4176
3.5053 4672
3.58896 5115
3.73119 5520
3.85669 5895
3.97262 6246
4.08497 6577
4.19732 6892
4.30967 7192
4.42202 7480
4.53437 7757
4.64671 8024
4.81643 2880
4.98496 3600
5.06862 4176
5.15228 4672
5.23834 5115
5.36742 5520
5.49052 5895
5.60526 6246
5.71642 6577
5.82757 6892
5.9447 7192
6.05585 7480
6.1682 7757
6.28055 8024
6.44907 2880
6.6176 3600
6.70246 4176
6.78612 4672
6.87217 5115
7.0144 5520
7.13034 5895
7.24388 6246
7.35862 6577
7.47097 6892
7.58332 7192
7.69567 7480
7.80802 7757
7.92036 8024
8.08889 2880
8.25741 3600
8.34107 4176
8.42474 4672
8.5084 5115
8.64704 5520
8.76298 5895
8.87174 6246
8.97931 6577
9.10361 6892
9.21596 7192
9.32831 7480
9.44066 7757
9.55301 8024
9.72153 2880
9.89005 3600
9.97372 4176
10.0574 4672
10.141 5115
10.2737 5520
10.3873 5895
10.5044 6246
10.6167 6577
10.7303 6892
10.8414 7192
10.9562 7480
11.1247 7757
11.2599 2880
11.3853 3600
11.4439 4176
11.5264 4672
11.6112 5115
11.6937 5520
11.7762 5895
11.8586 6246
11.9112 6577
11.9746 6892
12.0582 7192
12.124 7480
12.1861 7757
12.2507 8024
12.314 8282
12.3762 8532
12.4419 8775
12.5052 9011
12.5698 9241
12.6343 9465
12.7311 3600
12.8925 4176
12.9774 4672
13.0694 5115
13.153 5520
13.2355 5895
13.318 6246
13.3598 6577
13.4387 6892
13.5152 7192
13.5917 7480
13.6562 7757
13.7208 8024
13.7841 8282
13.8439 8532
13.9168 8775
13.9825 9011
14.0447 9241
14.1104 9465
14.2072 3600
14.3351 4176
14.4176 4672
14.506 5115
14.5885 5520
14.6709 5895
14.7534 6246
14.7881 6577
14.8371 6892
14.9112 7192
14.9781 7480
15.045 7757
15.1084 8024
15.1705 8282
15.2327 8532
15.2936 8775
15.3594 9011
15.4227 9241
15.4873 9465
15.5841 3600
15.706 4176
15.7909 4672
15.8793 5115
15.9618 5520
16.0442 5895
16.1267 6246
16.1638 6577
16.2104 6892
16.2881 7192
16.3622 7480
16.4267 7757
16.49 8024
16.5558 8282
16.6215 8532
16.6861 8775
16.7494 9011
16.8127 9241
16.8761 9465
16.9753 3600
17.1199 4176
17.2096 4672
17.2932 5115
17.3781 5520
17.4605 5895
17.543 6246
17.5872 6577
17.6709 6892
17.7474 7192
17.8239 7480
17.886 7757
17.947 8024
18.0067 8282
18.0689 8532
18.137 8775
18.2028 9011
18.2601 9241
18.3259 9465
18.4191 3600
18.5625 4176
18.645 4672
18.7286 5115
18.8111 5520
18.8936 5895
18.9761 6246
19.0143 6577
19.0597 6892
19.1338 7192
19.1984 7480
19.2569 7757
19.3203 8024
19.3836 8282
19.4422 8532
19.5043 8775
19.5701 9011
19.6358 9241
19.7003 9465
19.7972 3600
19.9346 4176
20.029 4672
20.1127 5115
20.1952 5520
20.2776 5895
20.3601 6246
20.4019 6577
20.4438 6892
20.4868 7192
20.5274 7480
20.5705 7757
20.6111 8024
20.6697 8282
20.733 8532
20.7916 8775
20.8525 9011
20.9171 9241
20.984 9465
21.076 3600
21.3031 4176
21.3856 4672
21.474 5115
21.5565 5520
21.639 5895
21.7214 6246
21.7656 6577
21.8051 6892
21.8505 7192
21.927 7480
