1 11754
1.00866 11930
1.0227 12103
1.03674 12274
1.05079 12442
1.06483 12608
1.07887 12772
1.09292 12934
1.10696 13094
1.121 13252
1.13505 13408
1.14909 13562
1.16314 13714
1.17718 13865
1.19092 14014
1.20467 14161
1.21856 14307
1.23186 14451
1.24516 14594
1.26577 6480
1.31478 6800
1.33823 7104
1.346 7395
1.36991 7675
1.37857 7945
1.40427 8205
1.41234 8457
1.44012 8702
1.44849 8940
1.47688 9171
1.48031 9397
1.49212 9617
1.51363 9832
1.52782 10042
1.54411 10248
1.55845 10450
1.57294 10648
1.58101 10842
1.5955 11033
1.60984 11220
1.62418 11404
1.63823 11585
1.65272 11763
1.66661 11939
1.6811 12112
1.69515 12283
1.70934 12451
1.72324 12617
1.73728 12781
1.75132 12943
1.76522 13103
1.77926 13261
1.7933 13417
1.80735 13571
1.82139 13723
1.83528 13874
1.84918 14023
1.86337 14170
1.87697 14316
1.88952 14460
1.90401 14603
1.92418 6480
1.97677 6800
2.00336 7104
2.01232 7395
2.04071 7675
2.05012 7945
2.07731 8205
2.08672 8457
2.11406 8702
2.12333 8940
2.15067 9171
2.1556 9397
2.16919 9617
2.18742 9832
2.20385 10042
2.21819 10248
2.23224 10450
2.2406 10648
2.25495 10842
2.26884 11033
2.28333 11220
2.29767 11404
2.31172 11585
2.32666 11763
2.341 11939
2.35519 12112
2.36924 12283
2.38298 12451
2.39702 12617
2.41152 12781
2.42511 12943
2.43916 13103
2.45305 13261
2.46679 13417
2.48114 13571
2.49503 13723
2.50878 13874
2.52282 14023
2.53641 14170
2.54911 14316
2.56316 14460
2.57705 14603
2.59632 6480
2.64996 6800
2.67476 7104
2.68522 7395
2.71166 7675
2.72316 7945
2.74826 8205
2.75977 8457
2.78486 8702
2.79652 8940
2.82162 9171
2.82729 9397
2.84193 9617
2.85837 9832
2.87555 10042
2.88944 10248
2.90379 10450
2.9123 10648
2.9262 10842
2.94069 11033
2.95488 11220
2.96937 11404
2.98371 11585
2.99806 11763
3.013 11939
3.02704 12112
3.04138 12283
3.05528 12451
3.06977 12617
3.08381 12781
3.09771 12943
3.11115 13103
3.12505 13261
3.13894 13417
3.15239 13571
3.16628 13723
3.17958 13874
3.19302 14023
3.20632 14170
3.21991 14316
3.23396 14460
3.24651 14603
3.26683 6480
3.31926 6800
3.34392 7104
3.35422 7395
3.38067 7675
3.39128 7945
3.41727 8205
3.42788 8457
3.45387 8702
3.46448 8940
3.49048 9171
3.4966 9397
3.5099 9617
3.52723 9832
3.54157 10042
3.55815 10248
3.5719 10450
3.58669 10648
3.59491 10842
3.6091 11033
3.62389 11220
3.63793 11404
3.65168 11585
3.66677 11763
3.68066 11939
3.6947 12112
3.70875 12283
3.72234 12451
3.73624 12617
3.74968 12781
3.76373 12943
3.77747 13103
3.79002 13261
3.80406 13417
3.81796 13571
3.83126 13723
3.84575 13874
3.85934 14023
3.87174 14170
3.88623 14316
3.89938 14460
3.91283 14603
3.93404 6480
3.98543 6800
4.00829 7104
4.01875 7395
4.04415 7675
4.05565 7945
4.08075 8205
4.09211 8457
4.1172 8702
4.12871 8940
4.15381 9171
4.16083 9397
4.17368 9617
4.19056 9832
4.2061 10042
4.22089 10248
4.23523 10450
4.24987 10648
4.25794 10842
4.27213 11033
4.28677 11220
4.29454 11404
4.30903 11585
4.32338 11763
4.33114 11939
4.34564 12112
4.35266 12283
4.36013 12451
4.3679 12617
4.38239 12781
4.38941 12943
4.39688 13103
4.40465 13261
4.41914 13417
4.42616 13571
4.43363 13723
4.44782 13874
4.46127 14023
4.47442 14170
4.48861 14316
4.5028 14460
4.51595 14603
4.52925 14744
4.54299 14884
4.55629 15023
4.56914 15161
4.58975 6480
4.6401 6800
4.66625 7104
4.67237 7395
4.69956 7675
4.70673 7945
4.73616 8205
4.74259 8457
4.77112 8702
4.77755 8940
4.80773 9171
4.8143 9397
4.8276 9617
4.84448 9832
4.85135 10042
4.86435 10248
4.88123 10450
4.89542 10648
4.91021 10842
4.9253 11033
4.93995 11220
4.95429 11404
4.96773 11585
4.98223 11763
4.99627 11939
5.01001 12112
5.02391 12283
5.03705 12451
5.05005 12617
5.06439 12781
5.07754 12943
5.09054 13103
5.10503 13261
5.11803 13417
5.13222 13571
5.14597 13723
5.15867 13874
5.17211 14023
5.18571 14170
5.19811 14316
5.21215 14460
5.22575 14603
5.24726 6480
5.30478 6800
5.32405 7104
5.33824 7395
5.35766 7675
5.37156 7945
5.39427 8205
5.40831 8457
5.43072 8702
5.44476 8940
5.46732 9171
5.47524 9397
5.48854 9617
5.50423 9832
5.51214 10042
5.52544 10248
5.54098 10450
5.5489 10648
5.56234 10842
5.57758 11033
5.5855 11220
5.59894 11404
5.61418 11585
5.6221 11763
5.63555 11939
5.65079 12112
5.65826 12283
5.67245 12451
5.68649 12617
5.70024 12781
5.71398 12943
5.72773 13103
5.74117 13261
5.75477 13417
5.76911 13571
5.783 13723
5.79645 13874
5.80885 14023
5.8217 14170
5.83529 14316
5.84844 14460
5.86129 14603
5.87503 14744
5.8946 6480
5.94689 6800
5.97812 7104
5.98365 7395
6.01009 7675
6.01771 7945
6.04565 8205
6.05402 8457
6.0824 8702
6.08972 8940
6.119 9171
6.12304 9397
6.12647 9617
6.15576 9832
6.16801 10042
6.18325 10248
6.19251 10450
6.20476 10648
6.22 10842
6.23449 11033
6.24958 11220
6.26422 11404
6.27811 11585
6.29261 11763
6.30665 11939
6.32129 12112
6.33563 12283
6.34968 12451
6.36387 12617
6.37717 12781
6.39091 12943
6.40525 13103
6.4181 13261
6.4314 13417
6.44499 13571
6.45874 13723
6.47129 13874
6.48443 14023
6.49713 14170
6.51118 14316
6.52417 14460
6.53642 14603
6.55092 14744
6.57049 6480
6.62382 6800
6.65206 7104
6.65759 7395
6.68672 7675
6.6927 7945
6.72332 8205
6.7293 8457
6.75933 8702
6.7659 8940
6.79593 9171
6.79922 9397
6.81027 9617
6.83268 9832
6.84583 10042
6.86002 10248
6.86944 10450
6.88273 10648
6.89693 10842
6.91246 11033
6.92651 11220
6.94055 11404
6.95459 11585
6.96864 11763
6.98268 11939
6.99672 12112
7.01077 12283
7.02481 12451
7.03856 12617
7.05185 12781
7.06515 12943
7.0786 13103
7.09204 13261
7.10534 13417
7.11878 13571
7.13163 13723
7.14538 13874
7.15867 14023
7.17212 14170
7.18542 14316
7.19841 14460
7.21231 14603
7.22605 14744
7.24607 6480
7.29911 6800
7.32794 7104
7.33272 7395
7.36186 7675
7.36499 7945
7.39846 8205
7.4016 8457
7.43416 8702
7.4376 8940
7.47077 9171
7.4757 9397
7.49034 9617
7.50767 9832
7.52186 10042
7.53889 10248
7.55309 10450
7.56743 10648
7.58297 10842
7.59686 11033
7.61165 11220
7.62569 11404
7.63974 11585
7.65378 11763
7.66782 11939
7.68187 12112
7.69561 12283
7.70921 12451
7.72221 12617
7.7352 12781
7.74895 12943
7.76135 13103
7.77524 13261
7.78929 13417
7.80228 13571
7.81528 13723
7.82933 13874
7.84217 14023
7.85547 14170
7.86877 14316
7.88221 14460
7.89641 14603
7.91642 6480
7.97514 6800
7.998 7104
8.0104 7395
8.03251 7675
8.0476 7945
8.06911 8205
8.0842 8457
8.10586 8702
8.1208 8940
8.14261 9171
8.14844 9397
8.15755 9617
8.17937 9832
8.19431 10042
8.2094 10248
8.22449 10450
8.23913 10648
8.25392 10842
8.26826 11033
8.2826 11220
8.29665 11404
8.31069 11585
8.32503 11763
8.33907 11939
8.35252 12112
8.36597 12283
8.37956 12451
8.39196 12617
8.40421 12781
8.41826 12943
8.43155 13103
8.44425 13261
8.45815 13417
8.47159 13571
8.48474 13723
8.49848 13874
8.51058 14023
8.52433 14170
8.53867 14316
8.55182 14460
8.56646 14603
8.58678 6480
8.64788 6800
8.66865 7104
8.68209 7395
8.70361 7675
8.71885 7945
8.74021 8205
8.75545 8457
8.77711 8702
8.79205 8940
8.81372 9171
8.82074 9397
8.83403 9617
8.85047 9832
8.86511 10042
8.8808 10248
8.89544 10450
8.91053 10648
8.92487 10842
8.93951 11033
8.95355 11220
8.96775 11404
8.98209 11585
8.99613 11763
9.00973 11939
9.02183 12112
9.03602 12283
9.04917 12451
9.06112 12617
9.07412 12781
9.08801 12943
9.10101 13103
9.1152 13261
9.1279 13417
9.13985 13571
9.1539 13723
9.16689 13874
9.18049 14023
9.19528 14170
9.20843 14316
9.22247 14460
9.23786 14603
9.25863 6480
9.31345 6800
9.33796 7104
9.34722 7395
9.37575 7675
9.38442 7945
9.41236 8205
9.42102 8457
9.44896 8702
9.45762 8940
9.48556 9171
9.49184 9397
9.50528 9617
9.52231 9832
9.53725 10042
9.55234 10248
9.56684 10450
9.58178 10648
9.59716 10842
9.61121 11033
9.62525 11220
9.63959 11404
9.65334 11585
9.66753 11763
9.68113 11939
9.69397 12112
9.70817 12283
9.72087 12451
9.73297 12617
9.74731 12781
9.76061 12943
9.7736 13103
9.7875 13261
9.80109 13417
9.81319 13571
9.82649 13723
9.83979 13874
9.85353 14023
9.86713 14170
9.88027 14316
9.89492 14460
9.90911 14603
9.92868 6480
9.98127 6800
10.0089 7104
10.0162 7395
10.0458 7675
10.0585 7945
10.0824 8205
10.0954 8457
10.1193 8702
10.132 8940
10.1559 9171
10.1625 9397
10.1758 9617
10.1928 9832
10.2075 10042
10.2228 10248
10.2296 10450
10.2442 10648
10.2596 10842
10.2736 11033
10.2877 11220
10.3017 11404
10.3158 11585
10.3298 11763
10.3436 11939
10.3573 12112
10.3712 12283
10.3832 12451
10.3961 12617
10.4084 12781
10.4221 12943
10.4372 13103
10.4489 13261
10.462 13417
10.4761 13571
10.4891 13723
10.5024 13874
10.5155 14023
10.5288 14170
10.5429 14316
10.5562 14460
10.5703 14603
10.5913 6480
10.6482 6800
10.6727 7104
10.6818 7395
10.7085 7675
10.7189 7945
10.7451 8205
10.7555 8457
10.7819 8702
10.7921 8940
10.8185 9171
10.8254 9397
10.8382 9617
10.8553 9832
10.8706 10042
10.8848 10248
10.8999 10450
10.9149 10648
10.9294 10842
10.9434 11033
10.9574 11220
10.9724 11404
10.9864 11585
11.0003 11763
11.0133 11939
11.0263 12112
11.0398 12283
11.0525 12451
11.0654 12617
11.0782 12781
11.0905 12943
11.1024 13103
11.1144 13261
11.1258 13417
11.1374 13571
11.1491 13723
11.1607 13874
11.1719 14023
11.1845 14170
11.1973 14316
11.2084 14460
11.222 14603
11.2348 14744
11.2471 14884
11.2602 15023
11.2722 15161
11.2858 15297
11.2986 15432
11.3115 15566
11.3306 6480
11.3833 6800
11.4066 7104
11.4151 7395
11.4396 7675
11.4495 7945
11.4752 8205
11.484 8457
11.5084 8702
11.5175 8940
11.545 9171
11.5511 9397
11.561 9617
11.5817 9832
11.5953 10042
11.6088 10248
11.6185 10450
11.6328 10648
11.6463 10842
11.6608 11033
11.674 11220
11.6878 11404
11.7006 11585
11.7142 11763
11.7274 11939
11.7405 12112
11.7538 12283
11.7668 12451
11.7789 12617
11.7921 12781
11.8052 12943
11.8164 13103
11.8293 13261
11.8423 13417
11.853 13571
11.8654 13723
11.8778 13874
11.8883 14023
11.902 14170
11.9147 14316
11.9253 14460
11.9397 14603
11.9521 14744
11.9643 14884
11.977 15023
11.9909 15161
12.0103 6480
12.0691 6800
12.0873 7104
12.1004 7395
12.1185 7675
12.1338 7945
12.1551 8205
12.1702 8457
12.1883 8702
12.2037 8940
12.2234 9171
12.2237 9397
12.2404 9617
12.2601 9832
12.2736 10042
12.2881 10248
12.2969 10450
12.3103 10648
12.325 10842
12.339 11033
12.3522 11220
12.3656 11404
12.3785 11585
12.3916 11763
12.4051 11939
12.4179 12112
12.4312 12283
12.4444 12451
12.4575 12617
12.4702 12781
12.4817 12943
12.4944 13103
12.5071 13261
12.5188 13417
12.5315 13571
12.5434 13723
12.5555 13874
12.5681 14023
12.58 14170
12.5917 14316
12.6045 14460
12.6169 14603
12.6289 14744
12.6414 14884
12.6546 15023
12.6673 15161
12.681 15297
12.6938 15432
12.7067 15566
12.727 6480
12.776 6800
12.8032 7104
12.8071 7395
12.8404 7675
12.8476 7945
12.8758 8205
12.8818 8457
12.9094 8702
12.9156 8940
12.946 9171
12.9507 9397
12.9572 9617
12.9828 9832
12.9964 10042
13.0107 10248
13.02 10450
13.0333 10648
13.0475 10842
13.0615 11033
13.0744 11220
13.0887 11404
13.1019 11585
13.1138 11763
13.1276 11939
13.1407 12112
13.1538 12283
13.1662 12451
13.1789 12617
13.1916 12781
13.2039 12943
13.2161 13103
13.229 13261
13.2406 13417
13.2526 13571
13.2652 13723
13.2768 13874
13.2888 14023
13.3018 14170
13.314 14316
13.3264 14460
13.3394 14603
13.3524 14744
13.3649 14884
13.3787 15023
13.3926 15161
13.4125 6480
13.4707 6800
13.4906 7104
13.5021 7395
13.5212 7675
13.5372 7945
13.5578 8205
13.5738 8457
13.5922 8702
13.6071 8940
13.6279 9171
13.6282 9397
13.6438 9617
13.6648 9832
13.6791 10042
13.6936 10248
13.7015 10450
13.7163 10648
13.7303 10842
13.7442 11033
13.7574 11220
13.7705 11404
13.7837 11585
13.7974 11763
13.8103 11939
13.8239 12112
13.837 12283
13.8502 12451
13.8627 12617
13.8751 12781
13.8881 12943
13.9005 13103
13.9123 13261
13.9252 13417
13.9368 13571
13.9485 13723
13.9613 13874
13.973 14023
13.9846 14170
13.9981 14316
14.0106 14460
14.0224 14603
14.0368 14744
14.0501 14884
14.0631 15023
14.0768 15161
14.0901 15297
14.1103 6480
14.1684 6800
14.1884 7104
14.2002 7395
14.2205 7675
14.2355 7945
14.2571 8205
14.2718 8457
14.2912 8702
14.3049 8940
14.3267 9171
14.327 9397
14.3417 9617
14.3635 9832
14.3769 10042
14.3898 10248
14.4003 10450
14.4143 10648
14.4267 10842
14.4406 11033
14.4545 11220
14.4676 11404
14.4809 11585
14.4941 11763
14.5072 11939
14.521 12112
14.5341 12283
14.5473 12451
14.56 12617
14.5728 12781
14.586 12943
14.5985 13103
14.61 13261
14.6232 13417
14.6354 13571
14.6462 13723
14.6593 13874
14.6716 14023
14.6823 14170
14.6959 14316
14.7085 14460
14.7201 14603
14.7345 14744
14.7476 14884
14.7596 15023
14.7742 15161
14.7879 15297
14.8086 6480
14.861 6800
14.8848 7104
14.8934 7395
14.9169 7675
14.9275 7945
14.9535 8205
14.9641 8457
14.9869 8702
14.9983 8940
15.0221 9171
15.0224 9397
15.0351 9617
15.0588 9832
15.0739 10042
15.0875 10248
15.0956 10450
15.1109 10648
15.1245 10842
15.1399 11033
15.1531 11220
15.1662 11404
15.1797 11585
15.1927 11763
15.2061 11939
15.2197 12112
15.2329 12283
15.2462 12451
15.2595 12617
15.2724 12781
15.2843 12943
15.2974 13103
15.3101 13261
15.3212 13417
15.3337 13571
15.3466 13723
15.3573 13874
15.3699 14023
15.3826 14170
15.3939 14316
15.4075 14460
15.4204 14603
15.4329 14744
15.4463 14884
15.4593 15023
15.4729 15161
15.4865 15297
15.5064 6480
15.5657 6800
15.5878 7104
15.5987 7395
15.6207 7675
15.6312 7945
15.6576 8205
15.6678 8457
15.6906 8702
15.7014 8940
15.7241 9171
15.7244 9397
15.7371 9617
15.7608 9832
15.7698 10042
15.7837 10248
15.7982 10450
15.8069 10648
15.8212 10842
15.8364 11033
15.8505 11220
15.8642 11404
15.8775 11585
15.8901 11763
15.9038 11939
15.917 12112
15.9301 12283
15.9433 12451
15.9564 12617
15.9695 12781
15.9824 12943
15.9951 13103
16.0075 13261
16.019 13417
16.0317 13571
16.0442 13723
16.0553 13874
16.0679 14023
16.0804 14170
16.0916 14316
16.1052 14460
16.118 14603
16.1294 14744
16.1434 14884
16.157 15023
16.1691 15161
16.1823 15297
16.1963 15432
16.2161 6480
16.2752 6800
16.2945 7104
16.3079 7395
16.3251 7675
16.3392 7945
16.3617 8205
16.3759 8457
16.3953 8702
16.4094 8940
16.4285 9171
16.4288 9397
16.4461 9617
16.4653 9832
16.4744 10042
16.4904 10248
16.5022 10450
16.5113 10648
16.5273 10842
16.5428 11033
16.557 11220
16.5701 11404
16.5833 11585
16.5966 11763
16.6103 11939
16.6229 12112
16.6363 12283
16.6495 12451
16.6626 12617
16.6756 12781
16.6871 12943
16.7003 13103
16.7127 13261
16.7248 13417
16.7375 13571
16.7494 13723
16.7611 13874
16.7736 14023
16.7856 14170
16.7978 14316
16.8105 14460
16.824 14603
16.8362 14744
16.8498 14884
16.8628 15023
16.8754 15161
16.8889 15297
16.9091 6480
16.9687 6800
16.9873 7104
17.0013 7395
17.0185 7675
17.0343 7945
17.0552 8205
17.0709 8457
17.0894 8702
17.1044 8940
17.1228 9171
17.1231 9397
17.1411 9617
17.1595 9832
17.1718 10042
17.1873 10248
17.1963 10450
17.2085 10648
17.2248 10842
17.2391 11033
17.2523 11220
17.2654 11404
17.2789 11585
17.2925 11763
17.3056 11939
17.3188 12112
17.3319 12283
17.3451 12451
17.3582 12617
17.3714 12781
17.3845 12943
17.3977 13103
17.4081 13261
17.4213 13417
17.4341 13571
17.4449 13723
17.458 13874
17.4706 14023
17.481 14170
17.4952 14316
17.5081 14460
17.5191 14603
17.5332 14744
17.5466 14884
17.5583 15023
17.5714 15161
17.5854 15297
17.6058 6480
17.6649 6800
17.6838 7104
17.6971 7395
17.7156 7675
17.7302 7945
17.752 8205
17.7668 8457
17.7859 8702
17.8009 8940
17.8191 9171
17.8194 9397
17.8376 9617
17.8559 9832
17.8651 10042
17.8807 10248
17.8926 10450
17.902 10648
17.9176 10842
17.9359 11033
17.9495 11220
17.9625 11404
17.9763 11585
17.9894 11763
18.0023 11939
18.0156 12112
18.0289 12283
18.042 12451
18.0552 12617
18.0674 12781
18.0806 12943
18.0934 13103
18.1043 13261
18.1175 13417
18.1302 13571
18.1406 13723
18.1538 13874
18.1663 14023
18.1768 14170
18.1904 14316
18.2032 14460
18.2146 14603
18.2291 14744
18.2424 14884
18.2539 15023
18.267 15161
18.2814 15297
18.3012 6480
18.3604 6800
18.3838 7104
18.3924 7395
18.4151 7675
18.4245 7945
18.4521 8205
18.4611 8457
18.4871 8702
18.4945 8940
18.5202 9171
18.5205 9397
18.5292 9617
18.557 9832
18.5685 10042
18.5828 10248
18.5937 10450
18.6052 10648
18.6196 10842
18.6338 11033
18.6475 11220
18.661 11404
18.6743 11585
18.6874 11763
18.7006 11939
18.7137 12112
18.7269 12283
18.74 12451
18.7532 12617
18.7662 12781
18.7788 12943
18.7911 13103
18.8037 13261
18.8163 13417
18.8283 13571
18.8411 13723
18.8534 13874
18.8645 14023
18.8775 14170
18.8897 14316
18.9014 14460
18.9144 14603
18.9272 14744
18.9393 14884
18.9523 15023
18.9662 15161
18.9792 15297
18.9925 15432
19.0131 6480
19.0727 6800
19.0906 7104
19.1048 7395
19.124 7675
19.1416 7945
19.1606 8205
19.1782 8457
19.1957 8702
19.2129 8940
19.2323 9171
19.2326 9397
19.2496 9617
19.269 9832
19.2832 10042
19.297 10248
19.3058 10450
19.32 10648
19.334 10842
19.3487 11033
19.3621 11220
19.3753 11404
19.3884 11585
19.4015 11763
19.4147 11939
19.4278 12112
19.441 12283
19.4541 12451
19.4667 12617
19.4795 12781
19.4925 12943
19.5039 13103
19.5164 13261
19.5294 13417
19.5402 13571
19.5527 13723
19.5653 13874
19.576 14023
19.5886 14170
19.6019 14316
19.6138 14460
19.627 14603
19.6403 14744
19.6531 14884
19.667 15023
19.6809 15161
19.6938 15297
19.7127 6480
19.7605 6800
19.7818 7104
19.7913 7395
19.8138 7675
19.8278 7945
19.8441 8205
19.8582 8457
19.8748 8702
19.8885 8940
19.9067 9171
19.907 9397
19.9196 9617
19.9398 9832
19.9401 10042
19.9531 10248
19.9702 10450
19.9705 10648
19.9874 10842
20.0052 11033
20.0055 11220
20.0186 11404
20.0358 11585
20.0361 11763
20.0497 11939
20.07 12112
20.0703 12283
20.0706 12451
20.0848 12617
20.1068 12781
20.1099 12943
20.1195 13103
20.1236 13261
20.1435 13417
20.1537 13571
20.1617 13723
20.1729 13874
20.1828 14023
20.1927 14170
20.2031 14316
20.2137 14460
20.2237 14603
20.2341 14744
20.245 14884
20.2545 15023
20.2641 15161
20.274 15297
20.2841 15432
20.2937 15566
20.3032 15699
20.3137 15831
20.3237 15961
20.3336 16090
20.3431 16218
20.3527 16345
20.3623 16471
20.3721 16596
20.3817 16720
20.3915 16844
20.4011 16967
20.4107 17089
20.4202 17210
20.4298 17330
20.4393 17449
20.4489 17567
20.4585 17685
20.4728 7920
20.5172 8181
20.5383 8434
20.5448 8679
20.5689 8917
20.5765 9149
20.5768 9375
20.5997 9596
20.6079 9812
20.6082 10023
20.6301 10229
