1 0.0525965
1.00305 0.0515219
1.01073 0.0504567
1.03737 0.0528996
1.04659 0.0529122
1.05478 0.0526731
1.08091 0.054839
1.09013 0.0546091
1.09884 0.054283
1.12445 0.0562476
1.13281 0.0557167
1.14869 0.0560021
1.1644 0.0572518
1.18062 0.0570953
1.19701 0.0580834
1.2134 0.058948
1.22928 0.0597045
1.24567 0.0603664
1.26258 0.0609456
1.27846 0.0614524
1.29485 0.0638959
1.31124 0.0661589
1.32746 0.068139
1.34402 0.0698716
1.35922 0.0712627
1.47737 0.0688549
1.49103 0.066748
1.52108 0.0639045
1.53491 0.0612914
1.56462 0.062755
1.57879 0.0620356
1.60833 0.0635312
1.6225 0.0628398
1.65187 0.0641098
1.65785 0.0622211
1.66621 0.0599434
1.69558 0.0579505
1.71043 0.0573317
1.72751 0.0577902
1.73929 0.0560665
1.75414 0.0545581
1.77122 0.0532384
1.7871 0.0540836
1.80451 0.0554481
1.82073 0.0567671
1.83747 0.0579212
1.85352 0.0589311
1.86683 0.0593147
1.88305 0.0597754
1.89893 0.0599284
1.91242 0.0598124
1.92932 0.0602108
1.94537 0.0604345
1.95989 0.0605052
1.97679 0.060942
1.99438 0.0614493
2.0106 0.0618931
2.02733 0.0626565
2.04167 0.0629494
2.06131 0.0657057
2.07719 0.0678675
2.09358 0.0697591
2.10963 0.0712892
2.12585 0.072878
2.24571 0.0702683
2.25903 0.0678597
2.28959 0.0648773
2.30274 0.0621426
2.33313 0.0636248
2.34628 0.0627967
2.37667 0.0641971
2.38982 0.0631725
2.42021 0.0645259
2.4284 0.0629602
2.44292 0.0617151
2.46392 0.0593758
2.47946 0.0583288
2.49585 0.0576627
2.50797 0.0559548
2.52351 0.0544605
2.53956 0.0531529
2.55475 0.0538838
2.5691 0.0548983
2.5831 0.055536
2.59829 0.055969
2.61281 0.0562229
2.62664 0.05632
2.642 0.056655
2.64934 0.0559482
2.65652 0.0544546
2.67035 0.0531478
2.68605 0.0520043
2.69749 0.0515038
2.71337 0.0521908
2.72976 0.053042
2.74445 0.0536617
2.75862 0.054579
2.77484 0.0553816
2.79021 0.0580839
2.8054 0.0603234
2.82026 0.062283
2.83733 0.0643726
2.85372 0.066201
2.97905 0.0646759
2.99356 0.0629664
3.02276 0.0604706
3.03727 0.0584118
3.0663 0.0602353
3.08081 0.0599559
3.10984 0.0614614
3.12435 0.0610287
3.15337 0.0625251
3.16259 0.0613345
3.17574 0.0600427
3.19708 0.0580374
3.2063 0.0562827
3.21945 0.0547473
3.24079 0.0532789
3.25667 0.0528691
3.27392 0.0530104
3.29065 0.0552591
3.30653 0.0566017
3.32309 0.0579015
3.33846 0.0587888
3.35297 0.0591902
3.36834 0.0595414
3.382 0.0593488
3.38644 0.0579302
3.39685 0.0561889
3.41205 0.0546653
3.42571 0.0533321
3.43015 0.0521656
3.44073 0.0511449
3.45576 0.0501268
3.46942 0.0493609
3.4812 0.0495658
3.49776 0.0504951
3.5121 0.0531832
3.52235 0.0549103
3.53771 0.0565465
3.55291 0.0583532
3.56384 0.0593091
3.5804 0.0603954
3.59645 0.062096
3.6096 0.063334
3.62752 0.0647922
3.64375 0.0666932
3.66116 0.0684816
3.67772 0.0700464
3.69377 0.0717906
3.81961 0.0695667
3.83481 0.0674959
3.86366 0.0645589
3.87869 0.061989
3.9072 0.0633654
3.92223 0.0628197
3.95074 0.0639673
3.96576 0.0632214
3.99428 0.0643187
4.00282 0.0627789
4.01648 0.0613065
4.03799 0.0590182
4.05404 0.0581409
4.06975 0.0574983
4.0817 0.055811
4.09809 0.0543346
4.11363 0.0530428
4.12916 0.0539125
4.14487 0.0550484
4.16075 0.0559173
4.1768 0.0568027
4.19268 0.0575773
4.20702 0.0582552
4.22205 0.0587233
4.23724 0.0590079
4.24698 0.0583819
4.2562 0.0572091
4.26815 0.055808
4.28471 0.054707
4.29803 0.0543686
4.30964 0.0541975
4.32688 0.0546729
4.34054 0.0548387
4.35301 0.0548589
4.36803 0.0567515
4.38067 0.0585326
4.39296 0.059466
4.40918 0.0606578
4.4225 0.0617005
4.43462 0.062238
4.44931 0.0630832
4.4657 0.0643228
4.48004 0.0651575
4.49592 0.0661378
4.5118 0.0674956
4.52853 0.0689336
4.54714 0.0705669
4.56353 0.072121
4.58129 0.0738559
4.70593 0.0709989
4.72318 0.0689991
4.75067 0.0659992
4.76689 0.0631243
4.7942 0.0641087
4.81043 0.0635952
4.83791 0.0645208
4.85396 0.0638307
4.88145 0.0647268
4.88931 0.063136
4.89767 0.060744
4.92516 0.058651
4.94138 0.0578196
4.95726 0.0580922
4.96887 0.0562056
4.98544 0.0546799
5.00131 0.0533449
5.01805 0.0543018
5.03341 0.0556391
5.04912 0.0566842
5.06568 0.0575987
5.08071 0.0581488
5.09369 0.0583802
5.11076 0.0587077
5.11554 0.0576192
5.12664 0.0561668
5.13808 0.054771
5.15464 0.0534246
5.16933 0.0534965
5.18486 0.0540595
5.20296 0.055302
5.21252 0.0556393
5.22789 0.0559344
5.24121 0.0560676
5.25316 0.0576841
5.26938 0.0588486
5.2827 0.0602425
5.29533 0.0612122
5.31087 0.0621857
5.32504 0.0634125
5.34075 0.0643609
5.35817 0.0658158
5.37336 0.0673388
5.39317 0.0692965
5.40666 0.0707594
5.42424 0.0724145
5.54923 0.0698627
5.56391 0.0675048
5.59311 0.0645667
5.60779 0.0619959
5.63665 0.0633714
5.65133 0.0627
5.68019 0.0639875
5.69487 0.063239
5.72372 0.0643342
5.73124 0.0626674
5.74643 0.061334
5.76743 0.0591672
5.77597 0.0572713
5.79117 0.0557374
5.81114 0.0542702
5.82924 0.0542364
5.84598 0.0542069
5.86203 0.056306
5.87808 0.0576428
5.8943 0.0585624
5.91017 0.0593671
5.92605 0.0599462
5.94176 0.060328
5.95423 0.060287
5.95815 0.0587511
5.97045 0.0569072
5.98752 0.0555438
6.00169 0.0544758
6.01125 0.0542913
6.02782 0.0546299
6.04387 0.0548012
6.05513 0.054701
6.0717 0.0553634
6.08348 0.055443
6.09475 0.0568876
6.10363 0.0572767
6.11968 0.0581171
6.13487 0.0587274
6.14341 0.0588865
6.16014 0.0597757
6.17722 0.0615537
6.18814 0.0624845
6.20402 0.063424
6.22007 0.065121
6.23578 0.0663558
6.252 0.0674364
6.26805 0.0690068
6.287 0.070756
6.41011 0.0684115
6.42633 0.066485
6.4557 0.0637994
6.47089 0.0613245
6.49923 0.0627839
6.51443 0.0623109
6.54277 0.0635221
6.55797 0.0628318
6.58648 0.0639778
6.59468 0.0624806
6.61124 0.0614205
6.63019 0.059243
6.64727 0.0584626
6.66349 0.0576548
6.6739 0.0558229
6.69303 0.0545951
6.70925 0.0535207
6.7253 0.0545806
6.74203 0.056383
6.7574 0.0573351
6.77447 0.0582932
6.79052 0.0591316
6.8035 0.0593651
6.82006 0.0598195
6.82501 0.0587171
6.83662 0.0571274
6.85199 0.0559865
6.86377 0.0543632
6.87555 0.0538178
6.89416 0.0543406
6.91123 0.055048
6.92182 0.055417
6.93582 0.0559899
6.95016 0.0559911
6.96092 0.0572422
6.97663 0.058212
6.98482 0.0588105
7.00241 0.0598342
7.01846 0.0608549
7.03554 0.062623
7.04715 0.0636701
7.06354 0.0655864
7.07873 0.0668881
7.09649 0.0682771
7.11203 0.0693674
7.12859 0.0708215
7.25374 0.0682188
7.26757 0.0656915
7.29865 0.063105
7.31128 0.0607169
7.34219 0.0625023
7.35568 0.0618145
7.38573 0.0633377
7.39922 0.0625455
7.42927 0.0639773
7.43763 0.0624801
7.45402 0.0615451
7.47298 0.059227
7.48971 0.0583236
7.50576 0.0574081
7.51669 0.0557321
7.53564 0.0545156
7.54998 0.0532012
7.56637 0.054176
7.58276 0.055654
7.5983 0.0565723
7.61435 0.0576257
7.63057 0.0584225
7.64338 0.0587447
7.65943 0.0590266
7.66728 0.0582733
7.68248 0.0574891
7.69545 0.056803
7.70348 0.0552026
7.71253 0.0539273
7.72841 0.0529364
7.74104 0.0520693
7.75641 0.0521857
7.77092 0.0529124
7.78373 0.0531734
7.79756 0.0551517
7.80951 0.0567578
7.82231 0.057913
7.83734 0.0590489
7.85083 0.0600428
7.86585 0.0610374
7.88088 0.0622828
7.89403 0.0634974
7.91161 0.0648102
7.92749 0.066334
7.94491 0.0679172
7.96198 0.0695526
7.97786 0.0712335
7.99476 0.0727043
8.1148 0.0698663
8.13085 0.067633
8.15919 0.0648039
8.17473 0.0622034
8.20273 0.063428
8.21826 0.0628745
8.24627 0.0640152
8.2618 0.0633883
8.28981 0.0643397
8.29578 0.0624223
8.31371 0.0611195
8.33386 0.0589795
8.35144 0.0586071
8.36783 0.0580312
8.37757 0.0562773
8.39532 0.0547426
8.41189 0.0533998
8.42794 0.0542248
8.44484 0.0558217
8.46106 0.057094
8.47694 0.0580823
8.49333 0.059072
8.50784 0.059563
8.52133 0.0596176
8.52577 0.0582904
8.53772 0.0565041
8.55275 0.0550661
8.56504 0.0536828
8.5758 0.0532225
8.59236 0.0534447
8.60687 0.0535141
8.62122 0.0538248
8.63761 0.0548467
8.65058 0.0552409
8.66185 0.0569608
8.67722 0.0587157
8.68832 0.0597512
8.70249 0.0604073
8.71376 0.0607314
8.73254 0.062015
8.74739 0.0630131
8.7631 0.0645115
8.78001 0.0661975
8.79589 0.0681728
8.81279 0.0696512
8.82884 0.0710698
8.95297 0.0685611
8.95877 0.065116
8.99719 0.0626015
9.00829 0.0610263
9.04073 0.063648
9.052 0.062442
9.08427 0.0641367
9.09554 0.0629947
9.12781 0.0646203
9.13515 0.0629178
9.15086 0.0619281
9.17152 0.059687
9.17903 0.0577262
9.19474 0.0560104
9.21523 0.0545091
9.23162 0.0541955
9.24681 0.053921
9.26321 0.0558059
9.2813 0.0570802
9.29735 0.0581951
9.3134 0.0592957
9.32928 0.0601338
9.3455 0.0606171
9.35797 0.0605399
9.36821 0.0598474
9.37299 0.0577415
9.38938 0.0560238
9.40151 0.0545208
9.41465 0.0534557
9.42729 0.0536488
9.43907 0.0531927
9.45597 0.0532936
9.47185 0.0537569
9.48432 0.0541623
9.49644 0.056017
9.50925 0.0577649
9.52171 0.0587943
9.53708 0.059695
9.54971 0.0603581
9.56269 0.0610633
9.57822 0.0620554
9.59393 0.0632985
9.60913 0.0643862
9.62484 0.0657129
9.63918 0.0671238
9.65608 0.0684833
9.67111 0.0696729
9.68904 0.0709638
9.813 0.0683433
9.827 0.0658004
9.85961 0.0634504
9.87071 0.0610191
9.90315 0.0630167
9.91425 0.0620146
9.94669 0.0637628
9.95778 0.0625424
9.99023 0.0642246
9.9991 0.0628215
10.0145 0.0620938
10.0339 0.0597071
10.052 0.0588687
10.0664 0.0580101
10.0776 0.0562589
10.0971 0.0548515
10.1115 0.0536201
10.1297 0.0547926
10.1456 0.0564435
10.1613 0.0573881
10.1777 0.0584645
10.1934 0.0591565
10.2093 0.0597619
10.2226 0.0599167
10.2289 0.0588021
10.2385 0.0570768
10.2564 0.0558172
10.2663 0.0543401
10.2738 0.0531726
10.2822 0.052026
10.3001 0.0510227
10.3104 0.0501449
10.3223 0.0500018
10.3377 0.0506266
10.3536 0.0531732
10.3626 0.0542766
10.3773 0.055867
10.3884 0.0571336
10.4033 0.0582419
10.4132 0.0584617
10.4321 0.059904
10.4478 0.061166
10.4574 0.0621452
10.4763 0.0635021
10.4929 0.0654393
10.5115 0.0671344
10.5281 0.0688676
10.6549 0.0670092
10.6626 0.064383
10.6997 0.0619601
10.7072 0.0598401
10.7432 0.0624851
10.7509 0.0610495
10.7867 0.0632933
10.7944 0.0617566
10.8303 0.064037
10.8361 0.0622824
10.848 0.0612471
10.874 0.0589662
10.8861 0.0578454
10.9045 0.0576148
10.9177 0.0559129
10.9308 0.0544238
10.9489 0.0531208
10.9648 0.0539807
10.9826 0.0553581
10.9988 0.0569384
11.0148 0.0580711
11.0307 0.0590622
11.0464 0.0596794
11.0627 0.0602195
11.0691 0.059567
11.0796 0.0582462
11.0896 0.0563404
11.1002 0.0540478
11.1063 0.0519169
11.1171 0.0501773
11.1292 0.0489051
11.1371 0.047417
11.1428 0.0459898
11.1543 0.0448661
11.1666 0.0453828
11.1769 0.045585
11.181 0.0452619
11.1907 0.0456041
11.2032 0.0460286
11.2133 0.04615
11.2184 0.0456313
11.2271 0.0458024
11.2404 0.0463271
11.2408 0.0451612
11.2498 0.044016
11.2549 0.043014
11.2657 0.0423873
11.2795 0.0419639
11.2799 0.0415934
11.2891 0.0413942
11.294 0.0412199
11.307 0.0413174
11.321 0.0414028
11.3213 0.0414774
11.3309 0.0414177
11.3367 0.0421155
11.3495 0.0437261
11.3645 0.0453853
11.3662 0.0453372
11.3744 0.046295
11.3799 0.0466331
11.3931 0.047929
11.4072 0.0491879
11.4089 0.0485394
11.4173 0.048847
11.4233 0.0488661
11.4236 0.0482578
11.4368 0.0476006
11.4509 0.0470255
11.4588 0.0473973
11.4658 0.0474727
11.4724 0.0476636
11.4818 0.0489556
11.4916 0.0497112
11.5003 0.0497473
11.5092 0.0499039
11.5177 0.0501659
11.5262 0.0506451
11.5346 0.0509395
11.5431 0.0510721
11.552 0.0523131
11.5606 0.0532739
11.5687 0.0539897
11.5773 0.054741
11.5858 0.0552734
11.5947 0.0558642
11.6034 0.0563812
11.6121 0.0568335
11.621 0.0572293
11.6297 0.0577007
11.6386 0.0581131
11.6471 0.0585989
11.6558 0.0588991
11.6647 0.0591617
11.6738 0.0593915
11.6826 0.0597175
11.6912 0.0600028
11.7 0.0602525
11.7089 0.0603459
11.7178 0.0605527
11.8127 0.0587336
11.818 0.0567669
11.8211 0.054421
11.8503 0.0523684
11.8551 0.0504474
11.86 0.0490164
11.8867 0.0510144
11.8918 0.0497626
11.8964 0.0486673
11.9233 0.0504589
11.9284 0.0494015
11.9332 0.0484763
11.9601 0.0504168
11.9605 0.0487397
11.9666 0.0473972
11.9717 0.0462226
11.999 0.0453197
11.9994 0.0445298
12.0064 0.0439635
12.0127 0.0435931
12.0428 0.043519
12.0431 0.0435791
12.0501 0.0436317
12.0562 0.0444277
12.0863 0.0481243
12.0875 0.0477337
12.0936 0.048017
12.0993 0.0481399
12.1298 0.0512474
12.131 0.0504665
12.1372 0.0504082
12.1431 0.0503571
12.1452 0.0498125
12.1735 0.0490859
12.1807 0.0490752
12.1872 0.0491908
12.1942 0.0494169
12.2026 0.0503648
12.2172 0.0495692
12.2248 0.0488731
12.2309 0.0481389
12.2379 0.0474966
12.2463 0.0470595
12.261 0.0465521
12.27 0.0473581
12.2787 0.0481883
12.2871 0.0492898
12.2958 0.0503785
12.306 0.0515812
12.3153 0.0520086
12.3235 0.0521325
12.3316 0.0522409
12.3414 0.0524608
12.3509 0.0527782
12.3608 0.0529309
12.3701 0.0531896
12.3788 0.0534159
12.389 0.0539889
12.3964 0.0541153
12.4056 0.0542259
12.4143 0.0541976
12.4232 0.0540479
12.4331 0.0541669
12.4411 0.0538961
12.4501 0.0539091
12.4585 0.0537954
12.4667 0.053571
12.4761 0.0534996
12.4845 0.0531872
12.4923 0.0539138
12.5014 0.0546746
12.5097 0.0552152
12.5188 0.0558133
12.5268 0.0563367
12.5348 0.0565446
12.5439 0.0568515
12.5528 0.0572451
12.5613 0.0575894
12.5693 0.0578908
12.5775 0.0580294
12.5861 0.0582757
12.5954 0.0586163
12.6042 0.0589142
12.612 0.05905
12.6202 0.0590437
12.6292 0.0591632
12.6383 0.0593928
12.6467 0.0594687
12.655 0.0595351
12.6636 0.0594682
12.6723 0.0595347
12.681 0.0595929
12.6895 0.0596438
12.7746 0.0571883
12.7816 0.0550398
12.787 0.0531598
12.8111 0.0537648
12.8181 0.0525442
12.8237 0.0512262
12.8475 0.0523229
12.8546 0.0511575
12.8605 0.0500129
12.8844 0.0513862
12.8847 0.049588
12.8913 0.0480145
12.8981 0.0467627
12.9234 0.0457923
12.9237 0.0449433
12.9304 0.0442004
12.938 0.0436753
12.9659 0.0434659
12.9662 0.0434077
12.9732 0.0442317
12.9811 0.0450777
13.0086 0.048193
13.0089 0.0475439
13.0162 0.0478509
13.0234 0.0481195
13.0512 0.0508546
13.0516 0.0498728
13.0594 0.0500137
13.0668 0.050012
13.0671 0.0492605
13.095 0.0484779
13.1001 0.0485432
13.1032 0.0479753
13.1105 0.0474784
13.1177 0.0477936
13.1387 0.0473194
13.1482 0.0474045
13.1588 0.0483539
13.1682 0.0495597
13.1791 0.0511147
13.188 0.0536004
13.1976 0.0542753
13.207 0.0547409
13.2186 0.0553983
13.2273 0.0558485
13.2345 0.0557424
13.2457 0.0558996
13.2553 0.0561622
13.2635 0.0562669
13.2725 0.0559835
13.2823 0.0558606
13.2915 0.056003
13.301 0.0560026
13.3104 0.0558773
13.3193 0.0558926
13.3277 0.0557811
13.3366 0.0555584
13.3461 0.0554886
13.3553 0.0553025
13.3647 0.0551397
13.3728 0.0548723
13.3813 0.0547632
13.3897 0.0545428
13.3984 0.054225
13.4074 0.0539468
13.4153 0.0547035
13.4226 0.0551156
13.4317 0.0556011
13.4402 0.056026
13.4494 0.0565227
13.4578 0.0568324
13.4653 0.0569783
13.4747 0.057231
13.4834 0.0577022
13.4926 0.0581144
13.5012 0.0584751
13.5083 0.0585407
13.517 0.0587231
13.5261 0.0590077
13.535 0.0591318
13.5433 0.0592403
13.5508 0.0590853
13.5595 0.0589496
13.5684 0.0590809
13.577 0.0590708
13.5858 0.0590619
13.594 0.0591792
13.6027 0.0591568
13.6109 0.0592622
13.6198 0.0593544
13.6992 0.0569351
13.7062 0.0548182
13.7125 0.0529659
13.7356 0.0535952
13.7431 0.0523958
13.7494 0.0512213
13.772 0.0521937
13.7795 0.0511695
13.7865 0.0501483
13.8097 0.0513797
13.81 0.0498323
13.8169 0.0482282
13.8241 0.0469497
13.8491 0.046081
13.8495 0.0451959
13.857 0.0446714
13.8647 0.0440875
13.8901 0.0437015
13.8905 0.0433638
13.8987 0.0440684
13.906 0.0446848
13.9311 0.0474742
13.9314 0.0466649
13.9396 0.0469568
13.9468 0.0470872
13.9733 0.0495763
13.9736 0.0486293
13.982 0.0488006
13.9904 0.0490755
13.991 0.0485661
14.017 0.0478703
14.0238 0.0481365
14.0317 0.0483695
14.0388 0.0483233
14.0477 0.0492829
14.0607 0.0486225
14.0675 0.0480447
14.0756 0.0475391
14.0827 0.0470967
14.0916 0.0467096
14.1042 0.0479959
14.1111 0.0483714
14.1191 0.048825
14.1263 0.0490969
14.1351 0.0495848
14.1478 0.0503867
14.1546 0.0503383
14.1626 0.050421
14.1698 0.0503684
14.1787 0.0505724
14.1913 0.0512508
14.1981 0.0512195
14.2029 0.050817
14.212 0.0505899
14.2215 0.0507662
14.2302 0.0509204
14.2396 0.0505553
14.2478 0.0503609
14.2557 0.0506908
14.2642 0.0509795
14.2736 0.051107
14.283 0.0513436
14.2914 0.0514257
14.2992 0.0514975
14.3078 0.0515603
14.3166 0.0527403
14.3257 0.0537727
14.3337 0.0545511
14.3416 0.0549822
14.3501 0.0554845
14.3592 0.0560489
14.3674 0.0565428
14.375 0.0568499
14.3832 0.0569937
14.3923 0.0572445
14.401 0.0574639
14.41 0.0577809
14.4186 0.0579333
14.4269 0.0580666
14.4355 0.0583083
14.444 0.0586448
14.4529 0.0588142
14.4618 0.0590874
14.47 0.0590765
14.4788 0.0591919
14.4874 0.0594179
14.4963 0.0596157
14.5051 0.0597887
14.5132 0.0599401
14.5996 0.0575726
14.6059 0.055251
14.6132 0.0533447
14.6363 0.0536766
14.6426 0.052342
14.6498 0.0512993
14.6728 0.0522618
14.6791 0.0511041
14.6867 0.0502161
14.7102 0.0515641
14.7106 0.0498686
14.7165 0.04826
14.7236 0.0468525
14.7487 0.0457459
14.7491 0.0449027
14.7559 0.0441649
14.7627 0.0435193
14.79 0.0433293
14.7904 0.0430382
14.7984 0.0437834
14.8056 0.0445605
14.8317 0.0476154
14.832 0.0469135
14.8397 0.0471743
14.8471 0.0474025
14.8745 0.0501022
14.8749 0.0492144
14.8824 0.0493126
14.8908 0.0495235
14.8914 0.0488331
14.9183 0.048229
14.9246 0.0484503
14.9311 0.048519
14.9386 0.0484542
14.9471 0.0493974
14.9621 0.0487227
14.9683 0.0481324
14.9748 0.0474908
14.9823 0.0470545
14.9908 0.0465477
15.0057 0.0479792
15.0118 0.0481068
15.0183 0.0483435
15.0258 0.0486755
15.0344 0.0490911
15.0492 0.0503297
15.0554 0.0502885
15.0618 0.0502524
15.0694 0.0503459
15.0779 0.0505526
15.0928 0.0514836
15.0989 0.0511731
15.1039 0.0507765
15.1124 0.0508044
15.1214 0.0509539
15.1308 0.0512096
15.1365 0.0503084
15.1426 0.0495199
15.1477 0.0488299
15.1563 0.0482262
15.1653 0.0476979
15.1747 0.0472356
15.1802 0.0468312
15.1863 0.0464773
15.1914 0.0461676
15.2002 0.0470217
15.2092 0.047769
15.2182 0.0484228
15.2237 0.048495
15.2299 0.0485581
15.235 0.0484883
15.2439 0.0489273
15.2529 0.0493114
15.2618 0.0496475
15.2673 0.0495665
15.2734 0.0496207
15.2785 0.0495431
15.2874 0.0499752
15.2964 0.0503533
15.3005 0.0500592
15.3055 0.0493018
15.311 0.048514
15.3171 0.0479498
15.3222 0.0474561
15.3311 0.0470241
15.3402 0.046646
15.3443 0.0463153
15.3492 0.0460259
15.3547 0.0457726
15.3608 0.0454261
15.3659 0.0451228
15.3748 0.0448575
15.3839 0.0446253
15.3914 0.0449221
15.4001 0.0463068
15.4086 0.0478935
15.4175 0.0497818
15.4264 0.0518091
15.4342 0.0539579
15.4426 0.0557132
15.4513 0.0572491
15.46 0.0587179
15.4682 0.0598782
15.4752 0.0607684
15.4809 0.0610474
15.486 0.0607914
15.4916 0.0603175
15.496 0.0595278
15.5024 0.0584618
15.508 0.0570291
15.5085 0.0549005
15.5133 0.0527879
15.5174 0.0508144
15.5225 0.0490876
15.5283 0.0475767
15.5326 0.0461296
15.5393 0.0449884
15.5451 0.0441148
15.5454 0.0432255
15.5503 0.0424473
15.5544 0.0417664
15.5591 0.0411706
15.5649 0.0405243
15.5691 0.0400837
15.5765 0.0396983
15.5821 0.039361
15.5826 0.0390659
15.5879 0.0388076
15.5922 0.0392067
15.5961 0.0395558
15.6012 0.0398614
15.6055 0.0400037
15.613 0.0405032
15.6193 0.0408153
15.6197 0.0403384
15.6251 0.0406711
15.6303 0.0409622
15.635 0.0412169
15.6412 0.0416898
15.6453 0.0419786
15.6525 0.0426063
15.6591 0.0430305
15.6595 0.0426517
15.6654 0.0430702
15.6706 0.0433114
15.6709 0.0428975
15.6767 0.0426603
15.6841 0.0427028
15.6883 0.0427399
15.6958 0.0427724
15.7028 0.0428009
15.7042 0.0430758
15.7093 0.0431913
15.7144 0.0432924
15.7173 0.0437558
15.7204 0.0437864
15.7278 0.0436881
15.732 0.0437271
15.7395 0.0437612
15.7465 0.043791
15.752 0.0443171
15.7568 0.0446525
15.7607 0.0448209
15.7641 0.0450933
15.7711 0.0458317
15.7773 0.0472277
15.7836 0.0483242
15.7899 0.0494087
15.7949 0.0501076
15.8017 0.0507192
15.8065 0.0511293
15.814 0.0518631
15.8222 0.0531302
15.8287 0.0544889
15.8369 0.0558028
15.8434 0.0570775
15.8502 0.0583178
15.8601 0.0599031
15.8683 0.0616652
15.8773 0.063457
15.8891 0.0658999
15.8985 0.0682874
16.0117 0.0658765
16.0221 0.0638919
16.0312 0.0620304
16.04 0.0605266
16.0552 0.0604608
16.0657 0.0596532
16.0747 0.0586966
16.0836 0.0578595
16.0884 0.056627
16.099 0.0549237
16.1094 0.0535582
16.1184 0.0523634
16.1273 0.051318
16.1355 0.0507782
16.1427 0.049931
16.1531 0.0491896
16.1621 0.0485409
16.171 0.0479733
16.1792 0.0474766
16.1864 0.047042
16.1966 0.0479118
16.2057 0.0484228
16.2145 0.04887
16.2227 0.0491362
16.2299 0.0492442
16.2402 0.0498387
16.2492 0.0502338
16.2581 0.0505796
16.2663 0.0507572
16.2735 0.0507875
16.2837 0.0511891
16.2886 0.0507904
16.2977 0.0504416
16.3062 0.0501364
16.3153 0.0499944
16.3233 0.0499951
16.332 0.0498707
16.3404 0.0501369
16.3491 0.0503697
16.3573 0.0504485
16.3657 0.0503925
16.3732 0.0503434
16.3814 0.0501755
16.3901 0.0501535
16.3969 0.0497593
16.4037 0.0502894
16.4092 0.0505032
16.4167 0.0505653
16.4249 0.0506197
16.4329 0.0506672
16.4369 0.0500838
16.441 0.0493233
16.4456 0.0484079
16.4532 0.0478569
16.4616 0.0474998
16.47 0.0471873
16.4743 0.0465389
16.4783 0.0459716
16.4787 0.0449751
16.4821 0.0439782
16.4903 0.0431059
16.4985 0.0423427
16.5073 0.0417999
16.511 0.0410749
16.5163 0.0406905
16.5166 0.0403542
16.5197 0.0399349
16.5277 0.0395681
16.535 0.0392471
16.5438 0.0388412
16.5479 0.038611
16.5528 0.0382846
16.5531 0.0381241
16.5572 0.0381086
16.5675 0.039345
16.5747 0.0403019
16.5839 0.0412641
16.588 0.0416061
16.5931 0.0421553
16.5934 0.0420109
16.5972 0.0422596
16.61 0.0436021
16.6172 0.0444019
16.6269 0.0453516
16.6313 0.0456827
16.6361 0.0460973
16.6365 0.0457102
16.6407 0.0458714
16.6537 0.0471375
16.6585 0.0472453
16.6629 0.0469646
16.6706 0.046594
16.6751 0.0462698
16.6798 0.0458611
16.6827 0.0458784
16.6873 0.0460186
16.6974 0.0457663
16.7051 0.0459205
16.7126 0.0464304
16.7177 0.0465016
16.7217 0.0464389
16.7268 0.0465091
16.7323 0.0469454
16.7399 0.0475773
16.7478 0.0478801
16.7568 0.0482701
16.7642 0.0487363
16.7703 0.0498943
16.7768 0.0510325
16.7859 0.0526534
16.7946 0.0545718
16.8038 0.0566253
16.8151 0.0590471
16.8239 0.0611662
16.8361 0.0635205
16.8426 0.0653304
16.8537 0.0675391
16.8624 0.0698467
16.9706 0.0672409
16.9798 0.0648358
16.9885 0.0627313
16.9979 0.0608899
17.0143 0.0587786
17.0235 0.0569313
17.0322 0.0553149
17.0416 0.0539005
17.0579 0.054663
17.0671 0.0544551
17.0758 0.0541482
17.0852 0.0540047
17.1014 0.0547541
17.1106 0.0545348
17.1192 0.054218
17.1286 0.0540657
17.1448 0.0546825
17.1484 0.0537222
17.1542 0.0525069
