1 8732
1.00122 8969
1.02345 9200
1.04663 9425
1.0691 9645
1.09157 9859
1.11404 10069
1.13651 10274
1.1585 10475
1.18097 10672
1.20344 10866
1.22543 11056
1.24814 11243
1.27061 11427
1.30456 4320
1.36981 4800
1.39396 5232
1.42862 5628
1.4628 5996
1.49722 6341
1.5087 6668
1.53188 6978
1.55722 7275
1.58208 7560
1.60479 7834
1.6275 8098
1.65069 8354
1.67292 8602
1.69562 8843
1.71738 9077
1.74009 9305
1.76184 9527
1.78455 9744
1.80654 9956
1.82877 10164
1.851 10368
1.87299 10568
1.89546 10764
1.91793 10956
1.93897 11145
1.96048 11331
1.98199 11514
2.01426 4320
2.06446 4800
2.09936 5232
2.13283 5628
2.16749 5996
2.20191 6341
2.21338 6668
2.23657 6978
2.26047 7275
2.28414 7560
2.30709 7834
2.33027 8098
2.35322 8354
2.37521 8602
2.39912 8843
2.42159 9077
2.44406 9305
2.46653 9527
2.48756 9744
2.51003 9956
2.53059 10164
2.5521 10368
2.57361 10568
2.59585 10764
2.61736 10956
2.64007 11145
2.66134 11331
2.68262 11514
2.71441 4320
2.75863 4800
2.79353 5232
2.82819 5628
2.86261 5996
2.89727 6341
2.90923 6668
2.93193 6978
2.94389 7275
2.9666 7560
2.98954 7834
3.01249 8098
3.0352 8354
3.05815 8602
3.08062 8843
3.10356 9077
3.12579 9305
3.14826 9527
3.17026 9744
3.1932 9956
3.21543 10164
3.23743 10368
3.26085 10568
3.28308 10764
3.30531 10956
3.3285 11145
3.35073 11331
3.38324 4320
3.44898 4800
3.47192 5232
3.50635 5628
3.54101 5996
3.57567 6341
3.58642 6668
3.61033 6978
3.63925 7275
3.66339 7560
3.68658 7834
3.70929 8098
3.73224 8354
3.75471 8602
3.77718 8843
3.79965 9077
3.82116 9305
3.84411 9527
3.86514 9744
3.88833 9956
3.91223 10164
3.93375 10368
3.95741 10568
3.9806 10764
4.00235 10956
4.02578 11145
4.04801 11331
4.08147 4320
4.14506 4800
4.17159 5232
4.20649 5628
4.24091 5996
4.27581 6341
4.29111 6668
4.31047 6978
4.32601 7275
4.34513 7560
4.36067 7834
4.38362 8098
4.40657 8354
4.42904 8602
4.45151 8843
4.47374 9077
4.49549 9305
4.517 9527
4.53995 9744
4.56075 9956
4.58441 10164
4.6064 10368
4.63126 10568
4.65445 10764
4.67668 10956
4.69867 11145
4.72114 11331
4.75413 4320
4.81413 4800
4.84401 5232
4.87986 5628
4.91428 5996
4.94895 6341
4.9609 6668
4.98361 6978
5.00655 7275
5.03022 7560
5.05317 7834
5.07516 8098
5.09811 8354
5.12058 8602
5.14209 8843
5.16528 9077
5.18583 9305
5.20878 9527
5.23245 9744
5.25492 9956
5.27739 10164
5.30248 10368
5.32591 10568
5.34886 10764
5.38304 4320
5.44854 4800
5.47316 5232
5.50758 5628
5.54224 5996
5.57666 6341
5.59029 6668
5.61132 6978
5.63547 7275
5.66367 7560
5.68686 7834
5.70933 8098
5.7318 8354
5.75427 8602
5.77674 8843
5.79921 9077
5.82096 9305
5.84295 9527
5.86423 9744
5.88574 9956
5.9094 10164
5.93235 10368
5.95602 10568
5.97896 10764
6.00167 10956
6.02414 11145
6.04613 11331
6.08008 4320
6.14605 4800
6.17067 5232
6.20701 5628
6.24143 5996
6.27585 6341
6.29067 6668
6.31051 6978
6.32701 7275
6.34517 7560
6.36214 7834
6.38509 8098
6.40756 8354
6.43003 8602
6.4525 8843
6.47497 9077
6.49624 9305
6.518 9527
6.54047 9744
6.56079 9956
6.58517 10164
6.60883 10368
6.63202 10568
6.65568 10764
6.67815 10956
6.70134 11145
6.72357 11331
6.75728 4320
6.82134 4800
6.84572 5232
6.87966 5628
6.91409 5996
6.94851 6341
6.96452 6668
6.98317 6978
6.99966 7275
7.01783 7560
7.03432 7834
7.05799 8098
7.0807 8354
7.10316 8602
7.12563 8843
7.14739 9077
7.16938 9305
7.19018 9527
7.21312 9744
7.23344 9956
7.25806 10164
7.28173 10368
7.30563 10568
7.32882 10764
7.35105 10956
7.37376 11145
7.39623 11331
7.42993 4320
7.49375 4800
7.52077 5232
7.55614 5628
7.5908 5996
7.6257 6341
7.63885 6668
7.66108 6978
7.68618 7275
7.70961 7560
7.73208 7834
7.75502 8098
7.77773 8354
7.8002 8602
7.82219 8843
7.8449 9077
7.86498 9305
7.8896 9527
7.91207 9744
7.93502 9956
7.95749 10164
7.98092 10368
8.00482 10568
8.02729 10764
8.06171 4320
8.12888 4800
8.15183 5232
8.18649 5628
8.22163 5996
8.25605 6341
8.2692 6668
8.29071 6978
8.31605 7275
8.34019 7560
8.36314 7834
8.38609 8098
8.40903 8354
8.43174 8602
8.45421 8843
8.47668 9077
8.49796 9305
8.52091 9527
8.54242 9744
8.56417 9956
8.58927 10164
8.61198 10368
8.63612 10568
8.65931 10764
8.69277 4320
8.75994 4800
8.78337 5232
8.81851 5628
8.85293 5996
8.88831 6341
8.89835 6668
8.92297 6978
8.93325 7275
8.95763 7560
8.98058 7834
9.00687 8098
9.0303 8354
9.05492 8602
9.07739 8843
9.09986 9077
9.12233 9305
9.1448 9527
9.16607 9744
9.18758 9956
9.21005 10164
9.23324 10368
9.25643 10568
9.2789 10764
9.30232 10956
9.32623 11145
9.34846 11331
9.3824 4320
9.45005 4800
9.47348 5232
9.51077 5628
9.54543 5996
9.57985 6341
9.59371 6668
9.61451 6978
9.63339 7275
9.64917 7560
9.66805 7834
9.69291 8098
9.71514 8354
9.73761 8602
9.76056 8843
9.78303 9077
9.8055 9305
9.8263 9527
9.84853 9744
9.86717 9956
9.8906 10164
9.91355 10368
9.93649 10568
9.9592 10764
9.98311 10956
10.0058 11145
10.0283 11331
10.0625 4320
10.1301 4800
10.1531 5232
10.193 5628
10.2276 5996
10.2621 6341
10.2766 6668
10.2972 6978
10.3156 7275
10.3323 7560
10.3503 7834
10.3747 8098
10.3971 8354
10.4201 8602
10.4423 8843
10.4652 9077
10.4877 9305
10.5092 9527
10.5305 9744
10.553 9956
10.5774 10164
10.6003 10368
10.6223 10568
10.6469 10764
10.6701 10956
10.7043 4320
10.7717 4800
10.7954 5232
10.8303 5628
10.8647 5996
10.8991 6341
10.9075 6668
10.9345 6978
10.9579 7275
10.9691 7560
10.9928 7834
11.0275 8098
11.0499 8354
11.0624 8602
11.0856 8843
11.1072 9077
11.128 9305
11.1471 9527
11.1682 9744
11.1878 9956
11.2088 10164
11.2315 10368
11.2513 10568
11.2738 10764
11.2965 10956
11.318 11145
11.3381 11331
11.3596 11514
11.3909 4320
11.4428 4800
11.4751 5232
11.5064 5628
11.5348 5996
11.5664 6341
11.5669 6668
11.6011 6978
11.6254 7275
11.6498 7560
11.673 7834
11.6948 8098
11.7158 8354
11.7368 8602
11.7579 8843
11.7794 9077
11.8007 9305
11.8219 9527
11.843 9744
11.8638 9956
11.8848 10164
11.9058 10368
11.9278 10568
11.9491 10764
11.9701 10956
11.9914 11145
12.0124 11331
12.0335 11514
12.0653 4320
12.1143 4800
12.1475 5232
12.1781 5628
12.2073 5996
12.2417 6341
12.2529 6668
12.2763 6978
12.2995 7275
12.3225 7560
12.3464 7834
12.3677 8098
12.3892 8354
12.4104 8602
12.432 8843
12.4525 9077
12.474 9305
12.4951 9527
12.5163 9744
12.5371 9956
12.5579 10164
12.5821 10368
12.6036 10568
12.6246 10764
12.6461 10956
12.6672 11145
12.6884 11331
12.7095 11514
12.7403 4320
12.7876 4800
12.8202 5232
12.8503 5628
12.8811 5996
12.9155 6341
12.9265 6668
12.9502 6978
12.9731 7275
12.9849 7560
13.0078 7834
13.0307 8098
13.0515 8354
13.0733 8602
13.0946 8843
13.1156 9077
13.1366 9305
13.1574 9527
13.1787 9744
13.2002 9956
13.2215 10164
13.244 10368
13.266 10568
13.287 10764
13.3085 10956
13.3295 11145
13.3506 11331
13.3716 11514
13.4029 4320
13.45 4800
13.4818 5232
13.5127 5628
13.5421 5996
13.577 6341
13.5913 6668
13.6116 6978
13.6381 7275
13.6616 7560
13.6728 7834
13.696 8098
13.7072 8354
13.7304 8602
13.7416 8843
13.7648 9077
13.7761 9305
13.7871 9527
13.7995 9744
13.8107 9956
13.832 10164
13.853 10368
13.8758 10568
13.8968 10764
13.9178 10956
13.9401 11145
13.9611 11331
13.9821 11514
14.0137 4320
14.0663 4800
14.1007 5232
14.1342 5628
14.1695 5996
14.1985 6341
14.1989 6668
14.2329 6978
14.2334 7275
14.2675 7560
14.291 7834
14.3165 8098
14.3376 8354
14.3598 8602
14.3816 8843
14.4026 9077
14.4251 9305
14.4459 9527
14.4676 9744
14.4891 9956
14.5106 10164
14.5317 10368
14.5537 10568
14.5747 10764
14.5957 10956
14.6187 11145
14.6397 11331
14.6608 11514
14.6923 4320
14.7444 4800
14.7788 5232
14.8113 5628
14.8441 5996
14.8735 6341
14.874 6668
14.9082 6978
14.9273 7275
14.9431 7560
14.9619 7834
14.9844 8098
15.0086 8354
15.0305 8602
15.0525 8843
15.0736 9077
15.0946 9305
15.1156 9527
15.1372 9744
15.1592 9956
15.1802 10164
15.2027 10368
15.2237 10568
15.2447 10764
15.2665 10956
15.2875 11145
15.3086 11331
15.3296 11514
15.3611 4320
15.4132 4800
15.4477 5232
15.4795 5628
15.5115 5996
15.5414 6341
15.5419 6668
15.576 6978
15.6007 7275
15.6248 7560
15.6463 7834
15.6695 8098
15.6924 8354
15.7144 8602
15.7367 8843
15.7577 9077
15.7802 9305
15.8012 9527
15.8237 9744
15.8445 9956
15.866 10164
15.8877 10368
15.9124 10568
15.9334 10764
15.9547 10956
15.9757 11145
15.9967 11331
16.0178 11514
16.0493 4320
16.1005 4800
16.1347 5232
16.1689 5628
16.1983 5996
16.2327 6341
16.2365 6668
16.2673 6978
16.2881 7275
16.3132 7560
16.3369 7834
16.3589 8098
16.3814 8354
16.4024 8602
16.4234 8843
16.4459 9077
16.4677 9305
16.4892 9527
16.5097 9744
16.5315 9956
16.5527 10164
16.5743 10368
16.597 10568
16.619 10764
16.6405 10956
16.6615 11145
16.6823 11331
16.7036 11514
16.7351 4320
16.7806 4800
16.8121 5232
16.8437 5628
16.8743 5996
16.9089 6341
16.9223 6668
16.9436 6978
16.9706 7275
16.9921 7560
17.0162 7834
17.0378 8098
17.0588 8354
17.0798 8602
17.1009 8843
17.1221 9077
17.1437 9305
17.1652 9527
17.1867 9744
17.2091 9956
17.2314 10164
17.2524 10368
17.2744 10568
17.2954 10764
17.3165 10956
17.3375 11145
17.3585 11331
17.3796 11514
17.4111 4320
17.4556 4800
17.4876 5232
17.5177 5628
17.5495 5996
17.584 6341
17.5962 6668
17.6186 6978
17.6442 7275
17.6676 7560
17.6789 7834
17.702 8098
17.7133 8354
17.7365 8602
17.7477 8843
17.7709 9077
17.7821 9305
17.7931 9527
17.8056 9744
17.8168 9956
17.8381 10164
17.8591 10368
17.8816 10568
17.9031 10764
17.9241 10956
17.9468 11145
17.9679 11331
17.9889 11514
18.0204 4320
18.0728 4800
18.1072 5232
18.1392 5628
18.1718 5996
18.2014 6341
18.2019 6668
18.2361 6978
18.2571 7275
18.2707 7560
18.2918 7834
18.3135 8098
18.336 8354
18.3582 8602
18.3807 8843
18.4022 9077
18.4232 9305
18.4447 9527
18.466 9744
18.4875 9956
18.5088 10164
18.5296 10368
18.5511 10568
18.5741 10764
18.5953 10956
18.6166 11145
18.6376 11331
18.6584 11514
18.69 4320
18.7419 4800
18.7763 5232
18.809 5628
18.8423 5996
18.8724 6341
18.8729 6668
18.907 6978
18.9333 7275
18.9546 7560
18.9843 7834
19.0055 8098
19.0266 8354
19.0476 8602
19.0686 8843
19.0897 9077
19.1107 9305
19.1317 9527
19.1528 9744
19.174 9956
19.1951 10164
19.2156 10368
19.2367 10568
19.2577 10764
19.2799 10956
19.3012 11145
19.3223 11331
19.3433 11514
19.3746 4320
19.4265 4800
19.4585 5232
19.4941 5628
19.5259 5996
19.5584 6341
19.5589 6668
19.5931 6978
19.6115 7275
19.6282 7560
19.6469 7834
19.6734 8098
19.6944 8354
19.7155 8602
19.7365 8843
19.7575 9077
19.7786 9305
19.7996 9527
19.8207 9744
19.8414 9956
19.8639 10164
19.8847 10368
19.9065 10568
19.9287 10764
19.9507 10956
19.9717 11145
19.9928 11331
20.0138 11514
20.0456 4320
20.0972 4800
20.1295 5232
20.1649 5628
20.1964 5996
20.2287 6341
20.2292 6668
20.2634 6978
20.2858 7275
20.2992 7560
20.3214 7834
20.3465 8098
20.3676 8354
20.3886 8602
20.4096 8843
20.4307 9077
20.4517 9305
20.4727 9527
20.4933 9744
20.5148 9956
20.5363 10164
20.5576 10368
20.5796 10568
20.6016 10764
20.6231 10956
20.6444 11145
20.6657 11331
20.6864 11514
20.7182 4320
20.7701 4800
20.8009 5232
20.8354 5628
20.8664 5996
20.899 6341
20.8994 6668
20.9336 6978
20.9532 7275
20.9704 7560
20.9884 7834
21.0123 8098
21.0335 8354
21.0548 8602
21.0758 8843
21.0974 9077
21.1179 9305
21.1394 9527
21.1607 9744
21.1822 9956
21.2025 10164
21.2248 10368
21.2482 10568
21.2687 10764
21.2903 10956
21.3108 11145
21.3321 11331
21.3527 11514
21.3844 4320
21.4363 4800
21.471 5232
21.5054 5628
21.536 5996
21.5683 6341
21.5687 6668
21.6029 6978
21.6199 7275
21.6376 7560
21.6546 7834
21.6768 8098
21.699 8354
21.7224 8602
21.7435 8843
21.7645 9077
21.7879 9305
21.8102 9527
21.831 9744
21.8544 9956
21.8771 10164
21.8986 10368
21.9192 10568
21.9414 10764
21.9627 10956
21.984 11145
