1 11520
1.35448 1440
1.37519 2880
1.38455 4320
1.40328 5760
1.40328 6120
1.43057 6458
1.46642 6779
2.46642 1440
2.68394 2880
2.6931 3600
2.70206 4176
2.72178 4672
2.74011 5115
2.75843 5520
2.77676 5895
2.79509 6246
2.81341 6577
2.83174 6892
2.85007 7192
2.86859 7480
2.88712 7757
2.91461 2880
2.9421 3600
2.96062 4176
2.97895 4672
2.99727 5115
3.0156 5520
3.03393 5895
3.05225 6246
3.07078 6577
3.08911 6892
3.10743 7192
3.12576 7480
3.14428 7757
3.17177 2880
3.19946 3600
3.21779 4176
3.23612 4672
3.25444 5115
3.27277 5520
3.29109 5895
3.30942 6246
3.32775 6577
3.34607 6892
3.3644 7192
3.38273 7480
3.40105 7757
3.42854 2880
3.45603 3600
3.47436 4176
3.49268 4672
3.51101 5115
3.52934 5520
3.54766 5895
3.56599 6246
3.58432 6577
3.60264 6892
3.62097 7192
3.6393 7480
3.65802 7757
3.68551 2880
3.713 3600
3.73133 4176
3.74965 4672
3.76798 5115
3.78631 5520
3.80463 5895
3.82296 6246
3.84128 6577
3.85961 6892
3.87854 7192
3.89746 7480
3.91618 7757
3.94447 2880
3.97256 3600
3.99128 4176
4.01001 4672
4.02873 5115
4.04746 5520
4.06638 5895
4.08511 6246
4.10423 6577
4.12315 6892
4.14188 7192
4.1608 7480
4.17992 7757
4.20821 2880
4.2365 3600
4.25662 4176
4.27574 4672
4.29446 5115
4.31319 5520
4.33251 5895
4.35203 6246
4.37076 6577
4.38968 6892
4.40841 7192
4.42833 7480
4.43948 7757
4.45821 8024
4.47693 8282
4.49566 8532
4.51438 8775
4.53311 9011
4.56119 3600
4.60801 4176
4.62693 4672
4.64565 5115
4.66438 5520
4.6831 5895
4.70203 6246
4.72075 6577
4.73948 6892
4.7582 7192
4.77693 7480
4.79585 7757
4.82394 2880
4.85203 3600
4.87075 4176
4.88967 4672
4.9084 5115
4.92712 5520
4.94605 5895
4.96477 6246
4.9835 6577
5.00222 6892
5.02095 7192
5.03967 7480
5.0584 7757
5.08648 2880
5.11457 3600
5.1333 4176
5.15202 4672
5.17075 5115
5.18947 5520
5.2082 5895
5.22692 6246
5.24564 6577
5.26437 6892
5.28309 7192
5.30202 7480
5.32074 7757
5.34883 2880
5.37692 3600
5.39564 4176
5.41437 4672
5.43309 5115
5.45182 5520
5.47054 5895
5.48927 6246
5.50799 6577
5.52672 6892
5.54544 7192
5.56417 7480
5.58289 7757
5.61098 2880
5.63906 3600
5.65799 4176
5.67671 4672
5.69564 5115
5.71436 5520
5.73309 5895
5.75181 6246
5.77054 6577
5.78926 6892
5.80799 7192
5.82691 7480
5.84564 7757
5.87412 2880
5.90241 3600
5.92133 4176
5.94045 4672
5.95918 5115
5.9781 5520
5.99703 5895
6.01715 6246
6.03627 6577
6.05499 6892
6.07372 7192
6.09304 7480
6.11256 7757
6.14085 2880
6.16894 3600
6.18846 4176
6.19762 4672
6.21774 5115
6.23647 5520
6.25519 5895
6.27392 6246
6.29264 6577
6.31136 6892
6.33009 7192
6.34901 7480
6.36794 7757
6.39602 2880
6.42411 3600
6.44284 4176
6.46176 4672
6.48049 5115
6.49921 5520
6.51794 5895
6.53666 6246
6.55558 6577
6.57431 6892
6.59303 7192
6.61176 7480
6.63048 7757
6.65877 2880
6.68686 3600
6.70558 4176
6.72431 4672
6.74303 5115
6.76176 5520
6.78048 5895
6.79921 6246
6.81793 6577
6.83666 6892
6.85538 7192
6.8741 7480
6.89283 7757
6.92092 2880
6.949 3600
6.96773 4176
6.98645 4672
7.00518 5115
7.0239 5520
7.04263 5895
7.06155 6246
7.08028 6577
7.099 6892
7.11773 7192
7.13645 7480
7.15518 7757
7.18326 2880
7.21135 3600
7.23008 4176
7.2488 4672
7.26752 5115
7.28625 5520
7.30497 5895
7.3237 6246
7.34242 6577
7.36115 6892
7.38007 7192
7.399 7480
7.41772 7757
7.44601 2880
7.4741 3600
7.49282 4176
7.51154 4672
7.53027 5115
7.54899 5520
7.56772 5895
7.58664 6246
7.60577 6577
7.62449 6892
7.64342 7192
7.66214 7480
7.68126 7757
7.70955 2880
7.73784 3600
7.75656 4176
7.77688 4672
7.7958 5115
7.81453 5520
7.83325 5895
7.85258 6246
7.8721 6577
7.89082 6892
7.90975 7192
7.92847 7480
7.94839 7757
7.96891 2880
7.997 3600
8.01572 4176
8.03444 4672
8.05317 5115
8.07189 5520
8.09062 5895
8.10954 6246
8.12827 6577
8.14719 6892
8.16592 7192
8.18464 7480
8.20337 7757
8.23165 2880
8.25974 3600
8.27846 4176
8.29719 4672
8.31611 5115
8.33484 5520
8.35356 5895
8.37229 6246
8.39121 6577
8.40994 6892
8.42866 7192
8.44739 7480
8.46611 7757
8.4942 2880
8.52229 3600
8.54101 4176
8.55974 4672
8.57846 5115
8.59718 5520
8.61591 5895
8.63463 6246
8.65336 6577
8.67208 6892
8.69081 7192
8.70953 7480
8.72826 7757
8.75635 2880
8.78443 3600
8.80316 4176
8.82208 4672
8.84081 5115
8.85953 5520
8.87826 5895
8.89698 6246
8.91571 6577
8.93443 6892
8.95316 7192
8.97188 7480
8.9906 7757
9.01869 2880
9.04678 3600
9.0655 4176
9.08423 4672
9.10295 5115
9.12168 5520
9.1406 5895
9.15953 6246
9.17825 6577
9.19698 6892
9.2159 7192
9.23462 7480
9.25335 7757
9.28144 2880
9.30952 3600
9.32825 4176
9.34697 4672
9.3659 5115
9.38502 5520
9.40394 5895
9.42267 6246
9.44159 6577
9.46072 6892
9.47944 7192
9.49837 7480
9.51709 7757
9.54677 2880
9.57506 3600
9.59378 4176
9.6133 4672
9.63263 5115
9.65135 5520
9.67028 5895
9.689 6246
9.70892 6577
9.72008 6892
9.7388 7192
9.75752 7480
9.77625 7757
9.79497 8024
9.8137 8282
9.84179 2880
9.87944 3600
9.89836 4176
9.91708 4672
9.93581 5115
9.95453 5520
9.97346 5895
9.99218 6246
10.0109 6577
10.0296 6892
10.0484 7192
10.0673 7480
10.086 7757
10.1141 2880
10.1422 3600
10.1611 4176
10.1798 4672
10.1986 5115
10.2175 5520
10.2362 5895
10.2549 6246
10.2737 6577
10.2924 6892
10.3111 7192
10.3298 7480
10.3486 7757
10.3766 2880
10.4047 3600
10.4235 4176
10.4422 4672
10.4609 5115
10.4796 5520
10.4983 5895
10.5171 6246
10.5358 6577
10.5545 6892
10.5732 7192
10.592 7480
10.6107 7757
10.6388 2880
10.6669 3600
10.6856 4176
10.7043 4672
10.723 5115
10.7418 5520
10.7605 5895
10.7792 6246
10.7979 6577
10.8167 6892
10.8354 7192
10.8541 7480
10.8728 7757
10.9011 2880
10.9294 3600
10.9481 4176
10.9671 4672
10.9858 5115
11.0133 5520
11.0225 5895
11.0384 6246
11.0534 6577
11.0677 6892
11.0831 7192
11.0994 7480
11.1145 7757
11.1289 8024
11.1434 8282
11.1582 8532
11.1725 8775
11.1869 9011
11.2016 9241
11.2165 9465
11.2398 3600
11.2699 4176
11.2789 4672
11.2878 5115
11.3034 5520
11.3189 5895
11.3349 6246
11.35 6577
11.3647 6892
11.3797 7192
11.3948 7480
11.4104 7757
11.4251 8024
11.4398 8282
11.4546 8532
11.4693 8775
11.4841 9011
11.4988 9241
11.5141 9465
11.5368 3600
11.5657 4176
11.5747 4672
11.5837 5115
11.6002 5520
11.6159 5895
11.6327 6246
11.6482 6577
11.6629 6892
11.6781 7192
11.6932 7480
11.7088 7757
11.7235 8024
11.7382 8282
11.753 8532
11.7677 8775
11.7825 9011
11.7974 9241
11.8129 9465
11.8358 3600
11.8653 4176
11.8743 4672
11.8833 5115
11.8992 5520
11.9153 5895
11.9319 6246
11.9478 6577
11.9625 6892
11.9779 7192
11.9926 7480
12.0084 7757
12.0231 8024
12.0378 8282
12.0526 8532
12.0673 8775
12.0821 9011
12.097 9241
12.1123 9465
12.1352 3600
12.1649 4176
12.1739 4672
12.1829 5115
12.1992 5520
12.2151 5895
12.2317 6246
12.2474 6577
12.2621 6892
12.2773 7192
12.2922 7480
12.3078 7757
12.3225 8024
12.3372 8282
12.352 8532
12.3667 8775
12.3815 9011
12.3968 9241
12.4121 9465
12.4342 3600
12.4641 4176
12.4731 4672
12.4821 5115
12.4984 5520
12.5145 5895
12.5313 6246
12.547 6577
12.5617 6892
12.5769 7192
12.5918 7480
12.6075 7757
12.6223 8024
12.637 8282
12.6518 8532
12.6665 8775
12.6813 9011
12.6966 9241
12.7119 9465
12.7344 3600
12.7643 4176
12.7733 4672
12.7822 5115
12.7986 5520
12.8147 5895
12.8318 6246
12.8474 6577
12.8621 6892
12.8775 7192
12.8924 7480
12.9081 7757
12.9229 8024
12.9376 8282
12.9524 8532
12.9671 8775
12.9818 9011
12.9972 9241
13.0125 9465
13.035 3600
13.0649 4176
13.0739 4672
13.0828 5115
13.0988 5520
13.1149 5895
13.1312 6246
13.147 6577
13.1617 6892
13.1769 7192
13.1918 7480
13.2075 7757
13.2223 8024
13.237 8282
13.2518 8532
13.2665 8775
13.2812 9011
13.2954 9241
13.3113 9465
13.3338 3600
13.3637 4176
13.3727 4672
13.3816 5115
13.3978 5520
13.4137 5895
13.4302 6246
13.4462 6577
13.4609 6892
13.4761 7192
13.491 7480
13.5067 7757
13.5215 8024
13.5362 8282
13.551 8532
13.5657 8775
13.5808 9011
13.5956 9241
13.6107 9465
13.6324 3600
13.6627 4176
13.6717 4672
13.6806 5115
13.6968 5520
13.7119 5895
13.7286 6246
13.7448 6577
13.7595 6892
13.7745 7192
13.7902 7480
13.8059 7757
13.8207 8024
13.8354 8282
13.8502 8532
13.8649 8775
13.88 9011
13.895 9241
13.9097 9465
13.9318 3600
13.9621 4176
13.9711 4672
13.98 5115
13.996 5520
14.0117 5895
14.0288 6246
14.045 6577
14.0597 6892
14.0747 7192
14.09 7480
14.1057 7757
14.1205 8024
14.1352 8282
14.15 8532
14.1647 8775
14.18 9011
14.1948 9241
14.2095 9465
14.2316 3600
14.2619 4176
14.2713 4672
14.2802 5115
14.2962 5520
14.3121 5895
14.3296 6246
14.345 6577
14.3601 6892
14.375 7192
14.3904 7480
14.4061 7757
14.4209 8024
14.4356 8282
14.4503 8532
14.4651 8775
14.4804 9011
14.4952 9241
14.5099 9465
14.532 3600
14.5623 4176
14.5717 4672
14.5806 5115
14.5966 5520
14.6121 5895
14.6296 6246
14.6456 6577
14.6607 6892
14.6756 7192
14.6916 7480
14.7071 7757
14.7219 8024
14.7366 8282
14.7513 8532
14.7663 8775
14.7814 9011
14.7962 9241
14.8109 9465
14.833 3600
14.8631 4176
14.8723 4672
14.8812 5115
14.8972 5520
14.9131 5895
14.9306 6246
14.9466 6577
14.9617 6892
14.9764 7192
14.992 7480
15.0075 7757
15.0222 8024
15.037 8282
15.0517 8532
15.0667 8775
15.0818 9011
15.0966 9241
15.1113 9465
15.1334 3600
15.1635 4176
15.1728 4672
15.1818 5115
15.1975 5520
15.2133 5895
15.2306 6246
15.2467 6577
15.2619 6892
15.2766 7192
15.2922 7480
15.3077 7757
15.3224 8024
15.3372 8282
15.3519 8532
15.3667 8775
15.3818 9011
15.3965 9241
15.4113 9465
15.4334 3600
15.4637 4176
15.473 4672
15.482 5115
15.4977 5520
15.5141 5895
15.5312 6246
15.5469 6577
15.5623 6892
15.577 7192
15.5926 7480
15.6081 7757
15.6228 8024
15.6376 8282
15.6523 8532
15.6673 8775
15.6824 9011
15.6971 9241
15.7119 9465
15.734 3600
15.7643 4176
15.7736 4672
15.7826 5115
15.7983 5520
15.8147 5895
15.8318 6246
15.8473 6577
15.8629 6892
15.8776 7192
15.8928 7480
15.9083 7757
15.923 8024
15.9378 8282
15.9525 8532
15.9677 8775
15.9826 9011
15.9973 9241
16.0121 9465
16.0342 3600
16.0645 4176
16.0736 4672
16.0826 5115
16.0983 5520
16.1147 5895
16.1318 6246
16.1475 6577
16.1627 6892
16.1776 7192
16.1935 7480
16.2087 7757
16.2234 8024
16.2382 8282
16.2529 8532
16.268 8775
16.283 9011
16.2977 9241
16.3125 9465
16.3346 3600
16.3649 4176
16.374 4672
16.383 5115
16.3987 5520
16.4151 5895
16.4322 6246
16.4479 6577
16.4629 6892
16.4776 7192
16.4937 7480
16.5089 7757
16.5236 8024
16.5384 8282
16.5531 8532
16.5682 8775
16.5832 9011
16.5979 9241
16.6127 9465
16.6348 3600
16.6647 4176
16.6738 4672
16.6828 5115
16.6985 5520
16.7145 5895
16.7316 6246
16.7471 6577
16.7619 6892
16.7766 7192
16.7931 7480
16.8079 7757
16.8226 8024
16.8374 8282
16.8521 8532
16.8672 8775
16.8822 9011
16.8969 9241
16.9117 9465
16.9338 3600
16.9641 4176
16.9732 4672
16.9822 5115
16.9967 5520
17.0137 5895
17.0308 6246
17.0459 6577
17.0615 6892
17.0766 7192
17.0929 7480
17.1077 7757
17.1224 8024
17.1372 8282
17.1519 8532
17.167 8775
17.182 9011
17.1967 9241
17.2115 9465
17.2336 3600
17.2638 4176
17.273 4672
17.282 5115
17.2959 5520
17.3132 5895
17.3302 6246
17.3455 6577
17.3611 6892
17.376 7192
17.3925 7480
17.4075 7757
17.4222 8024
17.437 8282
17.4517 8532
17.4668 8775
17.4818 9011
17.4965 9241
17.5113 9465
17.5334 3600
17.5636 4176
17.573 4672
17.582 5115
17.5961 5520
17.6134 5895
17.6292 6246
17.6451 6577
17.6607 6892
17.6758 7192
17.6919 7480
17.7071 7757
17.7218 8024
17.7365 8282
17.7513 8532
17.7664 8775
17.7814 9011
17.7961 9241
17.8108 9465
17.833 3600
17.863 4176
17.872 4672
17.881 5115
17.8957 5520
17.913 5895
17.9284 6246
17.9443 6577
17.9601 6892
17.9748 7192
17.9913 7480
18.0065 7757
18.0212 8024
18.0359 8282
18.0507 8532
18.0656 8775
18.0806 9011
18.0953 9241
18.11 9465
18.1322 3600
18.162 4176
18.1716 4672
18.1806 5115
18.1953 5520
18.2126 5895
18.2286 6246
18.2445 6577
18.2598 6892
18.2746 7192
18.2917 7480
18.3067 7757
18.3214 8024
18.3361 8282
18.3509 8532
18.3658 8775
18.3808 9011
18.3955 9241
18.4102 9465
18.4324 3600
18.4624 4176
18.472 4672
18.481 5115
18.4957 5520
18.513 5895
18.529 6246
18.5451 6577
18.5606 6892
18.5762 7192
18.5921 7480
18.6073 7757
18.622 8024
18.6367 8282
18.6517 8532
18.6666 8775
18.6816 9011
18.6963 9241
18.711 9465
18.7331 3600
18.7632 4176
18.7724 4672
18.7814 5115
18.7963 5520
18.8138 5895
18.83 6246
18.8457 6577
18.8612 6892
18.8762 7192
18.8929 7480
18.9076 7757
18.9226 8024
18.9373 8282
18.9523 8532
18.9672 8775
18.9821 9011
18.9969 9241
19.0116 9465
19.0337 3600
19.0638 4176
19.073 4672
19.0819 5115
19.0969 5520
19.1144 5895
19.1302 6246
19.1461 6577
19.1616 6892
19.1768 7192
19.1925 7480
19.2074 7757
19.2224 8024
19.2371 8282
19.2521 8532
19.267 8775
19.2819 9011
19.2967 9241
19.3114 9465
19.3335 3600
19.3638 4176
19.3736 4672
19.3825 5115
19.3975 5520
19.415 5895
19.4309 6246
19.4473 6577
19.4626 6892
19.4788 7192
19.4949 7480
19.5098 7757
19.5246 8024
19.5393 8282
19.5542 8532
19.5692 8775
19.5841 9011
19.5989 9241
19.6136 9465
19.6357 3600
19.666 4176
19.6752 4672
19.6841 5115
19.6987 5520
19.7162 5895
19.7321 6246
19.7485 6577
19.7638 6892
19.7797 7192
19.7959 7480
19.8108 7757
19.8256 8024
19.8403 8282
19.8552 8532
19.8702 8775
19.8851 9011
19.8999 9241
19.9146 9465
19.9367 3600
19.9666 4176
19.9758 4672
19.9847 5115
19.9995 5520
20.017 5895
20.0329 6246
20.0493 6577
20.0646 6892
20.0807 7192
20.0969 7480
20.1118 7757
20.1264 8024
20.1413 8282
20.1562 8532
20.1712 8775
20.1861 9011
20.2009 9241
20.2156 9465
20.2377 3600
20.2678 4176
20.2773 4672
20.2863 5115
20.3012 5520
20.3186 5895
20.3339 6246
20.3503 6577
20.3656 6892
20.3813 7192
20.3975 7480
20.4124 7757
20.4269 8024
20.4419 8282
20.4568 8532
20.472 8775
20.4867 9011
20.5014 9241
20.5162 9465
20.5383 3600
20.5686 4176
20.5781 4672
20.5871 5115
20.602 5520
20.6194 5895
20.6345 6246
20.6508 6577
20.6658 6892
20.6815 7192
20.6977 7480
20.7126 7757
20.7273 8024
20.7423 8282
20.7572 8532
20.7724 8775
20.7871 9011
20.8018 9241
20.8166 9465
20.8387 3600
20.869 4176
20.8783 4672
20.8873 5115
20.9022 5520
20.9196 5895
20.9347 6246
20.951 6577
20.966 6892
20.9817 7192
20.9979 7480
21.0128 7757
21.0275 8024
21.0423 8282
21.0572 8532
21.0724 8775
21.0871 9011
21.1018 9241
21.1166 9465
21.1387 3600
21.169 4176
21.1787 4672
21.1877 5115
21.2026 5520
21.22 5895
21.2351 6246
21.2522 6577
21.2672 6892
21.2827 7192
21.2988 7480
21.3138 7757
21.3285 8024
21.3435 8282
21.3584 8532
21.3735 8775
21.3883 9011
21.403 9241
21.4178 9465
21.4399 3600
21.4702 4176
21.4791 4672
21.4881 5115
21.503 5520
21.5204 5895
21.5371 6246
21.5526 6577
21.5676 6892
21.5835 7192
21.5996 7480
21.6146 7757
