1 0.0921668
1.73021 0.0873959
1.7836 0.0898464
1.83699 0.0918656
1.85611 0.0895074
1.89077 0.085069
1.91029 0.0811854
1.94455 0.0777872
1.96407 0.0748138
2.0063 0.0774621
2.04375 0.0801543
2.0828 0.084885
2.11985 0.0883994
2.1569 0.0914745
2.19435 0.0940402
2.22981 0.0960351
2.26606 0.0977807
2.30112 0.0989332
2.33976 0.100317
2.37602 0.101527
2.57442 0.0979611
2.62781 0.0990909
2.68119 0.10008
2.73458 0.100945
2.75529 0.0975765
2.78836 0.0921295
2.8298 0.0898633
2.86924 0.0887554
2.90669 0.087286
2.94493 0.0907502
2.98198 0.0934064
3.01664 0.0954806
3.0517 0.0969206
3.08318 0.0975555
3.12023 0.098361
3.1517 0.0985659
3.18517 0.0989952
3.22381 0.0994958
3.25449 0.0999338
3.29433 0.101067
3.33337 0.102184
3.37082 0.103911
3.40867 0.110172
3.60349 0.105525
3.65966 0.10696
3.71305 0.10734
3.76643 0.107297
3.78516 0.102885
3.82022 0.0967745
3.85886 0.0938027
3.89711 0.0917023
3.93456 0.0897395
3.97161 0.0926471
4.00507 0.0945662
4.04173 0.0961204
4.07758 0.0973554
4.11145 0.098436
4.1477 0.0993815
4.18435 0.100334
4.21662 0.100917
4.25606 0.101927
4.29391 0.102811
4.33136 0.104335
4.36961 0.105418
4.60347 0.105116
4.65685 0.105351
4.71024 0.105557
4.76362 0.105738
4.78593 0.101896
4.81741 0.0959086
4.84171 0.0909201
4.87119 0.086305
4.89549 0.0822669
4.93255 0.0833585
4.96999 0.0851887
5.00744 0.0885401
5.04171 0.0910976
5.07756 0.0932104
5.11023 0.0944341
5.14489 0.0955048
5.17796 0.0960667
5.21342 0.0969334
5.24967 0.0979417
5.28473 0.099074
5.32377 0.10044
5.36401 0.10226
5.40146 0.108477
5.63452 0.107668
5.68791 0.107584
5.74209 0.107636
5.79548 0.107682
5.82257 0.104221
5.84926 0.0979438
5.89468 0.0947008
5.93611 0.0937382
5.97356 0.0918959
6.01101 0.0950339
6.04846 0.0971547
6.08312 0.0987603
6.11539 0.0994153
6.14846 0.0994884
6.18073 0.0991773
6.21858 0.0996552
6.25204 0.100198
6.28631 0.100923
6.32654 0.101808
6.3628 0.102832
6.57116 0.099228
6.62614 0.100575
6.68032 0.101628
6.73371 0.102299
6.75841 0.0992618
6.78749 0.0936041
6.83092 0.0909036
6.87474 0.0904157
6.91219 0.0893637
6.95243 0.0934432
6.98988 0.0961378
7.02494 0.0981206
7.05641 0.0988555
7.09665 0.0998736
7.13091 0.100639
7.16677 0.101809
7.19665 0.101583
7.23449 0.101885
7.26955 0.102025
7.30461 0.102772
7.34684 0.103925
7.38668 0.10556
7.61019 0.10399
7.66357 0.104241
7.71696 0.104461
7.77034 0.104778
7.79942 0.102056
7.82413 0.0960489
7.87273 0.0931678
7.91018 0.0922718
7.94763 0.0901128
7.98508 0.0929737
8.02253 0.095352
8.05998 0.097433
8.09384 0.0987539
8.1289 0.0996597
8.16316 0.100202
8.19782 0.100677
8.23328 0.101217
8.26834 0.10169
8.30579 0.102479
8.34324 0.103419
8.38308 0.104867
8.62013 0.105008
8.67431 0.105132
8.72809 0.105491
8.78148 0.105679
8.80498 0.101969
8.83526 0.0959733
8.87749 0.0931016
8.91534 0.0914639
8.95279 0.0894059
8.99024 0.0923552
9.0249 0.0944358
9.06115 0.0962563
9.09502 0.0973493
9.12769 0.0980556
9.16195 0.0982987
9.1994 0.0990113
9.23127 0.0996349
9.26952 0.100681
9.30776 0.101595
9.34641 0.103271
9.38426 0.104737
9.6213 0.10527
9.67469 0.105611
9.72807 0.105785
9.78146 0.105937
9.79859 0.101445
9.83684 0.0956391
9.87947 0.0938092
9.9213 0.092708
9.95875 0.0909945
9.9954 0.0941202
10.0321 0.0962302
10.0675 0.0978264
10.1042 0.0992231
10.1404 0.10032
10.1723 0.100905
10.2089 0.101292
10.2444 0.101631
10.2787 0.102177
10.3197 0.10328
10.3567 0.10437
10.5623 0.100073
10.6153 0.100689
10.6695 0.101478
10.7229 0.102168
10.7384 0.0980223
10.7767 0.0925195
10.8217 0.0913296
10.8727 0.0919134
10.9117 0.0916742
10.9492 0.0962149
10.9866 0.0984381
11.018 0.0995083
11.04 0.0984448
11.0747 0.0971392
11.0952 0.0918718
11.1294 0.0915128
11.16 0.0908237
11.1883 0.0910957
11.2182 0.0908338
11.2473 0.0903545
11.2752 0.0899352
11.3043 0.0894433
11.3333 0.0890129
11.362 0.0922613
11.3907 0.0951036
11.5521 0.0908407
11.5923 0.0889856
11.6295 0.0874874
11.6724 0.0865515
11.6732 0.0812325
11.7262 0.0778285
11.7345 0.0757249
11.7799 0.0728843
11.8146 0.0737738
11.8441 0.078302
11.8756 0.0805143
11.903 0.081575
11.9353 0.0827531
11.9628 0.083284
11.9939 0.0841235
12.0226 0.084483
12.0512 0.0850477
12.0787 0.0850417
12.1066 0.0849115
12.1349 0.0846726
12.1628 0.0845885
12.1915 0.0846399
12.2206 0.0883099
12.2489 0.0915212
12.4066 0.087581
12.4443 0.0855084
12.4829 0.0843199
12.5233 0.0836549
12.5241 0.078448
12.5767 0.075267
12.5775 0.0724836
12.6305 0.0701732
12.6624 0.0720265
12.695 0.0777732
12.7277 0.0801766
12.7544 0.0816545
12.7871 0.0829477
12.8174 0.0838292
12.8508 0.0853506
12.8803 0.0863067
12.911 0.0871434
12.9397 0.0873755
12.9703 0.0877035
12.9986 0.0877406
13.0265 0.087648
13.0552 0.087317
13.0831 0.0905274
13.1122 0.0934615
13.2616 0.0885288
13.3006 0.0857127
13.3395 0.0847486
13.3837 0.08453
13.3845 0.0795888
13.4375 0.0763902
13.4458 0.0744664
13.4912 0.0719081
13.5187 0.0720446
13.5558 0.076789
13.5888 0.0793154
13.6163 0.081651
13.6486 0.0830696
13.6773 0.0838109
13.7076 0.0847095
13.7378 0.0852458
13.7669 0.0857151
13.7952 0.0860007
13.8231 0.0860006
13.8514 0.0858756
13.8793 0.0856411
13.9068 0.085311
13.9351 0.0886471
13.9617 0.0913162
13.99 0.0937767
14.1394 0.0901796
14.1916 0.0916571
14.245 0.09345
14.2984 0.0951438
14.3135 0.0917508
14.3522 0.0870319
14.3841 0.0850279
14.406 0.0810244
14.4378 0.0775214
14.4717 0.0787062
14.502 0.0808679
14.5311 0.0825094
14.5605 0.0833208
14.588 0.0837807
14.6151 0.0838081
14.643 0.0837071
14.6689 0.0832437
14.6968 0.0829632
14.7255 0.0828428
14.7546 0.0832375
14.7825 0.0835828
14.8095 0.0836349
14.835 0.0869306
14.8637 0.0896892
14.8888 0.0917281
14.9171 0.0937621
14.9378 0.0947918
14.9645 0.0955678
14.9896 0.0962469
15.0115 0.095966
15.0382 0.0965953
15.0629 0.0967708
15.0904 0.0972995
15.3103 0.0966371
15.3625 0.0955574
15.3645 0.0903627
15.4163 0.0858174
15.4534 0.0862152
15.4701 0.0821883
15.5075 0.0786648
15.5239 0.0754567
15.5609 0.0772746
15.5781 0.0764903
15.6143 0.078304
15.6314 0.077391
15.6677 0.0788421
15.6828 0.0774868
15.7087 0.077426
15.7346 0.0761227
15.7605 0.0763574
15.7824 0.0760627
15.8079 0.0756799
15.8302 0.0749699
15.8545 0.0745987
15.8769 0.0770238
15.9039 0.0793958
15.9275 0.0815964
15.9553 0.0840218
15.9824 0.0867691
16.0111 0.089423
16.041 0.0923701
16.0701 0.0951988
16.2486 0.091424
16.3023 0.091871
16.3211 0.0895121
16.3561 0.0850731
16.3749 0.081064
16.4099 0.077556
16.4286 0.0746115
16.4637 0.072035
16.4968 0.0739057
16.527 0.0770424
16.5557 0.0789121
16.5832 0.0799231
16.6107 0.0803077
16.6318 0.0797693
16.6545 0.0786731
16.6816 0.077714
16.7063 0.0773747
16.735 0.0778279
16.7597 0.0778494
16.7892 0.0784932
16.8135 0.0784316
16.8414 0.0818776
16.8705 0.0855179
16.9019 0.0888282
16.9302 0.0923497
16.9609 0.0956809
17.1362 0.0920958
17.19 0.0939588
17.2039 0.090589
17.2438 0.0860154
17.2728 0.0838884
17.2975 0.0801524
17.3274 0.0770083
17.3513 0.0741323
17.3816 0.0753658
17.4103 0.07632
17.439 0.077655
17.4677 0.0786982
17.4963 0.0796109
17.5234 0.0802845
17.5402 0.079374
17.5529 0.0764522
17.584 0.0743957
17.6031 0.0729712
17.6318 0.0737248
17.6505 0.0728842
17.6772 0.0730237
17.7027 0.0762707
17.729 0.0789869
17.7589 0.0826135
17.7868 0.0859118
17.8163 0.0894229
17.8457 0.092745
18.0629 0.0937769
18.1163 0.0954298
18.1318 0.092126
18.17 0.0873603
18.1991 0.0849402
18.2238 0.0809477
18.2541 0.0777043
18.2776 0.0747412
18.3079 0.0758986
18.3374 0.0767862
18.3653 0.078188
18.3947 0.0792895
18.4234 0.0801283
18.4449 0.0799872
18.4617 0.0783638
18.4788 0.0754434
18.5063 0.0737629
18.5286 0.0729176
18.5549 0.0733029
18.5728 0.07239
18.6023 0.0725913
18.625 0.0756424
18.6545 0.0786871
18.6832 0.0827262
18.7115 0.0860104
18.7405 0.0896341
18.774 0.0934298
18.9872 0.0941261
19.0405 0.0956103
19.0601 0.0927841
19.0943 0.087936
19.115 0.083819
19.1481 0.0800917
19.1688 0.0767052
19.2019 0.0737421
19.2342 0.0752743
19.2656 0.07799
19.2939 0.0797413
19.3246 0.0810236
19.3533 0.0818956
19.3736 0.0816587
19.3864 0.0792014
19.4075 0.0760512
19.4354 0.0742948
19.4609 0.0742579
19.4816 0.0742257
19.5023 0.0733225
19.5314 0.0730322
19.5517 0.0752781
19.5836 0.0786184
19.611 0.0824161
19.6373 0.0853641
19.6736 0.0899436
19.7035 0.0937006
19.9214 0.095113
19.9748 0.0965989
19.9883 0.092899
20.029 0.0880367
20.0429 0.0837821
20.0828 0.0800593
20.1098 0.0784269
20.1365 0.0753735
20.1668 0.0764518
20.1955 0.0776454
20.2246 0.0789397
20.2533 0.0799472
20.2784 0.0803288
20.2959 0.0791627
20.3067 0.0758924
20.3409 0.0741558
20.3608 0.0730114
20.3887 0.0741349
20.4055 0.0729931
20.4254 0.0719939
20.4568 0.0714947
20.4768 0.0735579
20.5094 0.0773631
20.5389 0.0818177
20.562 0.0848405
20.6015 0.0898605
20.6329 0.0940029
20.6616 0.0976275
20.6903 0.101424
20.8485 0.0981211
20.9019 0.0988559
20.9194 0.0953739
20.9564 0.0903272
20.9855 0.0872863
21.0102 0.0831255
21.0393 0.0794848
21.064 0.0762992
21.0947 0.0772618
21.1234 0.0781041
21.1536 0.0794661
21.1807 0.0802828
21.2102 0.0811225
21.2321 0.0808572
21.2469 0.079
21.2652 0.076
21.2859 0.073125
21.3011 0.0708594
21.319 0.068627
21.3397 0.0667986
21.3548 0.0650738
21.3791 0.0666895
21.4078 0.0694784
21.4325 0.0724186
21.4632 0.0769912
21.4899 0.0811173
21.5206 0.0851027
21.7508 0.0878398
21.8042 0.0902349
21.8194 0.0875805
21.858 0.0833829
21.8803 0.0805851
21.9118 0.0771369
21.9341 0.0742448
21.9656 0.0717142
21.9951 0.0732499
