1 11520
1.36574 1440
1.40079 2880
1.41553 4320
1.43027 5760
1.43027 6120
1.4496 6458
1.51553 2880
1.58824 3600
1.60657 4176
1.63346 4672
1.66075 2880
2.63346 1440
2.66332 2880
2.66332 3600
2.693 4176
2.71193 4672
2.72687 5115
2.74559 5520
2.76412 5895
2.78224 6246
2.80057 6577
2.82049 6892
2.83882 7192
2.85734 7480
2.87667 7757
2.89579 8024
2.91411 8282
2.93224 8532
2.95176 8775
2.97029 9011
2.99858 3600
3.05017 4176
3.06491 4672
3.07985 5115
3.09837 5520
3.1167 5895
3.13463 6246
3.15335 6577
3.17168 6892
3.18921 7192
3.20754 7480
3.22666 7757
3.24519 8024
3.26291 8282
3.28084 8532
3.30036 8775
3.31869 9011
3.34698 3600
3.39339 4176
3.41132 4672
3.42626 5115
3.44478 5520
3.46311 5895
3.48104 6246
3.49976 6577
3.51809 6892
3.53642 7192
3.55514 7480
3.57426 7757
3.59259 8024
3.61052 8282
3.62865 8532
3.64817 8775
3.66629 9011
3.69438 3600
3.74079 4176
3.75852 4672
3.77346 5115
3.79199 5520
3.81051 5895
3.82904 6246
3.84796 6577
3.86669 6892
3.88561 7192
3.90494 7480
3.92446 7757
3.94318 8024
3.96191 8282
3.98063 8532
4.00075 8775
4.01928 9011
4.04916 3600
4.09617 4176
4.11469 4672
4.12963 5115
4.14856 5520
4.16728 5895
4.18581 6246
4.20473 6577
4.22326 6892
4.24218 7192
4.26111 7480
4.28063 7757
4.29955 8024
4.31768 8282
4.3364 8532
4.35652 8775
4.37505 9011
4.40413 3600
4.45134 4176
4.46907 4672
4.48421 5115
4.50313 5520
4.52206 5895
4.54058 6246
4.55951 6577
4.57803 6892
4.59696 7192
4.61528 7480
4.63441 7757
4.65313 8024
4.67166 8282
4.69098 8532
4.7107 8775
4.72942 9011
4.75731 3600
4.80452 4176
4.82225 4672
4.83739 5115
4.85631 5520
4.87504 5895
4.89376 6246
4.91269 6577
4.93141 6892
4.95054 7192
4.96986 7480
4.98898 7757
5.00771 8024
5.02643 8282
5.04575 8532
5.06547 8775
5.0846 9011
5.11328 3600
5.16069 4176
5.17842 4672
5.19356 5115
5.21248 5520
5.23121 5895
5.24993 6246
5.26866 6577
5.28738 6892
5.30651 7192
5.32543 7480
5.34455 7757
5.36348 8024
5.3822 8282
5.40153 8532
5.42045 8775
5.43997 9011
5.46866 3600
5.51607 4176
5.53379 4672
5.54893 5115
5.56786 5520
5.58658 5895
5.60531 6246
5.62423 6577
5.64296 6892
5.66188 7192
5.6808 7480
5.69993 7757
5.71865 8024
5.73738 8282
5.7567 8532
5.77562 8775
5.79495 9011
5.82363 3600
5.87104 4176
5.88917 4672
5.90431 5115
5.92323 5520
5.94195 5895
5.96068 6246
5.9796 6577
5.99833 6892
6.01705 7192
6.03638 7480
6.0555 7757
6.07422 8024
6.09275 8282
6.11207 8532
6.131 8775
6.15012 9011
6.17841 3600
6.22542 4176
6.24374 4672
6.25868 5115
6.27761 5520
6.29633 5895
6.31506 6246
6.33378 6577
6.35251 6892
6.37123 7192
6.38996 7480
6.40968 7757
6.4284 8024
6.44713 8282
6.46645 8532
6.48617 8775
6.50529 9011
6.53398 3600
6.58159 4176
6.59991 4672
6.61485 5115
6.63378 5520
6.6525 5895
6.67123 6246
6.68995 6577
6.70868 6892
6.7274 7192
6.74613 7480
6.76585 7757
6.78457 8024
6.8033 8282
6.82262 8532
6.84154 8775
6.86067 9011
6.88915 3600
6.93656 4176
6.95489 4672
6.97003 5115
6.98895 5520
7.00767 5895
7.0264 6246
7.04512 6577
7.06385 6892
7.08257 7192
7.1013 7480
7.12102 7757
7.13974 8024
7.15847 8282
7.17739 8532
7.19691 8775
7.21624 9011
7.24492 3600
7.29173 4176
7.31026 4672
7.3254 5115
7.34432 5520
7.36325 5895
7.38197 6246
7.4007 6577
7.41942 6892
7.43835 7192
7.45627 7480
7.47639 7757
7.49512 8024
7.51384 8282
7.53257 8532
7.55229 8775
7.57141 9011
7.6001 3600
7.64691 4176
7.66523 4672
7.68037 5115
7.6993 5520
7.71802 5895
7.73695 6246
7.75587 6577
7.77459 6892
7.79352 7192
7.81145 7480
7.83117 7757
7.84989 8024
7.86862 8282
7.88734 8532
7.90746 8775
7.92658 9011
7.95527 3600
8.00228 4176
8.02081 4672
8.03575 5115
8.05467 5520
8.07339 5895
8.09212 6246
8.11084 6577
8.12957 6892
8.14849 7192
8.16662 7480
8.18634 7757
8.20527 8024
8.22399 8282
8.24271 8532
8.26303 8775
8.28216 9011
8.31084 3600
8.35785 4176
8.37638 4672
8.39132 5115
8.41044 5520
8.42917 5895
8.44789 6246
8.46662 6577
8.48534 6892
8.50426 7192
8.52239 7480
8.54191 7757
8.56064 8024
8.57916 8282
8.59809 8532
8.61602 8775
8.63753 9011
8.66621 3600
8.71323 4176
8.73195 4672
8.74689 5115
8.76621 5520
8.78494 5895
8.80366 6246
8.82239 6577
8.84111 6892
8.86004 7192
8.87816 7480
8.89768 7757
8.91641 8024
8.93493 8282
8.95386 8532
8.97378 8775
8.9931 9011
9.02218 3600
9.06959 4176
9.08812 4672
9.10306 5115
9.12238 5520
9.14111 5895
9.15963 6246
9.17856 6577
9.19728 6892
9.21621 7192
9.23433 7480
9.25385 7757
9.27258 8024
9.2911 8282
9.31003 8532
9.32935 8775
9.34867 9011
9.37776 3600
9.42517 4176
9.44369 4672
9.45863 5115
9.47795 5520
9.49668 5895
9.5154 6246
9.53413 6577
9.55305 6892
9.57198 7192
9.5903 7480
9.60982 7757
9.62855 8024
9.64727 8282
9.666 8532
9.68512 8775
9.70405 9011
9.73273 3600
9.77974 4176
9.79867 4672
9.81361 5115
9.83293 5520
9.85165 5895
9.87038 6246
9.8891 6577
9.90783 6892
9.92675 7192
9.94528 7480
9.9654 7757
9.98412 8024
10.0028 8282
10.0218 8532
10.0417 8775
10.0604 9011
10.0895 3600
10.1369 4176
10.1558 4672
10.1708 5115
10.1901 5520
10.2088 5895
10.2275 6246
10.2463 6577
10.265 6892
10.2835 7192
10.3022 7480
10.3226 7757
10.3411 8024
10.36 8282
10.3787 8532
10.3979 8775
10.4164 9011
10.4457 3600
10.4929 4176
10.5116 4672
10.5265 5115
10.5459 5520
10.5646 5895
10.5833 6246
10.602 6577
10.6208 6892
10.6393 7192
10.6582 7480
10.6785 7757
10.6973 8024
10.716 8282
10.7353 8532
10.7544 8775
10.7734 9011
10.8028 3600
10.85 4176
10.8688 4672
10.8837 5115
10.903 5520
10.9218 5895
10.9403 6246
10.9594 6577
10.9781 6892
10.9967 7192
11.0148 7480
11.0302 7757
11.0457 8024
11.0605 8282
11.0751 8532
11.086 8775
11.1025 9011
11.1177 9241
11.1314 9465
11.1478 9684
11.1631 9898
11.177 10107
11.1918 10312
11.2137 4320
11.2681 4800
11.2856 5232
11.3031 5628
11.3207 5996
11.3382 6341
11.3557 6668
11.3733 6978
11.391 7275
11.4085 7560
11.4237 7834
11.4432 8098
11.4611 8354
11.4786 8602
11.4962 8843
11.5131 9077
11.5384 3600
11.5746 4176
11.5896 4672
11.6045 5115
11.624 5520
11.6418 5895
11.6597 6246
11.6772 6577
11.6952 6892
11.7129 7192
11.7306 7480
11.747 7757
11.7629 8024
11.7842 8282
11.8017 8532
11.8193 8775
11.8368 9011
11.8543 9241
11.8804 3600
11.9175 4176
11.9324 4672
11.9473 5115
11.9665 5520
11.9842 5895
12.0017 6246
12.0193 6577
12.037 6892
12.0547 7192
12.0724 7480
12.0876 7757
12.1067 8024
12.126 8282
12.1436 8532
12.1611 8775
12.1786 9011
12.1961 9241
12.2222 3600
12.2593 4176
12.2742 4672
12.2896 5115
12.3077 5520
12.3252 5895
12.3428 6246
12.3603 6577
12.3778 6892
12.3955 7192
12.4133 7480
12.429 7757
12.4507 8024
12.4693 8282
12.4868 8532
12.5043 8775
12.5218 9011
12.5487 3600
12.5945 4176
12.6121 4672
12.6272 5115
12.6449 5520
12.6629 5895
12.6804 6246
12.6979 6577
12.7155 6892
12.7332 7192
12.7509 7480
12.7673 7757
12.7852 8024
12.8051 8282
12.8226 8532
12.8402 8775
12.8577 9011
12.8752 9241
12.9017 3600
12.9394 4176
12.9553 4672
12.9702 5115
12.9882 5520
13.0057 5895
13.0232 6246
13.0408 6577
13.0583 6892
13.076 7192
13.0937 7480
13.1099 7757
13.1274 8024
13.1477 8282
13.1653 8532
13.1828 8775
13.2003 9011
13.2178 9241
13.2441 3600
13.2818 4176
13.2975 4672
13.3125 5115
13.33 5520
13.3475 5895
13.3653 6246
13.3828 6577
13.4003 6892
13.418 7192
13.4358 7480
13.4515 7757
13.469 8024
13.4894 8282
13.5069 8532
13.5244 8775
13.5419 9011
13.5595 9241
13.5858 3600
13.6234 4176
13.6386 4672
13.6535 5115
13.6706 5520
13.6888 5895
13.7063 6246
13.7238 6577
13.7415 6892
13.7593 7192
13.777 7480
13.7935 7757
13.8111 8024
13.8314 8282
13.8489 8532
13.8664 8775
13.884 9011
13.9015 9241
13.9278 3600
13.9654 4176
13.981 4672
13.9959 5115
14.0131 5520
14.031 5895
14.0485 6246
14.066 6577
14.0836 6892
14.1013 7192
14.119 7480
14.1348 7757
14.1525 8024
14.173 8282
14.1905 8532
14.2081 8775
14.2256 9011
14.2431 9241
14.2694 3600
14.3069 4176
14.3222 4672
14.3372 5115
14.3543 5520
14.3722 5895
14.3897 6246
14.4073 6577
14.4248 6892
14.4425 7192
14.4603 7480
14.4766 7757
14.4941 8024
14.5144 8282
14.5322 8532
14.5497 8775
14.567 9011
14.5848 9241
14.6111 3600
14.6483 4176
14.6634 4672
14.6784 5115
14.6955 5520
14.7134 5895
14.731 6246
14.7485 6577
14.766 6892
14.7838 7192
14.8015 7480
14.8184 7757
14.8359 8024
14.8563 8282
14.8738 8532
14.8913 8775
14.9089 9011
14.9264 9241
14.9531 3600
14.9905 4176
15.0061 4672
15.021 5115
15.0381 5520
15.0561 5895
15.0736 6246
15.0911 6577
15.1087 6892
15.1264 7192
15.1441 7480
15.1602 7757
15.1778 8024
15.1981 8282
15.2156 8532
15.2332 8775
15.2507 9011
15.2682 9241
15.2945 3600
15.3316 4176
15.3473 4672
15.3622 5115
15.3794 5520
15.3973 5895
15.415 6246
15.4328 6577
15.4501 6892
15.468 7192
15.4857 7480
15.5019 7757
15.5194 8024
15.5397 8282
15.5574 8532
15.575 8775
15.5925 9011
15.61 9241
15.6363 3600
15.6734 4176
15.6891 4672
15.7041 5115
15.7212 5520
15.7391 5895
15.7566 6246
15.7742 6577
15.7919 6892
15.8098 7192
15.8276 7480
15.8437 7757
15.8622 8024
15.8825 8282
15.9001 8532
15.9176 8775
15.9351 9011
15.9614 3600
16.0078 4176
16.0238 4672
16.0389 5115
16.058 5520
16.0756 5895
16.0933 6246
16.1108 6577
16.1286 6892
16.1465 7192
16.164 7480
16.1815 7757
16.1993 8024
16.2192 8282
16.2367 8532
16.2545 8775
16.272 9011
16.2895 9241
16.3164 3600
16.3535 4176
16.3684 4672
16.3833 5115
16.4023 5520
16.4198 5895
16.4375 6246
16.455 6577
16.4726 6892
16.4901 7192
16.5076 7480
16.5246 7757
16.5421 8024
16.5624 8282
16.5799 8532
16.5975 8775
16.615 9011
16.6325 9241
16.6592 3600
16.6959 4176
16.7108 4672
16.7258 5115
16.7447 5520
16.7622 5895
16.7799 6246
16.7975 6577
16.815 6892
16.8325 7192
16.8501 7480
16.8668 7757
16.8843 8024
16.9046 8282
16.9222 8532
16.9397 8775
16.9572 9011
16.9748 9241
17.0011 3600
17.0379 4176
17.0528 4672
17.0678 5115
17.0867 5520
17.1042 5895
17.122 6246
17.1395 6577
17.157 6892
17.1746 7192
17.1921 7480
17.2082 7757
17.2257 8024
17.2461 8282
17.2636 8532
17.2811 8775
17.2987 9011
17.3162 9241
17.3425 3600
17.3791 4176
17.3941 4672
17.409 5115
17.4279 5520
17.4455 5895
17.4632 6246
17.4807 6577
17.4985 6892
17.5162 7192
17.5337 7480
17.5502 7757
17.5678 8024
17.5881 8282
17.6056 8532
17.6232 8775
17.6407 9011
17.6582 9241
17.6841 3600
17.7206 4176
17.7355 4672
17.7504 5115
17.7694 5520
17.7869 5895
17.8048 6246
17.8224 6577
17.8399 6892
17.8574 7192
17.8751 7480
17.8915 7757
17.909 8024
17.9295 8282
17.9471 8532
17.9646 8775
17.9821 9011
17.9996 9241
18.0255 3600
18.0624 4176
18.0773 4672
18.0923 5115
18.1112 5520
18.1287 5895
18.1465 6246
18.164 6577
18.1815 6892
18.199 7192
18.2166 7480
18.2333 7757
18.2508 8024
18.2714 8282
18.2889 8532
18.3064 8775
18.3239 9011
18.3417 9241
18.3678 3600
18.4046 4176
18.4196 4672
18.4345 5115
18.4532 5520
18.4709 5895
18.4887 6246
18.5062 6577
18.5237 6892
18.5413 7192
18.5588 7480
18.5751 7757
18.5927 8024
18.613 8282
18.6305 8532
18.648 8775
18.6656 9011
18.6831 9241
18.7094 3600
18.7448 4176
18.7598 4672
18.7747 5115
18.7937 5520
18.8114 5895
18.8291 6246
18.8466 6577
18.8642 6892
18.8817 7192
18.8992 7480
18.9168 7757
18.9343 8024
18.9546 8282
18.9721 8532
18.9897 8775
19.0072 9011
19.0247 9241
19.051 3600
19.0875 4176
19.1024 4672
19.1174 5115
19.1363 5520
19.154 5895
19.1719 6246
19.1895 6577
19.207 6892
19.2245 7192
19.2421 7480
19.259 7757
19.2765 8024
19.2968 8282
19.3144 8532
19.3319 8775
19.3494 9011
19.367 9241
19.3928 3600
19.4301 4176
19.445 4672
19.46 5115
19.4791 5520
19.4968 5895
19.5146 6246
19.5321 6577
19.5498 6892
19.5673 7192
19.5845 7480
19.6008 7757
19.6185 8024
19.6389 8282
19.6564 8532
19.6739 8775
19.6914 9011
19.709 9241
19.7347 3600
19.7713 4176
19.7863 4672
19.8012 5115
19.8201 5520
19.8379 5895
19.8556 6246
19.8731 6577
19.8906 6892
19.9082 7192
19.9257 7480
19.9422 7757
19.9598 8024
19.9801 8282
19.9978 8532
20.0155 8775
20.0331 9011
20.0506 9241
20.0769 3600
20.1132 4176
20.1281 4672
20.143 5115
20.1616 5520
20.1797 5895
20.1974 6246
20.2149 6577
20.2325 6892
20.25 7192
20.2675 7480
20.2839 7757
20.3014 8024
20.3217 8282
20.3392 8532
20.3568 8775
20.3747 9011
20.3922 9241
20.4183 3600
20.454 4176
20.4689 4672
20.4839 5115
20.5024 5520
20.5205 5895
20.5382 6246
20.5558 6577
20.5733 6892
20.5908 7192
20.6084 7480
20.6257 7757
20.6432 8024
20.6637 8282
20.6811 8532
20.6986 8775
20.7161 9011
20.7337 9241
20.76 3600
20.7964 4176
20.8113 4672
20.8263 5115
20.8452 5520
20.8639 5895
20.8815 6246
20.899 6577
20.9165 6892
20.9341 7192
20.9518 7480
20.9685 7757
20.986 8024
21.0064 8282
21.0239 8532
21.0416 8775
21.0592 9011
21.0767 9241
21.1026 3600
21.1392 4176
21.1542 4672
21.1691 5115
21.1878 5520
21.2064 5895
21.2239 6246
21.2414 6577
21.2592 6892
21.2767 7192
21.2942 7480
21.3105 7757
21.3281 8024
21.3484 8282
21.3659 8532
21.3835 8775
21.401 9011
21.4185 9241
21.4444 3600
21.4803 4176
21.4952 4672
21.5101 5115
21.5287 5520
21.5468 5895
21.5647 6246
21.5823 6577
21.5998 6892
21.6173 7192
21.635 7480
21.6522 7757
21.6699 8024
21.6902 8282
21.7077 8532
21.7253 8775
21.7428 9011
21.7603 9241
21.7866 3600
21.8225 4176
21.8374 4672
21.8524 5115
21.8707 5520
21.889 5895
21.9069 6246
21.9245 6577
21.942 6892
21.9595 7192
21.9771 7480
21.9936 7757
