1 5040
1.02404 5451
1.04761 5831
1.07697 6186
1.07749 6521
1.10634 6838
1.10702 7141
1.13793 7431
1.13946 7710
1.16952 7978
1.18642 8237
1.2011 8488
1.21835 8732
1.23559 8969
1.25147 9200
1.26889 9425
1.28306 9645
1.29945 9859
1.31499 10069
1.33087 10274
1.34657 10475
1.36228 10672
1.37816 10866
1.39438 11056
1.41043 11243
1.42631 11427
1.44236 11608
1.45858 11786
1.47463 11961
1.49854 5040
1.54344 5451
1.57486 5831
1.6044 6186
1.60474 6521
1.63598 6838
1.6394 7141
1.66757 7431
1.68259 7710
1.69916 7978
1.71572 8237
1.73348 8488
1.74936 8732
1.76575 8969
1.78163 9200
1.79853 9425
1.81441 9645
1.83063 9859
1.84668 10069
1.86256 10274
1.87792 10475
1.89363 10672
1.90917 10866
1.92522 11056
1.94059 11243
1.95647 11427
1.972 11608
1.98805 11786
2.00359 11961
2.01913 12134
2.03484 12304
2.05071 12472
2.06642 12638
2.09016 5040
2.13728 5451
2.1687 5831
2.20028 6186
2.20302 6521
2.23187 6838
2.24468 7141
2.2638 7431
2.27626 7710
2.29539 7978
2.30973 8237
2.32732 8488
2.34337 8732
2.35993 8969
2.37495 9200
2.38417 9425
2.39988 9645
2.41576 9859
2.43147 10069
2.44735 10274
2.46306 10475
2.47876 10672
2.49481 10866
2.51001 11056
2.52572 11243
2.54126 11427
2.55662 11608
2.57267 11786
2.58804 11961
2.60392 12134
2.61963 12304
2.63534 12472
2.65104 12638
2.66709 12802
2.69066 5040
2.73624 5451
2.76766 5831
2.79908 6186
2.80198 6521
2.83083 6838
2.8421 7141
2.86242 7431
2.87403 7710
2.89401 7978
2.91211 8237
2.92952 8488
2.94352 8732
2.96094 8969
2.97494 9200
2.98501 9425
2.99253 9645
3.00653 9859
3.0166 10069
3.03214 10274
3.04768 10475
3.06321 10672
3.07858 10866
3.09429 11056
3.11 11243
3.12571 11427
3.14176 11608
3.15798 11786
3.17403 11961
3.19025 12134
3.2063 12304
3.23071 5040
3.2763 5451
3.30328 5831
3.33247 6186
3.33282 6521
3.36406 6838
3.37311 7141
3.39565 7431
3.4047 7710
3.42724 7978
3.4479 8237
3.46412 8488
3.48017 8732
3.49639 8969
3.51244 9200
3.52849 9425
3.54454 9645
3.56059 9859
3.57664 10069
3.59251 10274
3.60839 10475
3.6241 10672
3.63998 10866
3.65569 11056
3.67157 11243
3.68745 11427
3.70367 11608
3.71955 11786
3.7443 5040
3.79894 5451
3.82148 5831
3.84999 6186
3.85034 6521
3.88158 6838
3.89285 7141
3.91317 7431
3.92751 7710
3.94493 7978
3.96542 8237
3.98164 8488
3.99751 8732
4.01339 8969
4.02961 9200
4.04532 9425
4.06137 9645
4.07708 9859
4.0933 10069
4.10884 10274
4.12506 10475
4.14026 10672
4.15613 10866
4.17167 11056
4.18738 11243
4.20377 11427
4.21931 11608
4.2357 11786
4.25175 11961
4.26763 12134
4.28385 12304
4.2999 12472
4.32397 5040
4.36581 5451
4.39189 5831
4.42023 6186
4.42057 6521
4.45199 6838
4.46104 7141
4.48375 7431
4.49262 7710
4.51533 7978
4.53275 8237
4.5488 8488
4.56536 8732
4.58141 8969
4.59797 9200
4.61402 9425
4.63007 9645
4.64612 9859
4.66217 10069
4.67822 10274
4.69427 10475
4.7093 10672
4.72535 10866
4.74088 11056
4.75693 11243
4.77298 11427
4.78937 11608
4.80577 11786
4.82199 11961
4.83804 12134
4.86228 5040
4.90855 5451
4.93997 5831
4.96951 6186
4.96985 6521
5.00109 6838
5.00809 7141
5.03268 7431
5.03968 7710
5.06427 7978
5.08032 8237
5.09773 8488
5.11378 8732
5.13018 8969
5.14674 9200
5.16262 9425
5.17867 9645
5.19437 9859
5.21042 10069
5.22579 10274
5.2415 10475
5.25738 10672
5.27309 10866
5.28862 11056
5.30433 11243
5.32038 11427
5.33626 11608
5.35248 11786
5.36819 11961
5.38424 12134
5.40012 12304
5.41651 12472
5.44024 5040
5.48668 5451
5.51178 5831
5.53961 6186
5.53996 6521
5.5712 6838
5.57803 7141
5.60279 7431
5.60979 7710
5.63455 7978
5.65213 8237
5.66835 8488
5.6844 8732
5.70045 8969
5.7165 9200
5.73255 9425
5.7486 9645
5.76465 9859
5.7807 10069
5.79658 10274
5.81263 10475
5.82834 10672
5.84439 10866
5.8601 11056
5.87632 11243
5.89254 11427
5.90893 11608
5.92532 11786
5.94922 5040
6.00489 5451
6.02657 5831
6.05543 6186
6.05594 6521
6.08701 6838
6.08872 7141
6.1186 7431
6.13636 7710
6.15036 7978
6.16795 8237
6.18178 8488
6.19936 8732
6.21319 8969
6.23078 9200
6.23897 9425
6.25502 9645
6.27124 9859
6.28729 10069
6.30334 10274
6.31939 10475
6.33544 10672
6.35081 10866
6.36703 11056
6.3824 11243
6.39845 11427
6.41415 11608
6.4302 11786
6.45411 5040
6.51062 5451
6.5335 5831
6.56492 6186
6.57312 6521
6.59378 6838
6.60095 7141
6.62451 7431
6.63253 7710
6.6561 7978
6.66395 8237
6.68751 8488
6.69537 8732
6.71893 8969
6.72695 9200
6.74625 9425
6.7623 9645
6.77903 9859
6.79542 10069
6.81164 10274
6.82786 10475
6.84391 10672
6.86013 10866
6.87618 11056
6.89223 11243
6.90828 11427
6.92365 11608
6.94004 11786
6.96326 5040
7.01961 5451
7.04351 5831
7.07493 6186
7.08193 6521
7.10651 6838
7.12069 7141
7.1381 7431
7.14937 7710
7.16764 7978
7.18096 8237
7.19906 8488
7.21237 8732
7.23047 8969
7.24396 9200
7.24891 9425
7.26206 9645
7.27674 9859
7.29331 10069
7.31089 10274
7.32711 10475
7.34316 10672
7.35921 10866
7.37526 11056
7.39131 11243
7.40736 11427
7.42341 11608
7.43946 11786
7.46285 5040
7.51783 5451
7.54139 5831
7.57281 6186
7.58066 6521
7.6044 6838
7.62011 7141
7.63598 7431
7.65169 7710
7.66757 7978
7.68311 8237
7.69899 8488
7.71145 8732
7.72767 8969
7.74082 9200
7.74116 9425
7.75892 9645
7.77275 9859
7.77753 10069
7.79051 10274
7.80434 10475
7.82022 10672
7.83524 10866
7.85539 11056
7.87315 11243
7.88954 11427
7.90627 11608
7.92232 11786
7.93837 11961
7.96296 5040
8.01862 5451
8.04201 5831
8.0736 6186
8.08094 6521
8.10518 6838
8.1214 7141
8.13677 7431
8.15333 7710
8.16836 7978
8.18475 8237
8.19977 8488
8.21617 8732
8.23119 8969
8.24758 9200
8.25458 9425
8.2609 9645
8.27298 9859
8.28425 10069
8.29279 10274
8.30047 10475
8.31379 10672
8.32386 10866
8.33223 11056
8.3452 11243
8.35528 11427
8.36364 11608
8.37662 11786
8.3867 11961
8.39728 12134
8.41589 12304
8.43194 12472
8.44799 12638
8.46404 12802
8.48009 12963
8.49614 13122
8.51219 13280
8.53627 5760
8.5991 6120
8.61566 6458
8.63103 6779
8.64725 7084
8.66261 7376
8.67883 7657
8.6942 7927
8.71076 8188
8.72647 8441
8.74286 8686
8.7596 8924
8.77565 9156
8.78811 9382
8.79648 9603
8.80331 9818
8.81594 10029
8.8267 10235
8.83182 10437
8.84753 10635
8.85828 10829
8.86307 11020
8.87894 11208
8.8897 11393
8.89568 11575
8.91309 11754
8.92556 11930
8.94519 12103
8.96295 12274
8.979 12442
8.99505 12608
9.0111 12772
9.02715 12934
9.0432 13094
9.06727 5760
9.12276 6120
9.14633 6458
9.15435 6779
9.17808 7084
9.1943 7376
9.20967 7657
9.22589 7927
9.24177 8188
9.25782 8441
9.27404 8686
9.29026 8924
9.30648 9156
9.32253 9382
9.33636 9603
9.35258 9818
9.36283 10029
9.36658 10235
9.37969 10437
9.39454 10635
9.39881 10829
9.40632 11020
9.42493 11208
9.4292 11393
9.43723 11575
9.45635 11754
9.46147 11930
9.47138 12103
9.48965 12274
9.50809 12442
9.52636 12608
9.54326 12772
9.56016 12934
9.57707 13094
9.59312 13252
9.61719 5760
9.67336 6120
9.69676 6458
9.71264 6779
9.72834 7084
9.74422 7376
9.75993 7657
9.77581 7927
9.79135 8188
9.8074 8441
9.82345 8686
9.83967 8924
9.85589 9156
9.87194 9382
9.88782 9603
9.89823 9818
9.91326 10029
9.9235 10235
9.92692 10437
9.9407 10635
9.95556 10829
9.9588 11020
9.96888 11208
9.98715 11393
9.99056 11575
10.0003 11754
10.0186 11930
10.0237 12103
10.0355 12274
10.0551 12442
10.0703 12608
10.0887 12772
10.1048 12934
10.1208 13094
10.1369 13252
10.1529 13408
10.177 5760
10.2412 6120
10.2571 6458
10.2731 6779
10.2887 7084
10.3047 7376
10.3203 7657
10.3363 7927
10.3524 8188
10.3682 8441
10.3843 8686
10.4003 8924
10.4157 9156
10.4309 9382
10.4454 9603
10.4592 9818
10.4746 10029
10.4832 10235
10.4896 10437
10.5033 10635
10.5156 10829
10.5243 11020
10.5347 11208
10.547 11393
10.5561 11575
10.5661 11754
10.5784 11930
10.5876 12103
10.602 12274
10.6168 12442
10.639 12608
10.6583 12772
10.6744 12934
10.6911 13094
10.7072 13252
10.7316 5760
10.7871 6120
10.8105 6458
10.8263 6779
10.8426 7084
10.8579 7376
10.8742 7657
10.8897 7927
10.9057 8188
10.9218 8441
10.9378 8686
10.9541 8924
10.9701 9156
10.9858 9382
11.0022 9603
11.0215 9818
11.0353 10029
11.0468 10235
11.0473 10437
11.0602 10635
11.0732 10829
11.0739 11020
11.0852 11208
11.0976 11393
11.0984 11575
11.1101 11754
11.1226 11930
11.1233 12103
11.1236 12274
11.1356 12442
11.1489 12608
11.1496 12772
11.1499 12934
11.1615 13094
11.1742 13252
11.1749 13408
11.1752 13562
11.1894 13714
11.2034 13865
11.2041 14014
11.2044 14161
11.2193 14307
11.2333 14451
11.234 14594
11.2347 14736
11.2495 14876
11.2644 15015
11.2647 15153
11.2656 15289
11.2659 15424
11.2814 15558
11.296 15691
11.2992 15823
11.3026 15954
11.3081 16083
11.313 16211
11.3275 16338
11.334 16464
11.3415 16589
11.3494 16713
11.3583 16837
11.3656 16960
11.374 17082
11.383 17203
11.3917 17323
11.3993 17442
11.4071 17560
11.416 17678
11.4245 17795
11.4337 17911
11.4423 18026
11.4505 18141
11.4585 18255
11.471 7920
11.5171 8181
11.5364 8434
11.5447 8679
11.5678 8917
11.5761 9149
11.5808 9375
11.5994 9596
11.6077 9812
11.6164 10023
11.631 10229
11.6393 10431
11.648 10629
11.6625 10824
11.6707 11015
11.6794 11203
11.694 11388
11.7022 11570
11.7109 11749
11.7254 11925
11.7336 12098
11.7384 12269
11.7424 12438
11.757 12604
11.7652 12768
11.7699 12930
11.7785 13090
11.7885 13248
11.7967 13404
11.8015 13558
11.8101 13710
11.82 13861
11.8282 14010
11.8329 14158
11.8415 14304
11.8507 14448
11.8584 14591
11.8633 14733
11.8707 14873
11.8811 15012
11.8814 15150
11.8896 15286
11.8948 15421
11.9024 15555
11.9128 15688
11.9245 15820
11.932 15951
11.939 16080
11.9446 16208
11.953 16335
11.9608 16461
11.968 16586
11.9728 16711
11.9788 16835
11.9875 16958
11.9946 17080
12.003 17201
12.0086 17321
12.0177 17440
12.0247 17558
12.0332 17676
12.0401 17793
12.0486 17909
12.0578 18024
12.066 18139
12.0733 18253
12.0824 18366
12.0906 18478
12.0988 18590
12.1072 18701
12.1153 18811
12.1234 18921
12.1323 19030
12.1408 19138
12.1531 8640
12.1975 8880
12.2173 9113
12.225 9340
12.2294 9562
12.2489 9778
12.2566 9990
12.2642 10197
12.2805 10400
12.2881 10599
12.2958 10794
12.3119 10986
12.3196 11174
12.3272 11359
12.3433 11541
12.351 11720
12.3587 11896
12.3747 12070
12.3786 12241
12.3858 12410
12.3942 12577
12.4063 12741
12.4141 12903
12.4213 13063
12.4261 13221
12.4379 13377
12.4457 13532
12.4529 13685
12.4608 13836
12.4693 13985
12.4772 14133
12.4843 14279
12.4922 14424
12.5 14567
12.5079 14709
12.5149 14849
12.5239 14988
12.5255 15126
12.5314 15263
12.5393 15398
12.5468 15532
12.5559 15665
12.5625 15797
12.5704 15928
12.5781 16058
12.5871 16187
12.5919 16315
12.5996 16442
12.6074 16568
12.6148 16693
12.6213 16817
12.6277 16940
12.6339 17062
12.6431 17183
12.6501 17303
12.6568 17422
12.6631 17541
12.6728 17659
12.6808 17776
12.6878 17892
12.6957 18007
12.7042 18122
12.7124 18236
12.7213 18349
12.7293 18462
12.7384 18574
12.7468 18685
12.7551 18795
12.7633 18905
12.7722 19014
12.7804 19123
12.7918 8640
12.8412 8880
12.8567 9113
12.8646 9340
12.8728 9562
12.8883 9778
12.8962 9990
12.9043 10197
12.9199 10400
12.9277 10599
12.9359 10794
12.9513 10986
12.9592 11174
12.9674 11359
12.9827 11541
12.9906 11720
12.9988 11896
13.0141 12070
13.0174 12241
13.0222 12410
13.0305 12577
13.0457 12741
13.0534 12903
13.0619 13063
13.0696 13221
13.0773 13377
13.085 13532
13.0935 13685
13.1022 13836
13.1104 13985
13.1185 14133
13.1273 14279
13.1359 14424
13.1439 14567
13.1523 14709
13.1608 14849
13.1688 14988
13.176 15126
13.1815 15263
13.184 15398
13.1919 15532
13.1999 15665
13.2076 15797
13.2136 15928
13.2171 16058
13.2241 16187
13.2325 16315
13.2399 16442
13.2451 16568
13.2499 16693
13.2581 16817
13.2661 16940
13.2747 17062
13.2798 17183
13.2863 17303
13.2945 17422
13.3017 17541
13.308 17659
13.3129 17776
13.321 17892
13.3293 18007
13.3372 18122
13.3426 18236
13.3495 18349
13.3585 18462
13.3664 18574
13.3739 18685
13.3809 18795
13.3901 18905
13.3995 19014
13.4075 19123
13.4154 19231
13.4251 19338
13.4386 8640
13.491 8880
13.5042 9113
13.5137 9340
13.5224 9562
13.5359 9778
13.5455 9990
13.554 10197
13.5679 10400
13.5771 10599
13.5856 10794
13.5993 10986
13.6085 11174
13.617 11359
13.6307 11541
13.6399 11720
13.6484 11896
13.6621 12070
13.666 12241
13.6715 12410
13.68 12577
13.6937 12741
13.6976 12903
13.7031 13063
13.7116 13221
13.7253 13377
13.7335 13532
13.7422 13685
13.7514 13836
13.7596 13985
13.768 14133
13.7763 14279
13.784 14424
13.7924 14567
13.8006 14709
13.8091 14849
13.8175 14988
13.8241 15126
13.8291 15263
13.8322 15398
13.8398 15532
13.8489 15665
13.8561 15797
13.861 15928
13.8646 16058
13.8714 16187
13.8808 16315
13.8877 16442
13.8926 16568
13.8999 16693
13.9064 16817
13.9138 16940
13.923 17062
13.9302 17183
13.9377 17303
13.9438 17422
13.9525 17541
13.9583 17659
13.9653 17776
13.9729 17892
13.9795 18007
13.9874 18122
13.994 18236
14.0029 18349
14.0101 18462
14.0183 18574
14.0246 18685
14.0333 18795
14.0417 18905
14.05 19014
14.0577 19123
14.0659 19231
14.0743 19338
14.0835 19445
14.0963 8640
14.1415 8880
14.1607 9113
14.1692 9340
14.1765 9562
14.1923 9778
14.2008 9990
14.2081 10197
14.2244 10400
14.2327 10599
14.2397 10794
14.2558 10986
14.2641 11174
14.2711 11359
14.2872 11541
14.2956 11720
14.3026 11896
14.3186 12070
14.323 12241
14.3271 12410
14.3341 12577
14.3502 12741
14.3546 12903
14.3625 13063
14.3705 13221
14.3818 13377
14.3862 13532
14.3942 13685
14.4021 13836
14.4132 13985
14.4176 14133
14.4258 14279
14.434 14424
14.4446 14567
14.4491 14709
14.4572 14849
14.4654 14988
14.4687 15126
14.4762 15263
14.4806 15398
14.4888 15532
14.497 15665
14.5042 15797
14.5102 15928
14.5134 16058
14.5204 16187
14.5288 16315
14.5365 16442
14.5428 16568
14.5479 16693
14.5547 16817
14.5629 16940
14.5708 17062
14.5795 17183
14.5844 17303
14.5928 17422
14.6 17541
14.6075 17659
14.6123 17776
14.6184 17892
14.6268 18007
14.6336 18122
14.6415 18236
14.6471 18349
14.6565 18462
14.6644 18574
14.6724 18685
14.6789 18795
14.6881 18905
14.6958 19014
14.704 19123
14.7115 19231
14.7204 19338
14.7289 19445
14.7381 19551
14.7468 19657
14.7595 8640
14.8098 8880
14.8243 9113
14.8334 9340
14.8416 9562
14.8563 9778
14.8653 9990
14.8735 10197
14.8879 10400
14.8969 10599
14.9051 10794
14.9193 10986
14.9283 11174
14.9365 11359
14.9507 11541
14.9597 11720
14.9679 11896
14.9821 12070
14.986 12241
14.9913 12410
14.9995 12577
15.0137 12741
15.0215 12903
15.0297 13063
15.0381 13221
15.0453 13377
15.0533 13532
15.0613 13685
15.0695 13836
15.0767 13985
15.0847 14133
15.0927 14279
15.1013 14424
15.1085 14567
15.1168 14709
15.1243 14849
15.1327 14988
15.1359 15126
15.1394 15263
15.1469 15398
15.1542 15532
15.1633 15665
15.167 15797
15.1711 15928
15.1785 16058
15.1858 16187
15.1949 16315
15.2019 16442
15.2083 16568
15.2143 16693
15.2211 16817
15.2264 16940
15.2367 17062
15.2423 17183
15.249 17303
15.2563 17422
15.2652 17541
15.272 17659
15.2802 17776
15.2882 17892
15.2964 18007
15.3022 18122
15.3101 18236
15.3188 18349
15.3263 18462
15.3345 18574
15.3422 18685
15.3507 18795
15.3589 18905
15.3676 19014
15.3752 19123
15.3844 19231
15.3984 8640
15.4491 8880
15.4633 9113
15.4716 9340
15.4805 9562
15.4948 9778
15.5032 9990
15.5121 10197
15.5264 10400
15.5348 10599
15.5437 10794
15.5578 10986
15.5662 11174
15.5751 11359
15.5894 11541
15.5978 11720
15.6065 11896
15.6209 12070
15.6248 12241
15.6335 12410
15.6381 12577
15.6524 12741
15.6606 12903
15.6688 13063
15.6757 13221
15.684 13377
15.6922 13532
15.7004 13685
15.7071 13836
15.7163 13985
15.7245 14133
15.7322 14279
15.7399 14424
15.7477 14567
15.7559 14709
15.7636 14849
15.7713 14988
15.7766 15126
15.7839 15263
15.7875 15398
15.7936 15532
15.8017 15665
15.8076 15797
15.8146 15928
15.8189 16058
15.8249 16187
15.8336 16315
15.8392 16442
15.8462 16568
15.8534 16693
15.8589 16817
15.8669 16940
15.8747 17062
15.8824 17183
15.8887 17303
15.8966 17422
15.9019 17541
15.9092 17659
15.9156 17776
15.9217 17892
15.9297 18007
15.9371 18122
15.9422 18236
15.95 18349
15.9579 18462
15.9666 18574
15.9734 18685
15.9813 18795
15.9879 18905
15.9972 19014
16.0064 19123
16.0139 19231
16.0236 19338
16.0296 19445
16.0404 19551
16.0532 8640
16.103 8880
16.1181 9113
16.1266 9340
16.1346 9562
16.1496 9778
16.1582 9990
16.1662 10197
16.1812 10400
16.1898 10599
16.1978 10794
16.2126 10986
16.2212 11174
16.2292 11359
16.2441 11541
16.2526 11720
16.2606 11896
16.2755 12070
16.2796 12241
16.2842 12410
16.2922 12577
16.3071 12741
16.3112 12903
16.3158 13063
16.3238 13221
16.3387 13377
16.3467 13532
16.3545 13685
16.3632 13836
16.3713 13985
16.3795 14133
16.3871 14279
16.395 14424
16.4027 14567
16.411 14709
16.4186 14849
16.4264 14988
16.431 15126
16.4377 15263
16.4423 15398
16.4478 15532
16.4553 15665
16.4602 15797
16.4679 15928
16.4732 16058
16.4785 16187
16.487 16315
16.4921 16442
16.4995 16568
16.5058 16693
16.5121 16817
16.5208 16940
16.5275 17062
16.5348 17183
16.5396 17303
16.5471 17422
16.555 17541
16.5625 17659
16.5686 17776
16.5746 17892
16.5833 18007
16.5917 18122
16.599 18236
16.6043 18349
16.6132 18462
16.6214 18574
16.6303 18685
16.6375 18795
16.6458 18905
16.6542 19014
16.6627 19123
16.6706 19231
16.6793 19338
16.6919 8640
16.738 8880
16.7565 9113
16.7648 9340
16.7698 9562
16.788 9778
16.7964 9990
16.8014 10197
16.8196 10400
16.828 10599
16.833 10794
16.851 10986
16.8594 11174
16.8644 11359
16.8825 11541
16.8908 11720
16.8958 11896
16.9139 12070
16.9173 12241
16.9224 12410
16.9274 12577
16.9455 12741
16.9489 12903
16.954 13063
16.959 13221
16.9771 13377
16.9805 13532
16.9857 13685
16.9927 13836
