1 0.0873503
1.01575 0.0899315
1.02591 0.086815
1.07103 0.0829632
1.08208 0.0797178
1.1263 0.076628
1.15678 0.0762995
1.19055 0.0802621
1.21983 0.0818543
1.24821 0.0831225
1.2778 0.0836072
1.30648 0.0840313
1.33666 0.0845274
1.36475 0.0848365
1.39373 0.0851069
1.42421 0.0854686
1.45229 0.085785
1.48068 0.0859369
1.50697 0.0854448
1.53626 0.0852642
1.56345 0.0884811
1.59243 0.091421
1.61902 0.0941184
1.76783 0.0904786
1.8228 0.0912938
1.87778 0.093632
1.93276 0.095678
1.94561 0.0922183
1.98804 0.087691
2.01643 0.0856046
2.04332 0.081779
2.0717 0.0784317
2.10039 0.0791277
2.12758 0.0797367
2.15537 0.0802696
2.18256 0.0804859
2.21035 0.0808002
2.23754 0.0809502
2.24889 0.0790814
2.26562 0.0760712
2.29282 0.0734373
2.31791 0.0728827
2.34779 0.0740223
2.37618 0.0752695
2.40606 0.0769858
2.43176 0.0816126
2.46134 0.085661
2.48584 0.0885784
2.51662 0.0912561
2.54172 0.0935991
2.5716 0.0956492
2.58803 0.0965681
2.60984 0.096122
2.63853 0.0962318
2.65765 0.0949528
2.68245 0.0948337
2.70247 0.0946045
2.7201 0.0930289
2.74878 0.0927753
2.76791 0.0918034
2.7948 0.091828
2.8184 0.0925995
2.84141 0.0961495
3.0673 0.0943809
3.09569 0.0914582
3.12288 0.086901
3.15097 0.0829133
3.17816 0.0795492
3.20624 0.0766055
3.23523 0.0776548
3.26122 0.078323
3.29021 0.0790326
3.3162 0.0792785
3.34519 0.0798687
3.35953 0.0785101
3.38732 0.0775714
3.40046 0.0747499
3.42825 0.0740312
3.45455 0.0731523
3.48144 0.0741333
3.50056 0.0738666
3.51042 0.0716333
3.54239 0.0736791
3.56062 0.0743442
3.58811 0.0760512
3.60903 0.0789198
3.63024 0.0800548
3.65952 0.082423
3.68253 0.0838701
3.71121 0.0861363
3.73811 0.0888693
3.76829 0.0913856
3.94876 0.0884624
4.00374 0.0892796
4.01629 0.0866197
4.05932 0.0827922
4.0874 0.0813182
4.11459 0.0780284
4.14268 0.0751499
4.16987 0.0726311
4.19766 0.0739272
4.22485 0.0749363
4.25264 0.0759443
4.27983 0.0767013
4.30762 0.0774886
4.32136 0.0764275
4.34975 0.0756241
4.37515 0.0746711
4.39756 0.0748372
4.42146 0.0744825
4.44596 0.0739222
4.4615 0.0726819
4.4863 0.0717217
4.5099 0.0737565
4.53799 0.0760369
4.56309 0.0792823
4.5858 0.081747
4.61448 0.0846536
4.64048 0.0869469
4.66946 0.0893286
4.69755 0.0921625
4.72833 0.0948922
4.75671 0.0975307
4.93659 0.0938393
4.99187 0.0959844
5.00322 0.0923614
5.04714 0.0878162
5.07463 0.0857142
5.10242 0.0818749
5.13021 0.0786405
5.1577 0.0756855
5.18549 0.0765998
5.21358 0.0773998
5.24196 0.0782248
5.26975 0.0789467
5.29784 0.0795784
5.32324 0.0798811
5.34116 0.078896
5.36895 0.077909
5.39017 0.0765453
5.4054 0.0749772
5.42572 0.07273
5.44754 0.0707638
5.46158 0.0689183
5.48249 0.0699285
5.51626 0.0725624
5.54016 0.0751171
5.57184 0.0794775
5.59783 0.0839178
5.62831 0.0874281
5.80998 0.0851246
5.86496 0.088234
5.87422 0.0853297
5.92053 0.0816635
5.94145 0.0798306
5.97581 0.0767268
5.99822 0.0742609
6.03109 0.0719783
6.06396 0.073981
6.09444 0.0767334
6.12282 0.0785167
6.15091 0.0795771
6.18019 0.08038
6.20828 0.0810825
6.23487 0.0814472
6.26057 0.0812663
6.28925 0.081233
6.30718 0.0802039
6.32899 0.0786784
6.35588 0.0770936
6.37501 0.0759569
6.4019 0.0782123
6.4255 0.0805607
6.4518 0.0824906
6.48377 0.0856793
6.51126 0.0887194
6.54024 0.0920045
6.57192 0.0955039
6.7999 0.0975659
6.85518 0.0992452
6.8737 0.0960895
6.91046 0.0909533
6.92898 0.0864592
6.96573 0.0825268
6.98426 0.0792109
7.02101 0.0763096
7.05268 0.0776459
7.08077 0.0799401
7.10886 0.0808226
7.13814 0.0814698
7.16473 0.0817861
7.18923 0.0816878
7.20657 0.0799768
7.22001 0.0769797
7.24451 0.0742323
7.26184 0.0718282
7.29501 0.0722247
7.31622 0.0721966
7.33714 0.072672
7.36911 0.077088
7.39063 0.079327
7.4217 0.0825361
7.4465 0.0858441
7.47787 0.0886136
7.50865 0.0922869
7.53853 0.095376
7.7196 0.092079
7.77458 0.0946942
7.78892 0.0914824
7.82986 0.0869221
7.8451 0.0831818
7.88514 0.0797841
7.90038 0.0766861
7.94042 0.0739753
7.97 0.0752284
7.99838 0.0780749
8.02677 0.0790655
8.05486 0.0798073
8.08294 0.0803314
8.11103 0.080915
8.13374 0.0806756
8.16272 0.0805912
8.18424 0.0796423
8.20067 0.078062
8.22308 0.0759292
8.24907 0.0745631
8.27597 0.0746177
8.30555 0.0784155
8.32288 0.0809885
8.35216 0.08374
8.37875 0.0861475
8.41013 0.088504
8.43881 0.091941
8.46839 0.0949484
8.65395 0.0917049
8.71221 0.0928667
8.73223 0.0911334
8.76749 0.0866167
8.78751 0.0826646
8.82277 0.0792066
8.84309 0.0763057
8.87805 0.0737675
8.90763 0.0751716
8.93631 0.0774001
8.9644 0.0784751
8.99249 0.0792907
9.02028 0.0798794
9.04836 0.0803945
9.07496 0.0805952
9.09856 0.0802708
9.12485 0.0797369
9.14995 0.0791448
9.1643 0.0775017
9.18193 0.074939
9.20583 0.0725716
9.22854 0.0733752
9.25663 0.0757033
9.28292 0.0788654
9.31101 0.0822572
9.33909 0.08585
9.36808 0.0891188
9.39796 0.0923539
9.42634 0.0951847
9.65014 0.0971616
9.70512 0.0987664
9.72126 0.0952956
9.7604 0.0902587
9.79058 0.0876013
9.81568 0.0835262
9.84645 0.0800854
9.87096 0.0769497
9.90143 0.078081
9.92593 0.0781959
9.95641 0.0791714
9.98091 0.07915
10.0114 0.0800062
10.0239 0.0783804
10.0362 0.0755829
10.067 0.07301
10.0882 0.0720088
10.1193 0.0733827
10.1375 0.0730848
10.1593 0.0728242
10.188 0.0722212
10.211 0.0745686
10.2382 0.0778725
10.2657 0.0813884
10.2947 0.0845899
10.3233 0.0881411
10.3529 0.0913735
10.3807 0.0943268
10.5612 0.090911
10.6162 0.0932971
10.6281 0.0900099
10.6714 0.0856337
10.6947 0.0831795
10.7267 0.0796571
10.75 0.0766999
10.782 0.0739874
10.8089 0.074989
10.8394 0.0767404
10.8692 0.0781478
10.8955 0.0792544
10.9254 0.0800976
10.9511 0.0803354
10.9771 0.0805434
10.9962 0.0793505
11.0067 0.0763067
11.0339 0.0737684
11.0518 0.0714223
11.0748 0.0709945
11.0893 0.0691202
11.1216 0.0714802
11.1464 0.0744202
11.1724 0.0773676
11.1918 0.0804467
11.2229 0.0830158
11.245 0.0850139
11.2743 0.0871371
11.3024 0.09012
11.3287 0.092105
11.3556 0.0943419
11.5355 0.0911741
11.5907 0.0921524
11.606 0.0893833
11.646 0.0852104
11.6756 0.0833091
11.7013 0.0797705
11.7312 0.0767992
11.7566 0.0740743
11.7861 0.07544
11.8115 0.07601
11.8411 0.0771337
11.8665 0.077492
11.8961 0.0784305
11.911 0.0773767
11.9397 0.0768296
11.9648 0.0757259
11.9831 0.0752602
12.0108 0.0747276
12.0344 0.0741367
12.0533 0.0736196
12.0832 0.0735422
12.1032 0.0759744
12.1334 0.0788526
12.157 0.081871
12.1862 0.0845121
12.2119 0.0874481
12.24 0.0898921
12.2675 0.0925306
12.2938 0.0943393
12.3213 0.0962969
12.3488 0.0977597
12.5215 0.0937898
12.5768 0.0946911
12.5884 0.0912297
12.632 0.086826
12.6574 0.0845977
12.6873 0.080898
12.713 0.0777858
12.7426 0.0749375
12.768 0.0755703
12.7982 0.076749
12.823 0.0771554
12.8532 0.078261
12.878 0.0783534
12.892 0.0773092
12.9084 0.0745205
12.9332 0.0722055
12.9637 0.0720548
12.981 0.0721729
13.0112 0.0729013
13.0193 0.0707887
13.0372 0.0689401
13.0665 0.0709476
13.0793 0.0705791
13.0997 0.0717567
13.1281 0.0741621
13.1517 0.0755169
13.1824 0.0789523
13.2087 0.0827082
13.235 0.0857447
13.2616 0.0887766
13.2903 0.0911795
13.4666 0.0880321
13.5216 0.0894031
13.5302 0.0862277
13.5768 0.0823242
13.5984 0.0805337
13.6321 0.077467
13.6536 0.0746586
13.6877 0.0722013
13.7116 0.0730511
13.7427 0.0750447
13.769 0.0757891
13.798 0.0770655
13.8243 0.0776823
13.8332 0.076097
13.8538 0.0735849
13.8807 0.0713868
13.9082 0.0718384
13.9309 0.0724836
13.9569 0.0729232
13.9781 0.0725578
14.0032 0.0726131
14.0301 0.0760364
14.0561 0.0790319
14.0824 0.0821529
14.1063 0.0847588
14.1359 0.0872889
14.1631 0.0897528
14.1861 0.0915337
14.2136 0.093467
14.2411 0.0950336
14.4153 0.0915294
14.4712 0.0924632
14.4861 0.0897803
14.5267 0.0854328
14.5536 0.0831287
14.582 0.0797376
14.6095 0.0767704
14.6379 0.0740491
14.6645 0.075043
14.6929 0.0760376
14.7198 0.0767829
14.7478 0.07756
14.775 0.07824
14.7909 0.077335
14.8031 0.0746681
14.83 0.0722096
14.8485 0.0704334
14.8701 0.0700042
14.8853 0.0681287
14.9038 0.0664876
14.9256 0.0650517
14.9513 0.0670452
14.9782 0.0702896
14.9997 0.0735034
15.0293 0.0773154
15.0562 0.080776
15.0837 0.083804
15.1106 0.0872035
15.1357 0.0895531
15.1653 0.0919839
15.1925 0.0941109
15.3693 0.0907221
15.4243 0.0916318
15.4369 0.0885528
15.4796 0.0843587
15.5053 0.0824389
15.5349 0.079009
15.5609 0.0760079
15.5902 0.0735069
15.6173 0.0746935
15.6451 0.0759819
15.6723 0.0767341
15.7001 0.0775174
15.7273 0.0780777
15.739 0.076568
15.7554 0.073872
15.7838 0.071638
15.8089 0.0714332
15.8238 0.0710041
15.8552 0.0711286
15.8773 0.0708625
15.9072 0.0725047
15.929 0.0765666
15.9577 0.0797458
15.9828 0.0829026
16.0118 0.0855397
16.0401 0.0888473
16.0664 0.0913664
16.0927 0.0936956
16.1208 0.0956086
16.1504 0.0974075
16.1791 0.0993566
16.3434 0.095187
16.3984 0.0955386
16.4127 0.0922213
16.4537 0.0875686
16.4827 0.0853726
16.509 0.081576
16.5379 0.078254
16.5642 0.0754722
16.5929 0.0765382
16.6192 0.0772209
16.6479 0.0779433
16.6742 0.0784504
16.7029 0.0790191
16.7083 0.0767667
16.7295 0.0740459
16.7585 0.0717901
16.7815 0.0719414
16.8093 0.0729487
16.8332 0.0732051
16.8589 0.0736795
16.8825 0.0735945
16.9117 0.0771452
16.9351 0.0802521
16.9607 0.0829706
16.9882 0.0858492
17.0166 0.0882431
17.045 0.0909627
17.0707 0.0933424
17.0985 0.0954246
17.2697 0.0916215
17.3247 0.0926688
17.3339 0.0890852
17.38 0.0848246
17.4036 0.0829715
17.4352 0.0796
17.4588 0.076525
17.4905 0.0738344
17.5162 0.0747301
17.5455 0.0762638
17.5712 0.0768559
17.6005 0.0777489
17.6262 0.0781553
17.6387 0.0767609
17.6558 0.0740408
17.6815 0.0716607
17.7048 0.0709531
17.7251 0.0708339
17.7499 0.0704797
17.7714 0.0700447
17.7962 0.0701641
17.8198 0.0731436
17.8482 0.0763757
17.8733 0.0795787
17.8978 0.0822564
17.9235 0.0849743
17.9522 0.0873525
17.9794 0.0896835
18.0068 0.092098
18.0334 0.0943358
18.0615 0.0961688
18.2303 0.0926477
18.2853 0.0935667
18.2961 0.0901209
18.3406 0.0857308
18.3678 0.0838894
18.3959 0.0802783
18.4231 0.0772435
18.4512 0.074588
18.4786 0.0756395
18.5064 0.0765596
18.5348 0.0773646
18.5617 0.0780691
18.5916 0.0789354
18.6155 0.0791935
18.634 0.0784193
18.6579 0.0768669
18.6809 0.0753835
18.6893 0.0728356
18.7132 0.0707311
18.7362 0.0688897
18.7446 0.0671535
18.7697 0.0687593
18.7981 0.0707894
18.8199 0.0723157
18.8465 0.0760263
18.8728 0.079398
18.9008 0.0822232
18.928 0.0855703
18.957 0.088749
18.9833 0.0915304
19.0045 0.0930891
19.1817 0.089828
19.2367 0.0902245
19.2489 0.0873214
19.292 0.0832812
19.318 0.0814961
19.3473 0.0783091
19.3735 0.0755204
19.4025 0.0729554
19.4297 0.074086
19.4575 0.0753252
19.4856 0.0762846
19.514 0.077249
19.5418 0.0780929
19.5684 0.0787063
19.5929 0.078743
19.6102 0.0775251
19.6236 0.0747095
19.6481 0.0723708
19.6655 0.0701994
19.6789 0.0682995
19.7034 0.0666371
19.7264 0.0680574
19.7488 0.0699253
19.7799 0.0738096
19.802 0.0769584
19.828 0.0800886
19.8555 0.0834525
19.8824 0.085896
19.909 0.088409
19.9332 0.0904828
19.9595 0.0921725
20.1295 0.0894009
20.1845 0.0909758
20.1958 0.0878538
20.2398 0.0837471
20.2655 0.0820287
20.295 0.0787751
20.3207 0.0758032
20.3503 0.0732028
20.3757 0.0740525
20.4053 0.0754209
20.4307 0.0759933
20.4603 0.0771191
20.486 0.0774792
20.5003 0.0765443
20.5159 0.0738513
20.5416 0.0716199
20.5556 0.0695424
20.5711 0.0678496
20.5971 0.0663684
20.6112 0.0650723
20.6264 0.0638133
20.6521 0.0659616
20.6662 0.0663414
20.6814 0.0667988
20.7071 0.0685739
20.7211 0.0686272
20.7364 0.0687988
20.7621 0.0703239
20.7761 0.0701584
20.8 0.0712636
20.8281 0.0738557
20.8556 0.0762487
20.8831 0.0800926
20.9103 0.083831
20.9336 0.0864772
21.1048 0.0840425
21.1311 0.0821622
21.1601 0.0788919
21.1864 0.0759054
21.2153 0.0732923
21.2416 0.0710057
21.2703 0.07263
21.2966 0.0736763
21.3253 0.0749667
21.3516 0.0757209
21.3803 0.0767558
21.3937 0.0756613
21.4215 0.0749536
21.4359 0.0724594
21.449 0.070402
21.4771 0.0686018
21.4911 0.0670265
21.5147 0.0667732
21.5324 0.0653016
21.5539 0.0666389
21.5727 0.068434
21.5909 0.0693798
21.6154 0.0710823
21.6346 0.072322
21.66 0.0741567
21.6821 0.0763872
21.7042 0.0779638
21.7314 0.0803433
21.7565 0.0824254
21.7837 0.0847472
21.9594 0.0826538
