1 0.106281
1.08121 0.102621
1.14057 0.102544
1.19993 0.104476
1.2585 0.106166
1.25929 0.100395
1.31826 0.095346
1.35451 0.0953028
1.40192 0.0937649
1.4314 0.0916693
1.47084 0.0947106
1.50311 0.0956218
1.54614 0.0980441
1.58439 0.100039
1.62462 0.102659
1.66247 0.104326
1.70032 0.105786
1.73737 0.106687
1.77482 0.107351
1.81147 0.107808
1.84972 0.108332
1.88717 0.108915
1.92462 0.109426
1.96247 0.114623
1.99992 0.119045
2.19434 0.113289
2.2517 0.113753
2.3035 0.113159
2.36206 0.112889
2.36286 0.106153
2.42182 0.100259
2.46126 0.100101
2.50628 0.0982137
2.54652 0.096562
2.58397 0.0997418
2.62381 0.101899
2.66245 0.103662
2.69911 0.105204
2.73656 0.106178
2.77401 0.106906
2.81146 0.107543
2.84731 0.107975
2.88476 0.108228
2.92301 0.1087
2.96046 0.109237
2.99751 0.109708
3.03416 0.109869
3.07201 0.11476
3.10866 0.118915
3.29073 0.112551
3.34411 0.112607
3.39471 0.111531
3.45407 0.11134
3.46443 0.106172
3.51383 0.100276
3.55208 0.0987413
3.59909 0.0971487
3.63654 0.0955051
3.67678 0.0990669
3.71423 0.101059
3.75168 0.102801
3.78913 0.104076
3.82498 0.104817
3.86283 0.10559
3.89948 0.106141
3.93653 0.106873
3.97478 0.107514
4.01103 0.108075
4.04888 0.108565
4.08713 0.10912
4.12538 0.10973
4.16282 0.114889
4.20027 0.119528
4.3935 0.113212
4.4433 0.11231
4.49509 0.111021
4.55445 0.111019
4.56959 0.106391
4.61421 0.100592
4.65564 0.0987684
4.69588 0.0965473
4.73532 0.0944789
4.77397 0.097419
4.81142 0.0997417
4.84966 0.101524
4.88672 0.102958
4.92496 0.104214
4.95962 0.104937
4.99787 0.105695
5.03612 0.106483
5.07317 0.107423
5.11221 0.10837
5.14966 0.108949
5.18711 0.10958
5.22535 0.110007
5.264 0.115132
5.30185 0.11974
5.49109 0.112773
5.53969 0.111176
5.59387 0.110029
5.65324 0.110525
5.67555 0.10696
5.713 0.100965
5.75483 0.0982192
5.79507 0.0963168
5.8353 0.0944022
5.87435 0.0976019
5.9118 0.0999017
5.95044 0.101789
5.98749 0.10319
6.02494 0.104417
6.06359 0.105489
6.09944 0.106303
6.1357 0.10689
6.17195 0.107029
6.20701 0.10715
6.24645 0.107632
6.2839 0.108178
6.32334 0.109155
6.36199 0.114761
6.39944 0.119541
6.59067 0.112848
6.64007 0.111992
6.69744 0.111368
6.7568 0.111947
6.77473 0.107579
6.81656 0.101631
6.83449 0.0964275
6.87632 0.0918741
6.89544 0.0880148
6.93568 0.089638
6.9548 0.0881832
6.99504 0.0896603
7.01417 0.0883278
7.0544 0.0897868
7.07353 0.0883135
7.09225 0.0870243
7.11416 0.0836462
7.13329 0.0806905
7.15201 0.0781041
7.17392 0.0757161
7.19305 0.0737516
7.2309 0.0742827
7.26795 0.0793723
7.3054 0.0859508
7.34404 0.0940819
7.55639 0.0921967
7.61575 0.0931721
7.66953 0.0956506
7.71893 0.0965693
7.71973 0.0907481
7.77431 0.0864046
7.77511 0.082604
7.83407 0.0797785
7.86833 0.0814312
7.91216 0.0883773
7.9516 0.0919551
7.98985 0.0955857
8.03128 0.0985125
8.06873 0.100823
8.10618 0.102846
8.14363 0.10399
8.17829 0.104741
8.21574 0.105273
8.24841 0.105239
8.28665 0.105584
8.32291 0.105761
8.35836 0.106291
8.39661 0.111505
8.43406 0.116067
8.64362 0.111183
8.70298 0.112035
8.75517 0.112031
8.80537 0.110902
8.80617 0.103414
8.86035 0.0973626
8.86114 0.0920672
8.92011 0.0880588
8.95437 0.0886765
8.99819 0.0947169
9.03684 0.0973773
9.07747 0.10058
9.11811 0.103008
9.15556 0.105007
9.19301 0.106381
9.23046 0.107083
9.26552 0.107448
9.30217 0.107642
9.34002 0.107937
9.37428 0.10807
9.41133 0.108186
9.44759 0.108038
9.48623 0.112783
9.52567 0.11756
9.73722 0.112615
9.79659 0.113413
9.85196 0.113487
9.90216 0.112551
9.90296 0.104857
9.95913 0.0988748
9.95993 0.0936404
10.0189 0.0893104
10.0512 0.0896466
10.099 0.0958157
10.1376 0.0987138
10.179 0.102375
10.2165 0.104328
10.2539 0.105787
10.2914 0.106563
10.3277 0.107118
10.3643 0.107603
10.3998 0.107653
10.4372 0.107946
10.4715 0.107828
10.5101 0.108224
10.5468 0.108321
10.585 0.113281
10.6233 0.118121
10.836 0.113231
10.8954 0.113952
10.9531 0.114333
11.0045 0.113666
11.0053 0.105958
11.0623 0.0999634
11.0631 0.0947179
11.122 0.0902532
11.1634 0.0914715
11.2025 0.0974126
11.2435 0.100486
11.2833 0.102925
11.3252 0.105435
11.3626 0.10713
11.4005 0.108364
11.4351 0.108568
11.4726 0.108747
11.5068 0.108404
11.5447 0.108479
11.5805 0.108419
11.616 0.108491
11.6546 0.10868
11.6937 0.11372
11.7311 0.11838
11.9443 0.113457
12.0036 0.11415
12.0614 0.114506
12.114 0.113943
12.1152 0.10645
12.171 0.100269
12.1718 0.0947354
12.2307 0.0903934
12.2682 0.0912193
12.3112 0.0973169
12.3522 0.100402
12.3925 0.103352
12.4331 0.105683
12.4706 0.107223
12.5088 0.10832
12.5459 0.10878
12.5833 0.109307
12.6208 0.109644
12.657 0.109938
12.6949 0.110071
12.7319 0.110187
12.7682 0.110289
12.8084 0.115378
12.8459 0.119831
13.0582 0.114727
13.1176 0.115261
13.1789 0.115853
13.2323 0.115747
13.2331 0.108153
13.2913 0.102009
13.2921 0.096633
13.351 0.0920538
13.3801 0.0915471
13.4299 0.0972287
13.4717 0.100075
13.5104 0.103816
13.5478 0.105589
13.5853 0.10664
13.6227 0.10731
13.6586 0.107771
13.696 0.108175
13.7323 0.108403
13.7674 0.108478
13.8044 0.108418
13.8415 0.108491
13.8809 0.109054
13.9175 0.114173
13.957 0.118901
14.1681 0.113663
14.2271 0.11433
14.2861 0.114789
14.3391 0.114441
14.3399 0.10676
14.3972 0.100665
14.398 0.0954572
14.457 0.0909001
14.4885 0.0907876
14.5339 0.0963141
14.5749 0.0990248
14.6139 0.102272
14.6518 0.104238
14.6892 0.105583
14.7275 0.106635
14.763 0.107181
14.8008 0.107658
14.8343 0.107576
14.8721 0.107879
14.9092 0.108019
14.9446 0.108267
14.9825 0.108483
15.0207 0.113423
15.0582 0.11787
15.2681 0.112761
15.3227 0.112916
15.3817 0.112927
15.4339 0.112686
15.4347 0.105225
15.49 0.0991969
15.4908 0.0937973
15.5498 0.0894476
15.5825 0.0897667
15.6251 0.0954209
15.6661 0.0981182
15.7076 0.101478
15.745 0.103794
15.7825 0.105319
15.8199 0.106155
15.8566 0.10676
15.892 0.107165
15.9287 0.107395
15.9633 0.107345
16.0012 0.107552
16.0394 0.107983
16.0761 0.10861
16.1143 0.113909
16.1518 0.11842
16.3621 0.113368
16.4155 0.113322
16.4749 0.113157
16.5267 0.112887
16.5275 0.105401
16.582 0.099226
16.5836 0.0938227
16.6418 0.0894699
16.6665 0.0886611
16.7139 0.0938285
16.7541 0.0962249
16.7948 0.100197
16.8322 0.102547
16.8697 0.104104
16.9071 0.105216
16.9434 0.105939
16.9792 0.106447
17.0151 0.106641
17.0514 0.106811
17.086 0.106834
17.1251 0.10723
17.1625 0.107701
17.2 0.112739
17.2382 0.117646
17.4517 0.11269
17.5111 0.113479
17.5705 0.114169
17.6235 0.113898
17.6247 0.106411
17.6812 0.100359
17.682 0.0950646
17.741 0.0905565
17.7705 0.0902369
17.8175 0.0958323
17.8565 0.0983533
17.898 0.101934
17.9354 0.103942
17.9729 0.10545
18.0103 0.106393
18.0462 0.106969
18.0832 0.107473
18.1187 0.107539
18.1545 0.107597
18.1904 0.107522
18.2278 0.107707
18.2641 0.107993
18.3031 0.113119
18.341 0.117729
18.5513 0.112638
18.6107 0.113433
18.6708 0.114129
18.7222 0.113863
18.723 0.106255
18.7788 0.0999733
18.7796 0.0944766
18.8386 0.090167
18.8712 0.0903962
18.9143 0.0959716
18.9533 0.0983502
18.9939 0.101306
19.0322 0.103393
19.0696 0.104969
19.1087 0.106223
19.1445 0.106945
19.1824 0.107702
19.2178 0.107864
19.2549 0.108131
19.2935 0.10849
19.331 0.109054
19.37 0.109922
19.4083 0.115432
19.4461 0.120128
19.6569 0.114737
19.715 0.115145
19.7732 0.115377
19.8262 0.114829
19.827 0.107101
19.8844 0.100963
19.8852 0.0957178
19.9441 0.0912531
19.98 0.0915964
20.0246 0.0975219
20.0652 0.100457
20.1051 0.10365
20.1437 0.105568
20.18 0.106622
20.2186 0.10742
20.2545 0.107867
20.2923 0.108509
20.329 0.108695
20.3668 0.109108
20.4047 0.10947
20.4433 0.110161
20.4812 0.110766
20.519 0.116045
20.5573 0.120664
20.7692 0.115331
20.823 0.11504
20.8824 0.114785
20.9365 0.114687
20.9373 0.107226
20.9963 0.101323
21.0023 0.0967824
21.0561 0.0921846
21.0987 0.0926615
21.1437 0.0987038
21.1812 0.101991
21.219 0.104367
21.2565 0.105446
21.2939 0.106265
21.3306 0.106857
21.366 0.10725
21.4035 0.107594
21.4393 0.10777
21.4768 0.108048
21.5122 0.108167
21.5501 0.108521
21.5883 0.108956
21.6258 0.113962
21.6656 0.118841
21.8744 0.113611
21.9301 0.113785
21.9863 0.113562
