1 13248
1.00144 13404
1.00993 13558
1.01973 13710
1.03108 13861
1.04865 14010
1.05738 14158
1.06694 14304
1.07829 14448
1.09586 14591
1.10471 14733
1.11415 14873
1.12551 15012
1.13124 15150
1.14319 15286
1.15204 15421
1.16148 15555
1.17284 15688
1.18407 15820
1.19052 15951
1.19937 16080
1.20881 16208
1.22017 16335
1.2314 16461
1.23785 16586
1.24873 16711
1.26032 16835
1.27108 16958
1.28291 17080
1.29355 17201
1.30479 17321
1.3159 17440
1.32678 17558
1.33789 17676
1.34889 17793
1.35953 17909
1.36992 18024
1.3802 18139
1.39048 18253
1.40172 18366
1.41211 18478
1.42239 18590
1.43219 18701
1.44247 18811
1.45323 18921
1.46351 19030
1.47331 19138
1.48323 19246
1.49434 19353
1.50474 19460
1.5149 19566
1.52482 19671
1.5345 19776
1.54574 19880
1.55566 19984
1.56522 20087
1.5749 20190
1.58434 20292
1.59474 20394
1.61028 9360
1.66777 9581
1.69832 9797
1.70645 10008
1.71063 10215
1.74071 10417
1.74884 10616
1.75386 10811
1.78374 11002
1.7911 11190
1.79612 11375
1.82756 11557
1.83353 11736
1.83845 11912
1.87114 12086
1.87138 12257
1.87843 12426
1.88345 12592
1.91799 12756
1.91823 12918
1.92576 13078
1.93078 13236
1.96532 13392
1.97213 13546
1.97919 13699
1.98791 13850
2.01253 13999
2.01935 14147
2.0264 14293
2.03512 14438
2.05974 14581
2.06656 14723
2.07361 14863
2.08233 15002
2.08795 15140
2.10707 15276
2.11389 15411
2.12094 15545
2.12966 15678
2.14114 15810
2.1544 15941
2.16122 16071
2.16827 16200
2.17699 16328
2.18847 16454
2.20173 16580
2.21333 16705
2.2248 16829
2.23603 16952
2.24727 17074
2.2585 17195
2.26938 17315
2.28038 17434
2.29113 17552
2.30213 17670
2.31336 17787
2.32412 17903
2.33488 18018
2.34563 18133
2.35675 18247
2.36751 18360
2.37826 18472
2.38926 18584
2.40049 18695
2.41101 18805
2.42165 18915
2.43778 8640
2.49671 8880
2.5238 9113
2.53455 9340
2.5391 9562
2.56618 9778
2.57706 9990
2.5816 10197
2.60993 10400
2.61993 10599
2.62411 10794
2.65423 10986
2.66403 11174
2.66666 11359
2.69697 11541
2.70654 11720
2.70988 11896
2.73996 12070
2.7402 12241
2.7506 12410
2.7537 12577
2.78573 12741
2.78597 12903
2.79793 13063
2.80103 13221
2.83306 13377
2.83892 13532
2.84526 13685
2.85255 13836
2.88027 13985
2.88613 14133
2.89247 14279
2.89976 14424
2.92772 14567
2.93346 14709
2.93992 14849
2.94745 14988
2.96167 15126
2.97505 15263
2.98079 15398
2.98725 15532
2.99477 15665
3.009 15797
3.02238 15928
3.03469 16058
3.0482 16187
3.05955 16315
3.07127 16442
3.08322 16568
3.09493 16693
3.10629 16817
3.11764 16940
3.129 17062
3.13987 17183
3.15099 17303
3.16222 17422
3.17286 17541
3.18338 17659
3.19366 17776
3.20489 17892
3.21589 18007
3.22688 18122
3.23704 18236
3.2478 18349
3.25915 18462
3.27087 18574
3.28114 18685
3.29142 18795
3.30218 18905
3.31951 8640
3.3764 8880
3.40391 9113
3.41425 9340
3.41891 9562
3.44688 9778
3.45675 9990
3.46142 10197
3.49058 10400
3.49914 10599
3.50404 10794
3.53524 10986
3.54229 11174
3.54695 11359
3.5775 11541
3.58468 11720
3.5897 11896
3.62085 12070
3.62109 12241
3.62838 12410
3.63399 12577
3.66794 12741
3.66818 12903
3.67571 13063
3.68132 13221
3.71527 13377
3.72101 13532
3.72818 13685
3.73499 13836
3.76248 13985
3.76822 14133
3.77539 14279
3.78232 14424
3.81017 14567
3.81567 14709
3.8226 14849
3.82953 14988
3.83467 15126
3.85762 15263
3.863 15398
3.87578 15532
3.88762 15665
3.90064 15797
3.91068 15928
3.92431 16058
3.9359 16187
3.94821 16315
3.95837 16442
3.97044 16568
3.98252 16693
3.99375 16817
4.00499 16940
4.01622 17062
4.02745 17183
4.03869 17303
4.04969 17422
4.06056 17541
4.07156 17659
4.08231 17776
4.09343 17892
4.10419 18007
4.11518 18122
4.12618 18236
4.13682 18349
4.14769 18462
4.15881 18574
4.16933 18685
4.1802 18795
4.1906 18905
4.20662 8640
4.26207 8880
4.28988 9113
4.30064 9340
4.30458 9562
4.33239 9778
4.34326 9990
4.34709 10197
4.37477 10400
4.38613 10599
4.38959 10794
4.41744 10986
4.42851 11174
4.43186 11359
4.46019 11541
4.4709 11720
4.47425 11896
4.50377 12070
4.50401 12241
4.51512 12410
4.51895 12577
4.54955 12741
4.54978 12903
4.56221 13063
4.56616 13221
4.59688 13377
4.60405 13532
4.60954 13685
4.61743 13836
4.64409 13985
4.65126 14133
4.65675 14279
4.66488 14424
4.69142 14567
4.69847 14709
4.70408 14849
4.71209 14988
4.71855 15126
4.73875 15263
4.74604 15398
4.75811 15532
4.77066 15665
4.78321 15797
4.79492 15928
4.80723 16058
4.81906 16187
4.83137 16315
4.84309 16442
4.85492 16568
4.86639 16693
4.87763 16817
4.88886 16940
4.9001 17062
4.91109 17183
4.92209 17303
4.93308 17422
4.9442 17541
4.95544 17659
4.96583 17776
4.97635 17892
4.98735 18007
4.9987 18122
5.01006 18236
5.02057 18349
5.03121 18462
5.04173 18574
5.0532 18685
5.06408 18795
5.07436 18905
5.09061 8640
5.14571 8880
5.17459 9113
5.18391 9340
5.18882 9562
5.21758 9778
5.22654 9990
5.23168 10197
5.26008 10400
5.26917 10599
5.27538 10794
5.30235 10986
5.31155 11174
5.31777 11359
5.34462 11541
5.35394 11720
5.36052 11896
5.38753 12070
5.38777 12241
5.39781 12410
5.40354 12577
5.43366 12741
5.4339 12903
5.44514 13063
5.45087 13221
5.48099 13377
5.489 13532
5.49689 13685
5.50382 13836
5.5282 13985
5.53621 14133
5.5441 14279
5.55103 14424
5.57553 14567
5.58402 14709
5.59131 14849
5.59824 14988
5.60398 15126
5.62286 15263
5.63135 15398
5.63864 15532
5.64557 15665
5.65657 15797
5.67019 15928
5.67868 16058
5.68597 16187
5.6929 16315
5.7039 16442
5.71752 16568
5.72912 16693
5.74035 16817
5.75158 16940
5.76282 17062
5.77417 17183
5.78529 17303
5.79652 17422
5.80764 17541
5.81876 17659
5.82963 17776
5.84027 17892
5.8515 18007
5.8625 18122
5.87326 18236
5.88401 18349
5.89477 18462
5.90565 18574
5.91688 18685
5.92728 18795
5.93828 18905
5.95417 8640
6.01345 8880
6.04042 9113
6.0507 9340
6.05614 9562
6.08281 9778
6.09309 9990
6.099 10197
6.1252 10400
6.13595 10599
6.14151 10794
6.17043 10986
6.17822 11174
6.18389 11359
6.21282 11541
6.22088 11720
6.22616 11896
6.25544 12070
6.25568 12241
6.26417 12410
6.27027 12577
6.29979 12741
6.30003 12903
6.31007 13063
6.31664 13221
6.34712 13377
6.35297 13532
6.36062 13685
6.37042 13836
6.39433 13985
6.4003 14133
6.40807 14279
6.41763 14424
6.44154 14567
6.44775 14709
6.45528 14849
6.46496 14988
6.47094 15126
6.48887 15263
6.50106 15398
6.51444 15532
6.52795 15665
6.53978 15797
6.5515 15928
6.56345 16058
6.57636 16187
6.58795 16315
6.59966 16442
6.61102 16568
6.62225 16693
6.63337 16817
6.6446 16940
6.65584 17062
6.66707 17183
6.67807 17303
6.68859 17422
6.69839 17541
6.7089 17659
6.72002 17776
6.73078 17892
6.74129 18007
6.75121 18122
6.76149 18236
6.77285 18349
6.78384 18462
6.79376 18574
6.8044 18685
6.81504 18795
6.82579 18905
6.84109 8640
6.89655 8880
6.92667 9113
6.93559 9340
6.93906 9562
6.96918 9778
6.97893 9990
6.98216 10197
7.01336 10400
7.02471 10599
7.0283 10794
7.06057 10986
7.07192 11174
7.07539 11359
7.1067 11541
7.11877 11720
7.1226 11896
7.15415 12070
7.15774 12241
7.1661 12410
7.17447 12577
7.20148 12741
7.2114 12903
7.22096 13063
7.22909 13221
7.24905 13377
7.25909 13532
7.26841 13685
7.28036 13836
7.29626 13985
7.3063 14133
7.31562 14279
7.32769 14424
7.34347 14567
7.35351 14709
7.36283 14849
7.3749 14988
7.38255 15126
7.3908 15263
7.40084 15398
7.41016 15532
7.42223 15665
7.43 15797
7.43813 15928
7.44817 16058
7.45749 16187
7.46956 16315
7.47733 16442
7.48546 16568
7.49669 16693
7.50841 16817
7.5194 16940
7.531 17062
7.54235 17183
7.55311 17303
7.56386 17422
7.57331 17541
7.58371 17659
7.59434 17776
7.60486 17892
7.61526 18007
7.62482 18122
7.63474 18236
7.6455 18349
7.65649 18462
7.66582 18574
7.67538 18685
7.68518 18795
7.69677 18905
7.70801 19014
7.71852 19123
7.72856 19231
7.73836 19338
7.75055 19445
7.76131 19551
7.77135 19657
7.78091 19762
7.79263 19866
7.8041 19970
7.82012 8640
7.88561 8880
7.91131 9113
7.91896 9340
7.92888 9562
7.95441 9778
7.9623 9990
7.97246 10197
7.99899 10400
8.00724 10599
8.01907 10794
8.04585 10986
8.05373 11174
8.06485 11359
8.08995 11541
8.09855 11720
8.11087 11896
8.13716 12070
8.14218 12241
8.15067 12410
8.15843 12577
8.18449 12741
8.18951 12903
8.198 13063
8.20576 13221
8.23206 13377
8.23684 13532
8.24533 13685
8.25835 13836
8.27927 13985
8.28417 14133
8.29636 14279
8.30616 14424
8.32648 14567
8.33138 14709
8.34357 14849
8.35337 14988
8.36114 15126
8.37381 15263
8.38624 15398
8.39795 15532
8.40967 15665
8.42138 15797
8.43261 15928
8.44409 16058
8.45556 16187
8.46632 16315
8.47743 16442
8.48783 16568
8.49931 16693
8.50923 16817
8.51938 16940
8.52859 17062
8.53863 17183
8.54938 17303
8.55823 17422
8.56827 17541
8.57831 17659
8.58823 17776
8.5991 17892
8.60914 18007
8.61906 18122
8.62934 18236
8.64022 18349
8.65038 18462
8.66018 18574
8.67022 18685
8.68086 18795
8.69221 18905
8.70273 19014
8.71325 19123
8.72209 19231
8.73273 19338
8.74432 19445
8.75472 19551
8.7644 19657
8.77396 19762
8.78532 19866
8.79679 19970
8.80731 20073
8.81747 20176
8.82799 20278
8.84484 9360
8.89946 9581
8.93049 9797
8.93599 10008
8.9422 10215
8.97555 10417
8.98021 10616
8.98667 10811
9.01882 11002
9.0236 11190
9.02981 11375
9.06268 11557
9.06746 11736
9.07392 11912
9.11001 12086
9.11204 12257
9.1173 12426
9.12136 12592
9.15734 12756
9.16499 12918
9.17348 13078
9.18375 13236
9.20467 13392
9.21232 13546
9.22081 13699
9.23264 13850
9.25188 13999
9.25953 14147
9.26802 14293
9.27985 14438
9.29909 14581
9.30674 14723
9.31523 14863
9.32706 15002
9.33447 15140
9.34642 15276
9.35407 15411
9.36256 15545
9.37439 15678
9.3818 15810
9.39375 15941
9.4014 16071
9.40989 16200
9.42172 16328
9.42913 16454
9.44108 16580
9.45303 16705
9.46271 16829
9.47371 16952
9.48363 17074
9.49319 17195
9.50443 17315
9.51375 17434
9.52403 17552
9.53455 17670
9.54387 17787
9.55307 17903
9.56323 18018
9.57435 18133
9.58439 18247
9.59526 18360
9.60399 18472
9.6151 18584
9.62658 18695
9.63721 18805
9.64725 18915
9.65717 19024
9.66889 19132
9.67988 19240
9.69028 19347
9.7002 19454
9.71096 19560
9.72183 19666
9.73833 8640
9.80347 8880
9.8241 9113
9.83498 9340
9.84609 9562
9.86685 9778
9.87772 9990
9.88896 10197
9.91023 10400
9.92051 10599
9.93254 10794
9.95668 10986
9.9672 11174
9.97808 11359
10.0008 11541
10.0115 11720
10.0227 11896
10.0474 12070
10.0476 12241
10.0591 12410
10.0701 12577
10.0947 12741
10.1052 12903
10.1171 13063
10.1288 13221
10.1421 13377
10.1526 13532
10.1644 13685
10.1774 13836
10.1901 13985
10.2013 14133
10.2128 14279
10.2246 14424
10.2373 14567
10.2485 14709
10.26 14849
10.2719 14988
10.2795 15126
10.2936 15263
10.3052 15398
10.3166 15532
10.3286 15665
10.3396 15797
10.3519 15928
10.3632 16058
10.3737 16187
10.383 16315
10.3936 16442
10.3993 16568
10.4105 16693
10.4217 16817
10.4306 16940
10.4411 17062
10.4522 17183
10.462 17303
10.4715 17422
10.4802 17541
10.4895 17659
10.5006 17776
10.5111 17892
10.5206 18007
10.5294 18122
10.5405 18236
10.5519 18349
10.5622 18462
10.5711 18574
10.5821 18685
10.5928 18795
10.6041 18905
10.6142 19014
10.6236 19123
10.634 19231
10.6458 19338
10.6568 19445
10.6666 19551
10.6776 19657
10.6893 19762
10.7005 19866
10.7105 19970
10.7266 8640
10.7933 8880
10.815 9113
10.8252 9340
10.8364 9562
10.8583 9778
10.8687 9990
10.8798 10197
10.9043 10400
10.9134 10599
10.9244 10794
10.9492 10986
10.9583 11174
10.9688 11359
10.9932 11541
11.0026 11720
11.0143 11896
11.0404 12070
11.0498 12241
11.0616 12410
11.0876 12577
11.0924 12741
11.1013 12903
11.1089 13063
11.1349 13221
11.1459 13377
11.157 13532
11.1691 13685
11.1821 13836
11.1932 13985
11.2044 14133
11.2164 14279
11.2293 14424
11.2404 14567
11.2516 14709
11.2636 14849
11.2765 14988
11.2824 15126
11.2941 15263
11.3056 15398
11.3112 15532
11.3239 15665
11.3301 15797
11.3419 15928
11.3534 16058
11.3642 16187
11.3714 16315
11.3827 16442
11.3893 16568
11.4006 16693
11.4115 16817
11.4187 16940
11.43 17062
11.4367 17183
11.4479 17303
11.4587 17422
11.4659 17541
11.4775 17659
11.4839 17776
11.4951 17892
11.5005 18007
11.506 18122
11.5133 18236
11.5248 18349
11.5312 18462
11.5425 18574
11.548 18685
11.5534 18795
11.5606 18905
11.5721 19014
11.5786 19123
11.5898 19231
11.5953 19338
11.6007 19445
11.6112 19551
11.6218 19657
11.6334 19762
11.6432 19866
11.6541 19970
11.665 20073
11.676 20176
11.6867 20278
11.6968 20380
11.7077 20481
11.7188 20582
11.7298 20682
11.7404 20782
11.7552 9360
11.7992 9581
11.8337 9797
11.8391 10008
11.8417 10215
11.8799 10417
11.8852 10616
11.8873 10811
11.9246 11002
11.9295 11190
11.9318 11375
11.9682 11557
11.9739 11736
11.9761 11912
12.015 12086
12.0152 12257
12.0209 12426
12.0235 12592
12.0623 12756
12.0709 12918
12.0821 13078
12.0929 13236
12.1096 13392
12.1182 13546
12.1295 13699
12.1402 13850
12.1568 13999
12.1654 14147
12.1767 14293
12.1874 14438
12.2042 14581
12.2127 14723
12.2239 14863
12.2347 15002
12.2397 15140
12.2515 15276
12.26 15411
12.2712 15545
12.282 15678
12.2926 15810
12.3042 15941
12.3154 16071
12.3245 16200
12.33 16328
12.3407 16454
12.352 16580
12.3627 16705
12.3722 16829
12.3772 16952
12.3879 17074
12.3992 17195
12.41 17315
12.4195 17434
12.4244 17552
12.4351 17670
12.4464 17787
12.4572 17903
12.4632 18018
12.4726 18133
12.4819 18247
12.4938 18360
12.5035 18472
12.5153 18584
12.5253 18695
12.5361 18805
12.5465 18915
12.5569 19024
12.5678 19132
12.5778 19240
12.5887 19347
12.5999 19454
12.6109 19560
12.6213 19666
12.6322 19771
12.6428 19875
12.6595 8640
12.7199 8880
12.7469 9113
12.7564 9340
12.7622 9562
12.7899 9778
12.8003 9990
12.8071 10197
12.8336 10400
12.845 10599
12.8531 10794
12.8789 10986
12.8899 11174
12.8963 11359
12.923 11541
12.934 11720
12.9409 11896
12.9703 12070
12.9771 12241
12.9813 12410
12.9883 12577
13.0178 12741
13.0246 12903
13.0337 13063
13.0454 13221
13.0651 13377
13.0767 13532
13.0873 13685
13.0999 13836
13.1123 13985
13.1239 14133
13.1348 14279
13.1473 14424
13.1595 14567
13.1711 14709
13.182 14849
13.1946 14988
13.2005 15126
13.2069 15263
13.2185 15398
13.2293 15532
13.2419 15665
13.248 15797
13.2542 15928
13.2658 16058
13.2767 16187
13.2892 16315
13.2953 16442
13.3067 16568
13.3171 16693
13.3276 16817
13.3387 16940
13.3486 17062
13.3576 17183
13.3681 17303
13.38 17422
13.3904 17541
13.3998 17659
13.4097 17776
13.4198 17892
13.4313 18007
13.4411 18122
13.4506 18236
13.4606 18349
13.4723 18462
13.4833 18574
13.4928 18685
13.5026 18795
13.5134 18905
13.525 19014
13.5355 19123
13.5456 19231
13.5556 19338
13.5672 19445
13.5786 19551
13.5894 19657
13.6 19762
13.6107 19866
13.6233 19970
13.6347 20073
13.6502 8640
13.7105 8880
13.7375 9113
13.7457 9340
13.7528 9562
13.7811 9778
13.7903 9990
13.7982 10197
13.8261 10400
13.8356 10599
13.8438 10794
13.8708 10986
13.88 11174
13.8879 11359
13.9161 11541
13.9266 11720
13.9349 11896
13.9633 12070
13.9691 12241
13.9791 12410
13.9887 12577
14.0107 12741
14.022 12903
14.0331 13063
14.0451 13221
14.058 13377
14.0695 13532
14.0808 13685
14.0928 13836
14.1052 13985
14.1167 14133
14.128 14279
14.14 14424
14.1524 14567
14.1639 14709
14.1752 14849
14.1872 14988
14.1933 15126
14.1997 15263
14.2112 15398
14.2226 15532
14.2345 15665
14.2407 15797
14.2474 15928
14.2586 16058
14.2699 16187
14.2819 16315
14.2881 16442
14.2948 16568
14.3058 16693
14.3171 16817
14.3291 16940
14.3353 17062
14.342 17183
14.353 17303
14.3647 17422
14.3763 17541
14.3826 17659
14.3892 17776
14.4002 17892
14.4063 18007
14.412 18122
14.4236 18236
14.4299 18349
14.4365 18462
14.4475 18574
14.4585 18685
14.4696 18795
14.4795 18905
14.4895 19014
14.5015 19123
14.5122 19231
14.5227 19338
14.5323 19445
14.5444 19551
14.5553 19657
14.5661 19762
14.5768 19866
14.5934 8640
14.6564 8880
14.6778 9113
14.6887 9340
14.6988 9562
14.7212 9778
14.7327 9990
14.7432 10197
14.7667 10400
14.7775 10599
14.7885 10794
14.8115 10986
14.8226 11174
14.8324 11359
14.8561 11541
14.8674 11720
14.8781 11896
14.9033 12070
14.9095 12241
14.92 12410
14.9299 12577
14.9506 12741
14.9568 12903
14.9673 13063
14.9773 13221
14.9979 13377
15.0044 13532
15.0148 13685
15.0285 13836
15.0451 13985
15.0516 14133
15.062 14279
15.0759 14424
15.0925 14567
15.0991 14709
15.1092 14849
15.1231 14988
15.1308 15126
15.1398 15263
15.1464 15398
15.1565 15532
15.1704 15665
15.1783 15797
15.1871 15928
15.1938 16058
15.204 16187
15.2177 16315
15.2261 16442
15.2346 16568
15.2469 16693
15.2572 16817
15.2684 16940
15.28 17062
15.2892 17183
15.2997 17303
15.3093 17422
15.32 17541
15.3296 17659
15.3392 17776
15.35 17892
15.3604 18007
15.3701 18122
15.3806 18236
15.3903 18349
15.4014 18462
15.4126 18574
15.4228 18685
15.4326 18795
15.4424 18905
15.454 19014
15.4645 19123
15.4746 19231
15.485 19338
15.4972 19445
15.508 19551
15.519 19657
15.5302 19762
15.5407 19866
15.5517 19970
15.5627 20073
15.5792 8640
15.6425 8880
15.6656 9113
15.6751 9340
15.6855 9562
15.7095 9778
15.7192 9990
15.7292 10197
15.7539 10400
15.7637 10599
15.7734 10794
15.7986 10986
15.8082 11174
15.8176 11359
15.8445 11541
15.8545 11720
15.8649 11896
15.8917 12070
15.8974 12241
15.9018 12410
15.9122 12577
15.9391 12741
15.9449 12903
15.9553 13063
15.9675 13221
15.9864 13377
15.9975 13532
16.0079 13685
16.0195 13836
16.0336 13985
16.0452 14133
16.0556 14279
16.0673 14424
16.0808 14567
16.0924 14709
16.1028 14849
16.1146 14988
16.1213 15126
16.1282 15263
16.1399 15398
16.1501 15532
16.1621 15665
16.1743 15797
16.1836 15928
16.1922 16058
16.1975 16187
16.2094 16315
16.2221 16442
16.2317 16568
16.2435 16693
16.2546 16817
16.2633 16940
16.2729 17062
16.2823 17183
16.2921 17303
16.3035 17422
16.3128 17541
16.322 17659
16.3319 17776
16.3433 17892
16.3539 18007
16.3635 18122
16.372 18236
16.3823 18349
16.3937 18462
16.4047 18574
16.4148 18685
16.4249 18795
16.4357 18905
16.447 19014
16.4581 19123
16.4685 19231
16.48 19338
16.4914 19445
16.503 19551
16.5135 19657
16.5236 19762
16.5351 19866
16.5513 8640
16.6077 8880
16.6374 9113
16.6454 9340
16.6507 9562
16.6803 9778
16.6881 9990
16.6954 10197
16.7236 10400
16.7321 10599
16.7383 10794
16.7688 10986
16.7772 11174
16.7838 11359
16.8161 11541
16.8245 11720
16.8311 11896
16.8634 12070
16.8686 12241
16.8785 12410
16.8882 12577
16.9109 12741
16.923 12903
16.9318 13063
16.9427 13221
16.9583 13377
16.9704 13532
16.9794 13685
16.99 13836
17.0055 13985
17.0177 14133
17.0266 14279
17.0373 14424
17.0527 14567
17.065 14709
17.074 14849
17.0845 14988
17.0897 15126
17.1 15263
17.1123 15398
17.1213 15532
17.1322 15665
17.1372 15797
17.1473 15928
17.1596 16058
17.1686 16187
17.1795 16315
17.1906 16442
17.201 16568
17.2107 16693
17.2218 16817
17.2318 16940
17.2412 17062
17.251 17183
17.2609 17303
17.2718 17422
17.2814 17541
17.2912 17659
17.3015 17776
17.3125 17892
17.3232 18007
17.3334 18122
17.3438 18236
17.3547 18349
17.3659 18462
17.3759 18574
17.3854 18685
17.3961 18795
17.4074 18905
17.4188 19014
17.4301 19123
17.4412 19231
17.4588 8640
17.5229 8880
17.5487 9113
17.5596 9340
17.5691 9562
17.5915 9778
17.6029 9990
17.6135 10197
17.6344 10400
17.6465 10599
17.6581 10794
17.6774 10986
17.6893 11174
17.7013 11359
17.7218 11541
17.7337 11720
17.7454 11896
17.7683 12070
17.7685 12241
17.7811 12410
17.7928 12577
17.8157 12741
17.8255 12903
17.8359 13063
17.8461 13221
17.8631 13377
17.8729 13532
17.8833 13685
17.8943 13836
17.9103 13985
17.9201 14133
17.9305 14279
17.9415 14424
17.9575 14567
17.9673 14709
17.9777 14849
17.9887 14988
17.9939 15126
18.0048 15263
18.0146 15398
18.025 15532
18.036 15665
18.0459 15797
18.0521 15928
18.0619 16058
18.0723 16187
18.0833 16315
18.0936 16442
18.0996 16568
18.1091 16693
18.1198 16817
18.1305 16940
18.1415 17062
18.1513 17183
18.1621 17303
18.174 17422
18.1844 17541
18.194 17659
18.2036 17776
18.2142 17892
18.2246 18007
18.2344 18122
18.2437 18236
18.2545 18349
18.2661 18462
18.277 18574
18.2857 18685
18.2954 18795
18.3072 18905
18.3189 19014
18.3287 19123
18.3387 19231
18.3499 19338
18.3617 19445
18.3723 19551
18.3828 19657
18.3936 19762
18.4056 19866
18.4175 19970
18.4274 20073
18.4432 8640
18.5042 8880
18.5267 9113
18.5377 9340
18.5467 9562
18.5702 9778
18.5808 9990
18.5899 10197
18.6154 10400
18.625 10599
18.6342 10794
18.6595 10986
18.669 11174
18.6779 11359
18.7037 11541
18.7149 11720
18.7245 11896
18.7509 12070
18.7564 12241
18.7675 12410
18.7775 12577
18.7982 12741
18.8038 12903
18.8151 13063
18.8251 13221
18.8455 13377
18.8512 13532
18.8624 13685
18.8747 13836
18.8928 13985
18.8985 14133
18.9096 14279
18.9221 14424
18.9401 14567
18.9447 14709
18.9546 14849
18.9653 14988
18.9655 15126
18.9832 15263
18.9874 15398
18.9972 15532
19.0086 15665
19.0088 15797
19.0273 15928
19.0321 16058
19.0426 16187
19.0537 16315
19.054 16442
19.0728 16568
19.0775 16693
19.0869 16817
19.0975 16940
19.0978 17062
19.1155 17183
19.12 17303
19.1294 17422
19.1404 17541
19.1406 17659
19.1578 17776
19.1623 17892
19.1626 18007
19.1726 18122
19.1828 18236
