1 0.00100001
1.00014 0.00100001
1.00129 0.001
1.00353 0.001
1.00406 0.001
1.00515 0.001
1.00572 0.001
1.00625 0.001
1.02801 0.001125
1.02858 0.00110937
1.02915 0.0010957
1.02915 0.00108374
1.03024 0.00107327
1.03025 0.00106411
1.03132 0.0010561
1.03132 0.00104908
1.03189 0.00104295
1.03409 0.00103758
1.03523 0.00103288
1.0358 0.00102877
1.03635 0.00102517
1.03635 0.00102203
1.03749 0.00101927
1.03749 0.00101686
1.03806 0.00101475
1.03806 0.00101291
1.0386 0.0010113
1.03914 0.00100988
1.03915 0.00100865
1.03915 0.00100757
1.04028 0.00100662
1.04028 0.00100579
1.04028 0.00100507
1.04085 0.00100443
1.04138 0.00100388
1.04138 0.00100339
1.04139 0.00100297
1.0419 0.0010026
1.04248 0.00100227
1.04416 0.00100199
1.04416 0.00100174
1.0453 0.00100152
1.04531 0.00100133
1.04757 0.00100116
1.24814 0.026001
1.25037 0.0228759
1.25152 0.0201414
1.2538 0.0177487
1.25437 0.0156551
1.25551 0.0138232
1.25608 0.0123453
1.25832 0.0109272
1.25929 0.00968627
1.25984 0.00860049
1.26041 0.00765043
1.26041 0.00681912
1.26156 0.00609173
1.26327 0.00545526
1.26438 0.00489836
1.26495 0.00441106
1.26552 0.00398468
1.2661 0.00373659
1.26667 0.00339452
1.26838 0.0030952
1.26951 0.0028333
1.27006 0.00272914
1.27062 0.002513
1.2712 0.00232387
1.27405 0.00228339
1.27518 0.00212296
1.27575 0.00198259
1.27632 0.00185977
1.2769 0.0017523
1.27972 0.00165826
1.28029 0.00157598
1.28142 0.00150398
1.28199 0.00144098
1.28484 0.00138586
1.28541 0.00133762
1.28654 0.00129542
1.28711 0.00138349
1.28768 0.00133556
1.28824 0.00129361
1.28825 0.00125691
1.28939 0.00122479
1.29109 0.00132169
1.29223 0.00128148
1.2928 0.0012463
1.29337 0.00121551
1.29394 0.00118857
1.29452 0.001165
1.29622 0.00114437
1.29737 0.00112633
1.29965 0.00111053
1.30022 0.00109672
1.30135 0.00108463
1.30193 0.00107405
1.30821 0.00106479
1.30935 0.00105669
1.31163 0.00104961
1.3122 0.0010434
1.315 0.00116298
1.31615 0.00114261
1.31843 0.00112478
1.31901 0.00110918
1.32014 0.00109553
1.32071 0.00108359
1.32128 0.00107314
1.32184 0.001064
1.32355 0.001056
1.32413 0.001049
1.32526 0.00104287
1.32583 0.00103751
1.32639 0.00103283
1.3264 0.00102872
1.32754 0.00102513
1.32754 0.00102199
1.32811 0.00101924
1.32811 0.00101683
1.32868 0.00101473
1.32925 0.00101289
1.32925 0.00101128
1.32982 0.00100987
1.33153 0.00100863
1.3338 0.00100755
1.53438 0.0260066
1.53664 0.0228808
1.53721 0.0201457
1.53832 0.0177525
1.53889 0.0156584
1.53946 0.0138261
1.54454 0.0122228
1.74511 0.03582
1.74733 0.0314675
1.74846 0.0276591
1.75071 0.0243267
1.75128 0.0214108
1.7524 0.0188595
1.75297 0.016627
1.75353 0.0146737
1.75354 0.0129645
1.75411 0.0114689
1.75411 0.0101603
1.75523 0.00901525
1.75524 0.00801334
1.7558 0.00713668
1.75637 0.00636959
1.7586 0.00569839
1.75917 0.00511109
1.75974 0.00459721
1.76031 0.00414755
1.76088 0.00375411
1.76128 0.00340984
1.76129 0.00310861
1.76216 0.00284504
1.76216 0.00261441
1.76265 0.00241261
1.76316 0.00223603
1.76316 0.00208153
1.76316 0.00194633
1.76536 0.00182804
1.7659 0.00172454
1.76648 0.00163397
1.76817 0.00155472
1.76929 0.00148538
1.77155 0.00142471
1.77212 0.00137162
1.77321 0.00132517
1.77378 0.00128452
1.77436 0.00124895
1.77493 0.00121784
1.77717 0.0011906
1.77829 0.00116678
1.77883 0.00114593
1.77941 0.00112769
1.78549 0.00111173
1.78602 0.00109776
1.78714 0.00108554
1.78767 0.00107485
1.78821 0.00106549
1.78822 0.0010573
1.78935 0.00105014
1.78935 0.00104387
1.79045 0.00103839
1.79046 0.00103359
1.79097 0.00102939
1.79151 0.00102572
1.79151 0.0010225
1.79151 0.00101969
1.79208 0.00101723
1.79208 0.00101507
1.79209 0.00101319
1.79265 0.00101154
1.7932 0.0010101
1.7932 0.00100883
1.7932 0.00100773
1.79372 0.00100676
1.79426 0.00100592
1.79426 0.00100518
1.79426 0.00100453
1.79427 0.00100396
1.7954 0.00100347
1.7954 0.00100303
1.79541 0.00100265
1.79541 0.00100232
1.79597 0.00100203
1.79649 0.00100178
1.7965 0.00100155
1.7965 0.00100136
1.7965 0.00100119
1.79651 0.00100104
1.79701 0.00100091
1.79702 0.0010008
1.79702 0.0010007
1.79702 0.00100061
1.79703 0.00100053
1.79814 0.00100046
1.79814 0.00100041
1.79815 0.00100036
1.79815 0.00100031
1.79816 0.00100027
1.79871 0.00100024
1.79923 0.00100021
1.79923 0.00100018
1.79923 0.00100016
1.79924 0.00100014
1.79924 0.00100012
1.79925 0.00100011
1.80032 0.00100009
1.80033 0.00100008
1.80033 0.00100007
1.80034 0.00100006
1.80034 0.00100005
1.80035 0.00100004
1.80089 0.00100004
1.80141 0.00100003
1.80142 0.00100003
1.80142 0.00100002
1.80142 0.00100002
1.80143 0.00100002
1.80143 0.00100001
1.80144 0.00100001
1.80246 0.00100001
1.80246 0.00100001
1.80247 0.00100001
1.80247 0.00100001
1.80247 0.001
1.80248 0.001
1.80249 0.001
1.80303 0.001125
1.80303 0.00110938
1.80304 0.0010957
1.80304 0.00108374
1.80304 0.00107327
1.80305 0.00106411
1.80306 0.0010561
1.8036 0.00104908
1.80415 0.00104295
1.80415 0.00103758
1.80415 0.00103288
1.80416 0.00102877
1.80416 0.00102517
1.80416 0.00102203
1.80417 0.00101927
1.80418 0.00101686
1.80527 0.00101475
1.80527 0.00101291
1.80528 0.0010113
1.80528 0.00100988
1.80528 0.00100865
1.80529 0.00100757
1.80529 0.00100662
1.8053 0.00100579
1.80583 0.00100507
1.80639 0.00100443
1.8064 0.00100388
1.8064 0.00100339
1.80641 0.00100297
1.80641 0.0010026
1.80641 0.00100227
1.80642 0.00100199
1.80642 0.00100174
1.80643 0.00100152
1.80752 0.00100133
1.80752 0.00100116
1.80752 0.00100102
1.80753 0.00100089
1.80753 0.00100078
1.80753 0.00100068
1.80754 0.00100059
1.80754 0.00100052
1.80756 0.00100045
1.80809 0.0011254
1.80809 0.00110972
1.80809 0.00109601
1.8081 0.001084
1.8081 0.0010735
1.8081 0.00106432
1.80811 0.00105628
1.80811 0.00104924
1.80813 0.00104309
1.80866 0.0010377
1.80925 0.00103299
1.81036 0.00102886
1.81036 0.00102525
1.81037 0.0010221
1.81039 0.00101933
1.81255 0.00101692
1.81313 0.0010148
1.81537 0.00101295
1.81651 0.00101133
1.81707 0.00113492
1.81763 0.00111805
1.8182 0.00110329
1.81876 0.00109038
1.82044 0.00107908
1.82102 0.0010692
1.82215 0.00106055
1.82271 0.00105298
1.82324 0.00104635
1.82325 0.00104056
1.82438 0.00103549
1.82438 0.00103105
1.8255 0.00102717
1.8255 0.00102377
1.82606 0.0011458
1.82607 0.00112758
1.82607 0.00111163
1.82721 0.00109767
1.82721 0.00108546
1.82722 0.00107478
1.82775 0.00106543
1.82826 0.00105725
1.82826 0.0010501
1.82827 0.00104383
1.82879 0.00103835
1.82936 0.00103356
1.82936 0.00102936
1.82937 0.00102569
1.82937 0.00102248
1.8305 0.00101967
1.83051 0.00101721
1.83051 0.00101506
1.83051 0.00101318
1.83106 0.00113653
1.83107 0.00111946
1.83107 0.00110453
1.83107 0.00109146
1.83161 0.00108003
1.83218 0.00107003
1.83218 0.00106127
1.83219 0.00105361
1.83219 0.00104691
1.83219 0.00104105
1.83332 0.00103592
1.83332 0.00103142
1.83333 0.0010275
1.83333 0.00102406
1.83333 0.00102105
1.83388 0.00101842
1.83445 0.00101612
1.83446 0.0010141
1.83446 0.00101234
1.83447 0.0010108
1.83447 0.00100944
1.83447 0.00100826
1.83503 0.00100723
1.83503 0.00100633
1.83504 0.00100554
1.83504 0.00100484
1.83504 0.00100424
1.83613 0.00100371
1.83613 0.00100324
1.83664 0.00100284
1.8372 0.00100248
1.83721 0.00100217
1.83721 0.0010019
1.83942 0.00100166
1.83997 0.00100145
1.84055 0.00100127
1.84335 0.00100111
1.84447 0.00100097
1.845 0.00112585
1.84557 0.00111012
1.84615 0.00109635
1.85119 0.00108431
1.85231 0.00107377
1.85288 0.00106455
1.85343 0.00105648
1.85401 0.00117442
1.85684 0.00115262
2.05741 0.0261335
2.05967 0.0229918
2.26024 0.0452429
2.2625 0.0397125
2.26304 0.0348734
2.26417 0.0306393
2.26474 0.0269344
2.26531 0.0236926
2.26532 0.020856
2.26645 0.018374
2.26645 0.0162022
2.267 0.014302
2.26701 0.0126392
2.26758 0.0111843
2.26812 0.00991127
2.26813 0.00879736
2.26813 0.00782269
2.26927 0.00696985
2.26927 0.00622362
2.26927 0.00557067
2.26983 0.00499934
2.2704 0.00449942
2.27041 0.00406199
2.27041 0.00367924
2.27097 0.00334434
2.27153 0.00305129
2.27153 0.00279488
2.27154 0.00257052
2.27154 0.0023742
2.2721 0.00220243
2.2721 0.00205213
2.27211 0.00192061
2.27211 0.00180553
2.27267 0.00170484
2.27321 0.00161674
2.27322 0.00153964
2.27322 0.00147219
2.27322 0.00141316
2.27375 0.00136152
2.27432 0.00131633
2.27432 0.00127679
2.27432 0.00124219
2.27433 0.00121191
2.27433 0.00118542
2.276 0.00116224
2.27601 0.00114196
2.27654 0.00112422
2.27712 0.00110869
2.27932 0.0010951
2.28047 0.00108322
2.28103 0.00119781
2.28158 0.00117309
2.28214 0.00115145
2.28215 0.00113252
2.28329 0.00111595
2.2849 0.00110146
2.28545 0.00108877
2.28602 0.00107768
2.28658 0.00106797
2.28715 0.00105947
2.28771 0.00105204
2.28828 0.00104553
2.28829 0.00103984
2.28941 0.00103486
2.28941 0.0010305
2.28998 0.00102669
2.29055 0.00102335
2.29055 0.00102043
2.29055 0.00101788
2.29111 0.00101564
2.29111 0.00101369
2.29111 0.00101198
2.29223 0.00101048
2.29223 0.00100917
2.29223 0.00100802
2.2928 0.00100702
2.29337 0.00100614
2.29337 0.00100537
2.29338 0.0010047
2.29503 0.00100411
2.29561 0.0010036
2.29618 0.00100315
2.29844 0.00100275
2.29902 0.00100241
2.30127 0.00100211
2.30237 0.00100184
2.30291 0.00100161
2.30348 0.00100141
2.30405 0.00112623
2.3046 0.00111045
2.30626 0.00109665
2.3074 0.00108457
2.30796 0.00107399
2.30853 0.00106474
2.3091 0.00118165
2.30967 0.00115894
2.31218 0.00113908
2.31304 0.00112169
2.31351 0.00110648
2.31403 0.00109317
2.31458 0.00108152
2.31515 0.00107133
2.31515 0.00106241
2.31626 0.00105461
2.31626 0.00104778
2.3168 0.00104181
2.31735 0.00103658
2.31735 0.00103201
2.31735 0.00102801
2.31849 0.00102451
2.31849 0.00102144
2.3185 0.00101876
2.31906 0.00114142
2.31906 0.00112374
2.31907 0.00110827
2.31961 0.00109474
2.32015 0.00108289
2.32015 0.00107253
2.32016 0.00106346
2.32016 0.00105553
2.32128 0.00104859
2.32128 0.00104251
2.32129 0.0010372
2.32129 0.00103255
2.32184 0.00102848
2.3224 0.00102492
2.3224 0.0010218
2.3224 0.00101908
2.32241 0.00101669
2.32297 0.00101461
2.32354 0.00101278
2.32355 0.00101118
2.32355 0.00100979
2.32355 0.00100856
2.32356 0.00100749
2.3241 0.00100655
2.3241 0.00100573
2.32411 0.00100502
2.32411 0.00100439
2.32411 0.00100384
2.32464 0.00100336
2.3252 0.00100294
2.3252 0.00100257
2.3252 0.00100225
2.32521 0.00100197
2.32521 0.00100172
2.32521 0.00100151
2.32632 0.00100132
2.32633 0.00100115
2.32633 0.00100101
2.32633 0.00100088
2.32634 0.00100077
2.32634 0.00100067
2.32681 0.00100059
2.32728 0.00100051
2.32729 0.00100045
2.32729 0.00100039
2.32729 0.00100034
2.3273 0.0010003
2.3273 0.00100026
2.32779 0.00100023
2.32835 0.0010002
2.32835 0.00100017
2.32836 0.00100015
2.32836 0.00100013
2.32836 0.00100012
2.32837 0.0010001
2.32837 0.00100009
2.33003 0.00100008
2.33004 0.00100007
2.33004 0.00100006
2.3306 0.00100005
2.33117 0.00100004
2.33221 0.00100004
2.33266 0.00100003
2.33315 0.00100003
2.33315 0.00100002
2.33426 0.00100002
2.33426 0.00100002
2.33483 0.00100001
2.3354 0.00100001
2.3354 0.00100001
2.3354 0.00100001
2.33653 0.00100001
2.33654 0.00100001
2.33654 0.001
2.33706 0.001
2.33706 0.001
2.33706 0.001
2.33758 0.001
2.33813 0.001
2.3481 0.001125
2.34866 0.00110937
2.34924 0.0010957
2.35188 0.00108374
2.55245 0.0260733
2.55568 0.0229391
2.55625 0.0201967
2.55737 0.0177971
2.55793 0.0156975
2.5585 0.0138603
2.5585 0.0122528
2.55907 0.0108462
2.56123 0.0096154
2.56237 0.00853847
2.56292 0.00759616
2.56347 0.00677164
2.56348 0.00605019
2.56405 0.00541891
2.56615 0.00486655
2.56723 0.00438323
2.5678 0.00396032
2.56837 0.00359028
2.56837 0.0032665
2.57116 0.00298319
2.57221 0.00273529
2.57278 0.00251837
2.57335 0.00232858
2.57335 0.0021625
2.5745 0.00201719
2.5745 0.00189004
2.57505 0.00177879
2.57505 0.00168144
2.57561 0.00159626
2.57619 0.00152172
2.57619 0.00145651
2.57673 0.00139944
2.5783 0.00134951
2.57887 0.00130582
2.57944 0.0012676
2.58 0.00123414
2.58 0.00120488
2.58054 0.00117927
2.58111 0.00115686
2.58111 0.00113725
2.5833 0.00112009
2.58439 0.00110508
2.58648 0.00109194
2.58705 0.00108045
2.58978 0.00107039
2.79036 0.0260616
2.79261 0.0229289
2.79318 0.0201878
2.79431 0.0177893
2.79483 0.0156906
2.7954 0.0138543
2.79597 0.0122475
2.7982 0.0108416
2.79933 0.00961139
2.79987 0.00853496
2.80036 0.00759309
2.80036 0.00676895
2.80145 0.00604783
2.80146 0.00541685
2.80203 0.00486475
2.80203 0.00438165
2.80259 0.00395895
2.80312 0.00358908
2.80313 0.00326544
2.80313 0.00298226
2.80421 0.00273448
2.80421 0.00251767
2.80422 0.00232796
2.80478 0.00216196
2.80535 0.00201672
2.80535 0.00188963
2.80536 0.00177842
2.80586 0.00168112
2.80636 0.00159598
2.80637 0.00152148
2.80637 0.0014563
2.80637 0.00139926
2.80745 0.00134935
2.80745 0.00130568
2.80745 0.00126747
2.80746 0.00123404
2.80802 0.00132978
2.80915 0.00128856
2.80916 0.00125249
2.81138 0.00122093
2.8125 0.00119331
2.81307 0.00129415
2.81363 0.00125738
2.81417 0.00122521
2.81417 0.00119705
2.81528 0.00117242
2.81528 0.00115087
2.81752 0.00113201
2.81809 0.00111551
2.81919 0.00110107
2.81974 0.00108844
2.82032 0.00107738
2.82089 0.00106771
2.82314 0.00105924
2.82426 0.00105184
2.82483 0.00104536
2.82648 0.00103969
2.82705 0.00103473
2.82811 0.00103038
2.82862 0.00102659
2.82915 0.00102326
2.82916 0.00102035
2.83142 0.00101781
2.83255 0.00101558
2.83311 0.00113863
2.83368 0.0011213
2.83425 0.00110614
2.8348 0.00109287
2.8365 0.00108126
2.83707 0.0010711
2.83981 0.00106222
3.04038 0.0260544
3.04264 0.0229226
3.04317 0.0201823
3.04425 0.0177845
3.04483 0.0156865
3.04538 0.0138506
3.04538 0.0122443
3.04649 0.0108388
3.04649 0.00960893
3.04706 0.00853281
3.04876 0.00759121
3.04932 0.00676731
3.05046 0.00604639
3.05103 0.00554059
3.05159 0.00497302
3.05217 0.00447639
3.05217 0.00404184
3.05328 0.00366161
3.05328 0.00332891
3.05384 0.00303779
3.05439 0.00278307
3.05439 0.00256018
3.05439 0.00236516
3.05551 0.00219452
3.05551 0.0020452
3.05552 0.00191455
3.05717 0.00180023
3.05773 0.0017002
3.05831 0.00161268
3.06044 0.00153609
3.06155 0.00146908
3.06212 0.00153544
3.06268 0.00146851
3.06324 0.00140995
3.06325 0.0013587
3.06438 0.00131387
3.06438 0.00127463
3.06495 0.0012403
3.06547 0.00121026
3.06547 0.00118398
3.06548 0.00116098
3.06602 0.00114086
3.06602 0.00112325
3.06602 0.00110785
3.06716 0.00109436
3.06716 0.00108257
3.06717 0.00107225
3.06769 0.00106322
3.06816 0.00105531
3.06817 0.0010484
3.06817 0.00104235
3.06817 0.00103706
3.06926 0.00103242
3.06927 0.00102837
3.06927 0.00102482
3.06927 0.00102172
3.06984 0.001019
3.0704 0.00101663
3.07041 0.00101455
3.07041 0.00101273
3.07041 0.00101114
3.07096 0.00100975
3.07153 0.00100853
3.07153 0.00100746
3.07154 0.00100653
3.07154 0.00100571
3.07154 0.001005
3.0721 0.00100437
3.07211 0.00100383
3.07321 0.00100335
3.07322 0.00100293
3.07374 0.00100256
3.0743 0.00100224
3.0743 0.00100196
3.07487 0.00100172
3.07713 0.0010015
3.2777 0.0258763
3.28108 0.0228918
3.28217 0.0201553
3.28274 0.0177609
3.28331 0.0156658
3.28386 0.0138326
3.28442 0.0122285
3.28442 0.0108249
3.28555 0.00959681
3.28556 0.00852221
3.2861 0.00770693
3.2861 0.00686856
3.28664 0.00613499
3.28719 0.00549312
3.28719 0.00493148
3.28719 0.00444004
3.28833 0.00401004
3.28834 0.00363378
3.28834 0.00330456
3.28888 0.00301649
3.28944 0.00276443
3.28945 0.00254387
3.28945 0.00235089
3.28945 0.00218203
3.29001 0.00203427
3.29001 0.00190499
3.29002 0.00179186
3.29002 0.00169288
3.29115 0.00160627
3.29115 0.00153049
3.29115 0.00146417
3.29116 0.00140615
3.29171 0.00135538
3.29227 0.00131096
3.29227 0.00127209
3.29228 0.00123808
3.29228 0.00120832
3.29229 0.00118228
3.29451 0.00115949
3.29452 0.00113956
3.29509 0.00124711
3.29509 0.00121622
3.29566 0.00118919
3.29622 0.00116554
3.29622 0.00114485
3.29622 0.00112674
3.29729 0.0011109
3.2973 0.00109704
3.2973 0.00108491
3.29787 0.00107429
3.29844 0.00106501
3.29844 0.00105688
3.29844 0.00104977
3.299 0.00116855
3.29901 0.00114748
3.29901 0.00112904
3.29901 0.00111291
3.30009 0.0010988
3.30009 0.00108645
3.30009 0.00107564
3.3001 0.00106619
3.30065 0.00105791
3.30121 0.00105067
3.30122 0.00104434
3.30122 0.00103879
3.30123 0.00103395
3.30123 0.0010297
3.30232 0.00102599
3.30233 0.00102274
3.30233 0.0010199
3.30233 0.00101741
3.30234 0.00101523
3.30404 0.00101333
3.30404 0.00101166
3.30457 0.0010102
3.30511 0.00100893
3.30511 0.00100781
3.30568 0.00100683
3.30739 0.00100598
3.30851 0.00100523
3.30909 0.00112958
3.3113 0.00111338
3.31238 0.00109921
3.31289 0.00108681
3.31342 0.00107595
3.31343 0.00106646
3.31613 0.00105815
3.31891 0.00105088
3.51948 0.0260445
3.52166 0.022914
3.52223 0.0201747
3.52336 0.0177779
3.52392 0.0156806
3.52447 0.0138456
3.52447 0.0122399
3.52504 0.0108349
3.52729 0.00960552
3.52841 0.00852983
3.52898 0.0075886
3.52953 0.00676503
3.52954 0.0060444
3.53008 0.00541385
3.53009 0.00486212
3.53119 0.00437935
3.5312 0.00395693
3.53176 0.00358731
3.53232 0.0032639
3.53233 0.00298091
3.53233 0.0027333
3.53335 0.00251663
3.53335 0.00232705
3.53336 0.00216117
3.53391 0.00201602
3.53448 0.00188902
3.53448 0.00177789
3.53448 0.00168066
3.53502 0.00172057
3.53502 0.0016305
3.53502 0.00155169
3.53503 0.00148273
3.53616 0.00142239
3.53616 0.00136959
3.53617 0.00132339
3.53617 0.00128296
3.53672 0.00124759
3.53727 0.00121664
3.53728 0.00118956
3.53728 0.00116587
3.53728 0.00114513
3.53785 0.00112699
3.53955 0.00111112
3.53956 0.00109723
3.5401 0.00108507
3.54011 0.00107444
3.54066 0.00106513
3.54122 0.00105699
3.54123 0.00104987
3.5418 0.00104363
3.54342 0.00103818
3.54456 0.00103341
3.54511 0.00115423
3.54562 0.00113495
3.54613 0.00111808
3.54614 0.00110332
3.54724 0.00109041
3.54885 0.0010791
3.54937 0.00106922
3.5505 0.00106056
3.55105 0.00117799
3.55162 0.00115574
3.5522 0.00113627
3.5544 0.00111924
3.55554 0.00110433
3.5561 0.00121629
3.55667 0.00118926
3.55724 0.0011656
3.55724 0.0011449
3.55838 0.00112679
3.56003 0.00123594
3.76061 0.0260814
3.76286 0.0229463
3.76342 0.020203
3.76455 0.0178026
3.76512 0.0158273
3.76566 0.0139739
3.76621 0.0123521
3.76622 0.0109331
3.76736 0.00969148
3.76904 0.00873004
3.77017 0.00776379
3.7707 0.00691831
3.7712 0.00617852
3.77172 0.00553121
3.7723 0.00496481
3.77452 0.00446921
3.77509 0.00403555
3.77566 0.00365611
3.77622 0.0033241
3.77678 0.00303358
3.77736 0.00277939
3.779 0.00255696
3.78004 0.00236234
3.78061 0.00219205
3.78118 0.00204304
3.78175 0.00191266
3.78231 0.00179858
3.78231 0.00169875
3.78344 0.00161141
3.78344 0.00153498
3.78401 0.00159311
3.78401 0.00151897
3.78458 0.0014541
3.78514 0.00139734
3.78514 0.00134767
3.78515 0.00130421
3.78627 0.00126618
3.78628 0.00123291
3.78628 0.0012038
3.78682 0.00117832
3.7874 0.00115603
3.78911 0.00126153
3.78966 0.00122883
3.79021 0.00120023
3.79021 0.0011752
3.79135 0.0011533
3.79135 0.00113414
3.79192 0.00111737
3.79247 0.0011027
3.79248 0.00108986
3.79248 0.00107863
3.79302 0.0010688
3.79302 0.0010602
3.79303 0.00105267
3.79414 0.00104609
3.79523 0.00104033
3.79575 0.00103529
3.79629 0.00103088
3.79686 0.00102702
3.7997 0.00102364
4.00028 0.0260207
4.00251 0.0228931
4.00309 0.0201565
4.00422 0.0177619
4.00475 0.0156667
4.00531 0.0138333
4.00532 0.0122292
4.00646 0.0108255
4.00646 0.00959733
4.007 0.00852266
4.00701 0.00758233
4.00754 0.00675954
4.00808 0.00603959
4.00809 0.00540964
4.00809 0.00485844
4.0103 0.00437613
4.01082 0.00395412
4.01139 0.00358485
4.01196 0.00326174
4.01581 0.00297903
4.01634 0.00273165
4.01749 0.00251519
4.01806 0.00245079
4.01858 0.00226944
4.01904 0.00211076
4.01905 0.00197192
4.02003 0.00185043
4.02003 0.00174412
4.02058 0.00165111
4.02115 0.00156972
4.02116 0.0014985
4.02172 0.00143619
4.0234 0.00138167
4.02397 0.00133396
4.0245 0.00129221
4.02502 0.00138068
4.02502 0.0013331
4.02616 0.00129146
4.02616 0.00125503
4.02724 0.00122315
4.02724 0.00119525
4.02774 0.00117085
4.0283 0.00114949
4.0283 0.0011308
4.0283 0.00111445
4.02943 0.00110015
4.02944 0.00108763
4.02944 0.00107667
4.02995 0.00106709
4.03047 0.0010587
4.03048 0.00105136
4.03048 0.00104494
4.03048 0.00103933
4.031 0.00103441
4.03101 0.00103011
4.03101 0.00102634
4.03102 0.00102305
4.03213 0.00102017
4.03214 0.00101765
4.03214 0.00101544
4.03215 0.00101351
4.0327 0.00101182
4.03327 0.00101034
4.03328 0.00100905
4.03328 0.00100792
4.03328 0.00100693
4.03329 0.00100606
4.03439 0.0010053
4.0344 0.00100464
4.0344 0.00100406
4.0344 0.00100355
4.03441 0.00100311
4.03496 0.00100272
4.03551 0.00100238
4.03552 0.00100208
4.03552 0.00100182
4.03552 0.00100159
4.03553 0.00100139
4.03554 0.00100122
4.03606 0.00100106
4.03607 0.00100093
4.03607 0.00100081
4.03607 0.00100071
4.03608 0.00100062
4.03609 0.00100055
4.0372 0.00100048
4.03721 0.00100042
4.03721 0.00100036
4.03721 0.00100032
4.03722 0.00100028
4.03723 0.00100024
4.03834 0.00100021
4.0389 0.00100019
4.03947 0.00100016
4.03947 0.00100014
4.03949 0.00100012
4.04001 0.00100011
4.04002 0.00100009
4.04003 0.00100008
4.04058 0.00100007
4.04116 0.00100006
4.04116 0.00100005
4.04117 0.00100005
4.04169 0.00100004
4.04332 0.00100004
4.04332 0.00100003
4.04442 0.00100003
4.04443 0.00100002
4.04552 0.00100002
4.04553 0.00100002
4.04609 0.00112501
4.0461 0.00110939
4.04667 0.00109571
4.04829 0.00108375
4.04886 0.00107328
4.04943 0.00106412
4.05102 0.0010561
4.05216 0.00104909
4.05271 0.00104295
4.05323 0.00103758
4.05375 0.00103289
4.05431 0.00102878
4.05431 0.00102518
4.05545 0.00102203
4.05546 0.00101928
4.05706 0.00101687
4.0582 0.00101476
4.05877 0.00101291
4.0593 0.0010113
4.05982 0.00100988
4.06039 0.00100865
4.06209 0.00100757
4.06322 0.00100662
4.06379 0.00100579
4.06434 0.00100507
4.06488 0.00100443
4.06545 0.00100388
4.06545 0.00100339
4.06602 0.00100297
4.06603 0.0010026
4.06711 0.00100227
4.06711 0.00100199
4.06767 0.00100174
4.06824 0.00100152
4.0693 0.00100133
4.07032 0.00100116
4.07089 0.00100102
4.07146 0.00100089
4.07203 0.00112578
4.07426 0.00111005
4.07531 0.0010963
4.07584 0.00108426
4.07641 0.00107373
4.07698 0.00106451
4.07913 0.00105645
4.0818 0.00104939
4.08237 0.00104322
4.08348 0.00103781
4.08403 0.00115809
4.08458 0.00113833
4.08516 0.00112104
4.08731 0.0011059
4.08843 0.00109267
4.089 0.00108108
4.08953 0.00107095
4.08953 0.00106208
4.09003 0.00105432
4.09003 0.00104753
4.09114 0.00104159
4.09275 0.00103639
4.09324 0.00103184
4.09436 0.00102786
4.09491 0.00102437
4.09543 0.00102133
4.09543 0.00101866
4.09655 0.00101633
4.09656 0.00101429
4.0971 0.0010125
4.0971 0.00101094
4.09761 0.00100957
4.0981 0.00100837
4.0981 0.00100733
4.0981 0.00100641
4.0992 0.00100561
4.09921 0.00100491
4.09921 0.00100429
4.09977 0.00100376
4.10032 0.00100329
4.10032 0.00100287
4.10032 0.00100252
4.10086 0.0010022
4.10143 0.00100192
4.10255 0.00100168
4.10308 0.00112647
4.10308 0.00111066
4.10422 0.00109683
4.10423 0.00108473
4.10533 0.00107413
4.10533 0.00106487
4.10588 0.00105676
4.10645 0.00104966
4.10646 0.00104346
4.10646 0.00103802
4.10701 0.00103327
4.10701 0.00102911
4.10702 0.00102547
4.10809 0.00102229
4.10809 0.0010195
4.1081 0.00101706
4.10866 0.00101493
4.11036 0.00101306
4.11091 0.00101143
4.11148 0.00101
4.11148 0.00100875
4.11205 0.00100766
4.11205 0.0010067
4.11305 0.00100586
4.11305 0.00100513
4.11354 0.00100449
4.11407 0.00100393
4.11407 0.00100344
4.11408 0.001003
4.11522 0.00100263
4.11522 0.0010023
4.11522 0.00100201
4.11578 0.00100176
4.11631 0.00100154
4.11632 0.00100135
4.11632 0.00100118
4.11632 0.00100103
4.11744 0.0010009
4.11745 0.00100079
4.11745 0.00100069
4.11943 0.0010006
4.11944 0.00100053
4.12055 0.00100046
4.12055 0.0010004
4.12112 0.00112535
4.12329 0.00110968
4.1244 0.00109597
4.12495 0.00108397
4.1255 0.00107348
4.1255 0.00106429
4.12606 0.00105625
4.12607 0.00104922
4.12721 0.00104307
4.12721 0.00103769
4.12777 0.00103297
4.12832 0.00102885
4.12832 0.00102525
4.12832 0.00102209
4.12946 0.00101933
4.12946 0.00101691
4.12946 0.0010148
4.13002 0.00113795
4.13003 0.0011207
4.13003 0.00110562
4.13059 0.00109241
4.13116 0.00108086
4.13117 0.00107075
4.13117 0.00106191
4.13117 0.00105417
4.13338 0.0010474
4.13339 0.00104147
4.1345 0.00103629
4.1345 0.00103175
4.13507 0.00102778
4.13667 0.00102431
4.13723 0.00102127
4.13837 0.00101861
4.13891 0.00101629
4.13943 0.00101425
4.13943 0.00101247
4.14 0.00101091
4.14001 0.00100954
4.14114 0.00100835
4.14283 0.00100731
4.1434 0.00100639
4.14453 0.00100559
4.1451 0.00112989
4.14566 0.00111366
4.14623 0.00109945
4.14623 0.00108702
4.14736 0.00107614
4.14736 0.00106662
4.14791 0.00105829
4.14842 0.00105101
4.14842 0.00104463
4.14843 0.00103905
4.14956 0.00103417
4.14956 0.0010299
4.14957 0.00102616
4.15121 0.00102289
4.15172 0.00102003
4.15229 0.00101752
4.15287 0.00101533
4.15344 0.00101341
4.15734 0.00101174
4.15848 0.00101027
4.15905 0.00113399
4.15962 0.00111724
4.16017 0.00110258
4.16017 0.00108976
4.1613 0.00107854
4.16299 0.00106872
4.36357 0.0260601
4.36583 0.0229276
4.36639 0.0201867
4.3674 0.0177883
4.36796 0.0156898
4.36853 0.0138536
4.3691 0.0123719
4.37237 0.0109504
4.37348 0.00970659
4.37405 0.00874326
4.37462 0.00777535
4.37514 0.00692843
4.37515 0.00618738
4.37625 0.00553895
4.37626 0.00497158
4.37739 0.00447514
4.3774 0.00404074
4.37793 0.00366065
4.37842 0.00332807
4.37843 0.00303706
4.37843 0.00278243
4.37952 0.00255962
4.37953 0.00236467
4.37953 0.00219409
4.38009 0.00216982
4.3801 0.0020236
4.3801 0.00189565
4.38064 0.00178369
4.38117 0.00168573
4.38117 0.00160001
4.38117 0.00152501
4.38118 0.00145938
4.38338 0.00140196
4.38338 0.00135171
4.38435 0.00130775
4.38435 0.00126928
4.38492 0.00123562
4.38549 0.00120617
4.38777 0.0011804
4.38834 0.00115785
4.38891 0.00113811
4.38942 0.00112085
4.38993 0.00110574
4.3905 0.00109253
4.39051 0.00108096
4.39107 0.00107084
4.39107 0.00106198
4.39219 0.00105424
4.39219 0.00104746
4.39273 0.00104152
4.39331 0.00103633
4.39547 0.00103179
4.39604 0.00102782
4.3982 0.00102434
4.59878 0.0258963
4.60101 0.0229093
4.60215 0.0201706
4.60436 0.0177743
4.80493 0.0405525
4.80709 0.0356084
5.00766 0.0561574
5.0099 0.0492627
5.01043 0.0432299
5.011 0.0379511
5.01158 0.0333322
5.01214 0.0292907
5.01265 0.0257544
5.01315 0.0226601
5.01316 0.0199526
5.01426 0.0175835
5.01593 0.0155106
5.0165 0.0136967
5.01707 0.0121096
5.01763 0.0107209
5.01816 0.00950582
5.01873 0.00844259
5.01931 0.00751227
5.02136 0.00669823
5.02248 0.00598595
5.02304 0.00548771
5.02359 0.00492674
5.02416 0.0044359
5.02642 0.00400641
5.02924 0.00363061
5.03035 0.00330178
5.03092 0.00301406
5.03149 0.0027623
5.03206 0.00266702
5.03596 0.00245864
5.03653 0.00227631
5.0371 0.00211677
5.03764 0.00197717
5.03817 0.00185502
5.03874 0.00174815
5.03931 0.00165463
5.04325 0.0015728
5.04435 0.0015012
5.04492 0.00143855
5.04549 0.00138373
5.04829 0.00133576
5.0494 0.00129379
5.04995 0.00125707
5.05053 0.00122493
5.05221 0.00119682
5.05333 0.00117221
5.05559 0.00115069
5.05616 0.00113185
5.05728 0.00111537
5.05783 0.00110095
5.05839 0.00108833
5.0584 0.00107729
5.06119 0.00106763
5.06234 0.00105917
5.06289 0.00105178
5.06344 0.0010453
5.06345 0.00103964
5.06455 0.00103469
5.06455 0.00103035
5.06512 0.00102655
5.06674 0.00102323
5.06728 0.00102033
5.06842 0.00101779
5.06895 0.00101556
5.06947 0.00101362
5.06947 0.00101191
5.07002 0.00101042
5.07002 0.00100912
5.07115 0.00100798
5.07116 0.00100698
5.07172 0.00100611
5.07228 0.00100534
5.07229 0.00100468
5.07229 0.00100409
5.07343 0.00100358
5.07343 0.00100313
5.07344 0.00100274
5.07399 0.0010024
5.07452 0.0010021
5.07452 0.00100183
5.07453 0.0010016
5.07507 0.0011264
5.07508 0.0011106
5.07508 0.00109678
5.07508 0.00108468
5.07727 0.00107409
5.07727 0.00106483
5.07839 0.00105673
5.07839 0.00104964
5.08055 0.00104343
5.08112 0.001038
5.08226 0.00103325
5.08278 0.0010291
5.0833 0.00102546
5.0833 0.00102228
5.08444 0.00101949
5.08444 0.00101705
5.085 0.00101492
5.08553 0.00101305
5.08554 0.00101142
5.08606 0.00101
5.08607 0.00100874
5.08607 0.00100765
5.08832 0.00100669
5.08884 0.00100586
5.08939 0.00100512
5.08996 0.00100448
5.09052 0.00100392
5.09052 0.00100343
5.09104 0.001003
5.09105 0.00100263
5.0921 0.0010023
5.09211 0.00100201
5.09267 0.00100176
5.09325 0.00100154
5.09325 0.00100134
5.09325 0.00100118
5.09433 0.00100103
5.09433 0.0010009
5.09433 0.00100079
5.09486 0.00100069
5.09543 0.0010006
5.09544 0.00100053
5.09544 0.00100046
5.09544 0.0010004
5.096 0.00100035
5.09601 0.00100031
5.09601 0.00100027
5.09656 0.00100023
5.09711 0.0010002
5.09711 0.00100018
5.09711 0.00100015
5.09712 0.00100014
5.09768 0.00100012
5.09934 0.0010001
5.09934 0.00100009
5.09984 0.00100008
5.1004 0.00100007
5.1004 0.00100006
5.10097 0.00100005
5.10324 0.00100004
5.10381 0.00100004
5.10438 0.00100003
5.10491 0.00100003
5.10546 0.00100002
5.10547 0.00100002
5.10603 0.00100002
5.10604 0.00100001
5.10716 0.00100001
5.10717 0.00100001
5.10772 0.00100001
5.1083 0.00100001
5.10944 0.00100001
5.11001 0.001
5.11058 0.001
5.11115 0.001
5.11172 0.001
5.11229 0.001
5.11452 0.001
5.12511 0.001125
5.12617 0.00110937
5.12898 0.0010957
5.32955 0.0260837
5.33178 0.0229483
5.3323 0.0202047
5.33344 0.0178041
5.334 0.0158286
5.33455 0.013975
5.33513 0.0123532
5.33513 0.010934
5.33627 0.00969227
5.33792 0.00860573
5.53849 0.032655
5.54074 0.0286981
5.5413 0.0252359
5.54414 0.0222064
5.54526 0.0195556
5.54579 0.0172361
5.54634 0.0152066
5.54691 0.0134308
5.55196 0.0118769
5.75254 0.0355173
5.75474 0.0312027
5.75524 0.0274273
5.75637 0.0241239
5.75694 0.0212334
5.75749 0.0187042
5.75749 0.0164912
5.75802 0.0145548
5.75803 0.0128605
5.75917 0.0113779
5.75917 0.0100807
5.75974 0.00894558
5.76026 0.00795238
5.76026 0.00708333
5.76026 0.00632292
5.76135 0.00565755
5.76136 0.00507536
5.7636 0.00456594
5.7658 0.00412019
5.76637 0.00373017
5.76749 0.0033889
5.76803 0.00321528
5.76856 0.00293837
5.76912 0.00269608
5.76912 0.00248407
5.77024 0.00229856
5.77025 0.00213624
5.77072 0.00199421
5.77119 0.00186993
5.77119 0.00176119
5.7712 0.00166604
5.77226 0.00158278
5.77226 0.00150994
5.77226 0.00144619
5.77283 0.00139042
5.7734 0.00134162
5.77452 0.00129891
5.77509 0.00138655
5.77564 0.00133823
5.77615 0.00129595
5.77615 0.00125896
5.77726 0.00122659
5.77726 0.00119826
5.77781 0.00117348
5.77835 0.00115179
5.77835 0.00113282
5.77892 0.00111622
5.78115 0.00110169
5.98172 0.025964
5.985 0.0228435
5.98553 0.020113
5.9861 0.0177239
5.98824 0.0156334
5.98935 0.0138042
5.98992 0.0122037
5.99046 0.0108032
5.99102 0.00970284
5.99102 0.00861499
5.99216 0.00766311
5.99216 0.00683022
5.99324 0.00610144
5.99324 0.00546376
5.99378 0.00490579
5.99435 0.00441757
5.99436 0.00399037
5.99436 0.00361657
5.99651 0.0032895
5.99708 0.00312832
5.99765 0.00286228
5.99822 0.00262949
6.00106 0.0025508
6.00219 0.00235695
6.00276 0.00218733
6.00333 0.00203892
6.00389 0.00190905
6.00442 0.00179542
6.00442 0.00169599
6.0055 0.00160899
6.0055 0.00153287
6.00607 0.00159126
6.00608 0.00151735
6.00664 0.00145268
6.0072 0.0013961
6.0072 0.00134658
6.0072 0.00130326
6.0083 0.00126535
6.0083 0.00123218
6.0083 0.00120316
6.00887 0.00117776
6.00943 0.00115554
6.00944 0.0011361
6.00944 0.00111909
6.00944 0.0011042
6.01 0.00109118
6.01054 0.00107978
6.01054 0.00106981
6.01055 0.00106108
6.01055 0.00105345
6.01111 0.00104676
6.01112 0.00104092
6.01112 0.0010358
6.01112 0.00103133
6.01167 0.00102741
6.01221 0.00102398
6.01221 0.00102099
6.01222 0.00101836
6.01222 0.00101607
6.01222 0.00101406
6.01325 0.0010123
6.01325 0.00101076
6.01325 0.00100942
6.01326 0.00100824
6.01326 0.00100721
6.01382 0.00100631
6.01439 0.00100552
6.01608 0.00112983
6.01608 0.0011136
6.01665 0.0010994
6.01888 0.00108697
6.21945 0.0260761
6.22275 0.0229416
6.22332 0.0201989
6.22435 0.017799
6.22488 0.0156991
6.22546 0.0138618
6.22603 0.012379
6.22929 0.0109567
6.23031 0.00971207
6.23088 0.00862306
6.23146 0.00767018
6.23203 0.00696141
6.23259 0.00621623
6.23424 0.0055642
6.23533 0.00499368
6.23589 0.00449447
6.23646 0.00405766
6.23703 0.00380045
6.23978 0.00345039
6.24034 0.00314409
6.24146 0.00287608
6.24203 0.00276657
6.2426 0.00254575
6.24314 0.00235253
6.24314 0.00218346
6.24424 0.00203553
6.24425 0.00190609
6.24481 0.00179283
6.24536 0.00169372
6.24536 0.00160701
6.24537 0.00153113
6.24637 0.00146474
6.24637 0.00140664
6.24637 0.00135581
6.24692 0.00131134
6.24749 0.00127242
6.24749 0.00123837
6.2475 0.00120857
6.24805 0.0013075
6.24806 0.00126906
6.24806 0.00123543
6.24806 0.001206
6.24917 0.00118025
6.24917 0.00115772
6.24917 0.001138
6.24918 0.00112075
6.24974 0.00110566
6.2503 0.00109245
6.25031 0.00108089
6.25031 0.00107078
6.25031 0.00106193
6.25086 0.00105419
6.25141 0.00104742
6.25141 0.00104149
6.25142 0.0010363
6.25142 0.00103176
6.25142 0.00102779
6.25312 0.00102432
6.25313 0.00102128
6.25365 0.00101862
6.25417 0.00101629
6.25417 0.00101425
6.2547 0.00101247
6.25527 0.00101091
6.25527 0.00100955
6.25528 0.00100835
6.25636 0.00100731
6.25636 0.00100639
6.25636 0.00100559
6.25687 0.0010049
6.25745 0.00100428
6.25913 0.00100375
6.25969 0.00100328
6.26026 0.00100287
6.26027 0.00100251
6.26139 0.00100219
6.2614 0.00100192
6.26191 0.00100168
6.26244 0.00100147
6.26245 0.00100129
6.26245 0.00100112
6.26302 0.00100098
6.26415 0.00100086
6.26517 0.00100075
6.26569 0.00100066
6.26626 0.00100058
6.26626 0.0010005
6.26739 0.00100044
6.2674 0.00100038
6.26852 0.00100034
6.26852 0.00100029
6.26908 0.00112526
6.26909 0.0011096
6.26909 0.0010959
6.27012 0.00108391
6.27013 0.00107342
6.27013 0.00106424
6.27059 0.00105621
6.27109 0.00104919
6.27109 0.00104304
6.2711 0.00103766
6.27166 0.00103295
6.27223 0.00102883
6.27223 0.00102523
6.27224 0.00102207
6.27224 0.00101931
6.27334 0.0010169
6.27335 0.00101479
6.27335 0.00101294
6.27335 0.00101132
6.27384 0.0010099
6.27436 0.00100867
6.27437 0.00100758
6.27437 0.00100663
6.27437 0.0010058
6.27438 0.00100508
6.27605 0.00100444
6.27605 0.00100389
6.27715 0.0010034
6.27715 0.00100297
6.27772 0.0010026
6.27994 0.00100228
6.28051 0.00100199
6.28268 0.00100174
6.28326 0.00100153
6.28438 0.00100133
6.28494 0.00100117
6.28551 0.00100102
6.28833 0.00100089
6.4889 0.0258758
6.49103 0.0227663
6.49215 0.0200455
6.49272 0.0176648
6.49328 0.0155817
6.49382 0.013759
6.49439 0.0121641
6.49439 0.0107686
6.49553 0.00954754
6.49553 0.0084791
6.49607 0.00766921
6.49607 0.00683556
6.49657 0.00610611
6.49711 0.00546785
6.49712 0.00490937
6.49712 0.0044207
6.49825 0.00399311
6.49826 0.00361897
6.49826 0.0032916
6.4988 0.00300515
6.49933 0.0027545
6.49934 0.00253519
6.49934 0.00234329
6.49934 0.00217538
6.50048 0.00202846
6.50048 0.0018999
6.50048 0.00178741
6.50049 0.00168898
6.50105 0.00172786
6.50105 0.00163688
6.50105 0.00155727
6.50106 0.00148761
6.5016 0.00142666
6.50217 0.00137332
6.50217 0.00132666
6.50217 0.00128582
6.50218 0.0012501
6.50218 0.00121883
6.50442 0.00119148
6.50443 0.00116754
6.50498 0.0011466
6.50551 0.00112827
6.50552 0.00111224
6.50608 0.00122321
6.50608 0.00119531
6.50609 0.00117089
6.50719 0.00114953
6.50719 0.00113084
6.5072 0.00111448
6.50776 0.00110017
6.50833 0.00108765
6.50833 0.00107669
6.50834 0.00106711
6.5089 0.00105872
6.51058 0.00105138
6.51115 0.00104496
6.51169 0.00103934
6.51315 0.00103442
6.51426 0.00103012
6.51482 0.00102635
6.51539 0.00102306
6.51594 0.00102017
6.5165 0.00101765
6.5165 0.00101545
6.51707 0.00101351
6.51708 0.00101182
6.5182 0.00101035
6.51821 0.00100905
6.51877 0.00100792
6.5193 0.00100693
6.51931 0.00100606
6.51931 0.0010053
6.52214 0.00100464
6.52271 0.00100406
6.52657 0.00100355
6.52714 0.00100311
6.52828 0.00100272
6.52885 0.00100238
6.52942 0.00100208
6.52942 0.00100182
6.53056 0.00100159
6.53057 0.00100139
6.53113 0.00100122
6.53114 0.00100106
6.53167 0.00100093
6.53215 0.00100081
6.53216 0.00100071
6.53216 0.00100062
6.53327 0.00100055
6.53327 0.00100048
6.53328 0.00100042
6.53541 0.00100036
6.53597 0.00100032
6.53654 0.00100028
6.54149 0.00100024
6.54206 0.00100021
6.54315 0.00100019
6.5437 0.00100016
6.54427 0.00100014
6.54427 0.00100012
6.54643 0.00100011
6.54757 0.00100009
6.54813 0.00112508
6.54867 0.00110944
6.54918 0.00109576
6.54919 0.00108379
6.55032 0.00107332
6.55033 0.00106415
6.55143 0.00105613
6.55143 0.00104912
6.55197 0.00104298
6.55254 0.0010376
6.55255 0.0010329
6.55255 0.00102879
6.55309 0.00102519
6.55309 0.00102204
6.5531 0.00101929
6.55361 0.00101687
6.55416 0.00101476
6.55417 0.00101292
6.55417 0.0010113
6.55473 0.00100989
6.5553 0.00100865
6.55643 0.00100757
6.557 0.00100662
6.557 0.0010058
6.55757 0.00100507
6.55814 0.00100444
6.55814 0.00100388
6.55925 0.0010034
6.55926 0.00100297
6.55978 0.0010026
6.56033 0.00100227
6.56034 0.00100199
6.56034 0.00100174
6.56146 0.00100152
6.56146 0.00100133
6.56146 0.00100116
6.56201 0.00112602
6.56202 0.00111027
6.56202 0.00109648
6.56257 0.00108442
6.56314 0.00107387
6.56424 0.00106463
6.56477 0.00105655
6.56534 0.00104948
6.56534 0.0010433
6.56648 0.00103788
6.56649 0.00103315
6.56705 0.001154
6.56706 0.00113475
6.56761 0.00111791
6.56818 0.00110317
6.56818 0.00109027
6.56818 0.00107899
6.56932 0.00106911
6.56932 0.00106047
6.56933 0.00105291
6.56985 0.0010463
6.57041 0.00104051
6.57041 0.00103545
6.57041 0.00103102
6.57042 0.00102714
6.57154 0.00102375
6.57155 0.00102078
6.57155 0.00101818
6.57155 0.00101591
6.57209 0.00113892
6.57209 0.00112155
6.57209 0.00110636
6.5721 0.00109306
6.57264 0.00108143
6.5732 0.00107125
6.57321 0.00106234
6.57321 0.00105455
6.57321 0.00104773
6.57322 0.00104177
6.57435 0.00103654
6.57435 0.00103198
6.57542 0.00102798
6.57543 0.00102448
6.57599 0.00102142
6.57657 0.00101874
6.5782 0.0010164
6.57928 0.00101435
6.57985 0.00101256
6.58042 0.00101099
6.58096 0.00100961
6.58313 0.00100841
6.58425 0.00100736
6.58482 0.00100644
6.58537 0.00100563
6.58538 0.00100493
6.58648 0.00100431
6.58649 0.00100377
6.58752 0.0010033
6.58753 0.00100289
6.5881 0.00112753
6.59027 0.00111159
6.59138 0.00109764
6.59196 0.00108543
6.59251 0.00107475
6.59251 0.00106541
6.59306 0.00105723
6.59306 0.00105008
6.5942 0.00104382
6.5942 0.00103834
6.59475 0.00103355
6.59531 0.00102935
6.59531 0.00102568
6.59532 0.00102247
6.59645 0.00101966
6.59646 0.0010172
6.59646 0.00101505
6.59703 0.00113817
6.59703 0.0011209
6.59703 0.00110579
6.59758 0.00109256
6.59812 0.00108099
6.59812 0.00107087
6.59812 0.00106201
6.59813 0.00105426
6.59925 0.00104747
6.59925 0.00104154
6.59926 0.00103635
6.60036 0.0010318
6.60088 0.00102783
6.60144 0.00102435
6.60144 0.0010213
6.60201 0.00101864
6.60201 0.00101631
6.60258 0.00101427
6.6031 0.00101249
6.60311 0.00101093
6.60311 0.00100956
6.60415 0.00100836
6.60415 0.00100732
6.60415 0.0010064
6.60529 0.0010056
6.60529 0.0010049
6.60529 0.00100429
6.60584 0.00100375
6.60637 0.00100328
6.60638 0.00100287
6.60638 0.00100251
6.60638 0.0010022
6.6075 0.00100192
6.6075 0.00100168
6.60751 0.00100147
6.60751 0.00100129
6.60807 0.00112613
6.60808 0.00111036
6.60808 0.00109656
6.60808 0.00108449
6.60858 0.00107393
6.60909 0.00106469
6.60909 0.0010566
6.60909 0.00104953
6.6091 0.00104334
6.6091 0.00103792
6.61018 0.00103318
6.61019 0.00102903
6.61019 0.0010254
6.61019 0.00102223
6.6102 0.00101945
6.61076 0.00101702
6.61243 0.00101489
6.61243 0.00101303
6.613 0.0010114
6.613 0.00100997
6.61357 0.00100873
6.61521 0.00100763
6.61578 0.00100668
6.61636 0.00100585
6.61857 0.00100511
6.61913 0.00100447
6.61968 0.00100391
6.6202 0.00100342
6.62077 0.001003
6.62134 0.00100262
6.62352 0.00100229
6.62409 0.00100201
6.62466 0.00100176
6.62523 0.00100154
6.62576 0.00100134
6.62628 0.00100117
6.62628 0.00100103
6.6274 0.0010009
6.62741 0.00100079
6.62797 0.00100069
6.62848 0.0010006
6.62849 0.00100052
6.62849 0.00100046
6.62956 0.0010004
6.62957 0.00100035
6.62957 0.00100031
6.63013 0.00112527
6.63013 0.00110961
6.63014 0.00109591
6.6307 0.00108392
6.63123 0.00107343
6.63124 0.00106425
6.63124 0.00105622
6.63124 0.00104919
6.63233 0.00104304
6.63234 0.00103766
6.63234 0.00103295
6.63234 0.00102883
6.63288 0.00102523
6.63341 0.00102207
6.63341 0.00101931
6.63341 0.0010169
6.63342 0.00101479
6.63395 0.00101294
6.63452 0.00101132
6.63453 0.0010099
6.63453 0.00100867
6.63453 0.00100758
6.63454 0.00100663
6.6351 0.0010058
6.6351 0.00100508
6.6351 0.00100444
6.63511 0.00100389
6.63511 0.0010034
6.63567 0.00100297
6.63617 0.0010026
6.63617 0.00100228
6.63617 0.00100199
6.63618 0.00100174
6.63618 0.00100153
6.63618 0.00100133
6.63723 0.00100117
6.63724 0.00100102
6.63724 0.00100089
6.63724 0.00100078
6.63725 0.00100068
6.63725 0.0010006
6.63781 0.00100052
6.63837 0.00100046
6.63838 0.0010004
6.63838 0.00100035
6.63838 0.0010003
6.63839 0.00100027
6.63839 0.00100023
6.63894 0.0010002
6.6395 0.00100018
6.6395 0.00100015
6.63951 0.00100013
6.63951 0.00100012
6.63951 0.0010001
6.63952 0.00100009
6.63952 0.00100008
6.64007 0.00100007
6.64008 0.00100006
6.64118 0.00100005
6.64118 0.00100004
6.64119 0.00100004
6.64169 0.00100003
6.64224 0.00100003
6.64224 0.00100002
6.64224 0.00100002
6.64281 0.00100002
6.64443 0.00100001
6.64495 0.00100001
6.64551 0.00100001
6.64551 0.00100001
6.64608 0.00100001
6.64608 0.00100001
6.64719 0.001
6.6472 0.001
6.64775 0.001
6.64832 0.001
6.64832 0.001
6.64832 0.001
6.65001 0.001125
6.65002 0.00110937
6.65002 0.0010957
6.65058 0.00108374
6.65115 0.00107327
6.65115 0.00106411
6.65116 0.0010561
6.65116 0.00104908
6.65227 0.00104295
6.65228 0.00103758
6.65228 0.00103288
6.65228 0.00102877
6.65284 0.00102517
6.65341 0.00102203
6.65341 0.00101927
6.65342 0.00101686
6.65342 0.00101475
6.65342 0.00101291
6.65508 0.0010113
6.65508 0.00100988
6.65613 0.00100865
6.65613 0.00100757
6.6567 0.00100662
6.65836 0.00100579
6.65942 0.00100507
6.66 0.00100443
6.66056 0.00100388
6.66056 0.00100339
6.66109 0.00100297
6.66109 0.0010026
6.66221 0.00100227
6.66387 0.00100199
6.66441 0.00100174
6.67281 0.00100152
6.67338 0.00100133
6.67447 0.00100116
6.67497 0.00100102
6.67551 0.00100089
6.67552 0.00100078
6.67609 0.00100068
6.67609 0.00100059
6.67721 0.00100052
6.67721 0.00100045
6.67773 0.0010004
6.67827 0.00100035
6.67828 0.0010003
6.67828 0.00100026
6.68049 0.00100023
6.68101 0.0011252
6.68157 0.00110955
6.68214 0.00109586
6.68493 0.00108387
6.6855 0.00107339
6.68607 0.00106421
6.68833 0.00105619
6.68945 0.00104916
6.69002 0.00116802
6.69059 0.00114701
6.6911 0.00112864
6.69111 0.00111256
6.69215 0.00109849
6.69215 0.00108618
6.69489 0.0010754
6.69546 0.00106598
6.69603 0.00105773
6.69825 0.00105051
6.69937 0.0010442
6.6999 0.00103867
6.70046 0.00103384
6.70103 0.00115461
6.70104 0.00113528
6.70215 0.00111837
6.70215 0.00110357
6.70317 0.00109063
6.70317 0.0010793
6.70372 0.00106938
6.70429 0.00106071
6.70539 0.00105312
6.70653 0.00104648
6.70709 0.00116567
6.70764 0.00114496
6.70818 0.00112684
6.70819 0.00111099
6.70931 0.00109711
6.70932 0.00108497
6.70989 0.00107435
6.71044 0.00106506
6.71044 0.00105692
6.71045 0.00104981
6.711 0.00104358
6.711 0.00103813
6.71156 0.00103337
6.71213 0.0010292
6.71214 0.00102555
6.71214 0.00102235
6.71268 0.00101956
6.71321 0.00101711
6.71322 0.00101497
6.71322 0.0010131
6.71322 0.00101146
6.71434 0.00101003
6.71435 0.00100878
6.71435 0.00100768
6.71435 0.00100672
6.71491 0.00100588
6.71547 0.00100514
6.71548 0.0010045
6.71548 0.00100394
6.71548 0.00100344
6.71602 0.00112801
6.71603 0.00111201
6.71603 0.00109801
6.71603 0.00108576
6.71604 0.00107504
6.71715 0.00106566
6.71716 0.00105745
6.71716 0.00105027
6.71716 0.00104398
6.71717 0.00103849
6.71771 0.00103367
6.71827 0.00102947
6.71828 0.00102578
6.71828 0.00102256
6.71828 0.00101974
6.71829 0.00101727
6.71829 0.00101511
6.71935 0.00101322
6.71935 0.00101157
6.71935 0.00101012
6.71936 0.00100886
6.71936 0.00100775
6.71936 0.00100678
6.71992 0.00100593
6.72049 0.00100519
6.72202 0.00100454
6.72202 0.00100397
6.72202 0.00100348
6.72253 0.00100304
6.7231 0.00100266
6.72311 0.00100233
6.72311 0.00100204
6.72367 0.00100178
6.72424 0.00100156
6.72425 0.00100136
6.72425 0.00100119
6.72425 0.00100104
6.72534 0.00100091
6.72535 0.0010008
6.72535 0.0010007
6.72535 0.00100061
6.72592 0.00100053
6.72754 0.00100047
6.72806 0.00100041
6.72806 0.00100036
6.72862 0.00100031
6.72919 0.00100027
6.72919 0.00100024
6.72976 0.00100021
6.73032 0.00100018
6.73033 0.00100016
6.73033 0.00100014
6.73145 0.00100012
6.73146 0.00100011
6.73146 0.00100009
6.732 0.00100008
6.732 0.00100007
6.73201 0.00100006
6.73252 0.00100005
6.73252 0.00100004
6.73302 0.00100004
6.73303 0.00100003
6.73303 0.00100003
6.73303 0.00100002
6.73416 0.00100002
6.73416 0.00100002
6.73416 0.00100001
6.73417 0.00100001
6.73471 0.00100001
6.73528 0.00100001
6.73528 0.00100001
6.73529 0.00100001
6.73529 0.001
6.73529 0.001
6.73638 0.001
6.73639 0.001
6.73639 0.001
6.73639 0.001
6.75304 0.001125
6.75696 0.00110937
6.75754 0.0010957
6.75809 0.00108374
6.75865 0.00107327
6.75922 0.00106411
6.76148 0.0010561
6.76205 0.00104908
6.7626 0.00104295
6.76316 0.00103758
6.76373 0.00103288
6.7643 0.00102877
6.76813 0.00102517
6.76926 0.00102203
6.76983 0.00101927
6.77038 0.00101686
6.77038 0.00101475
6.77152 0.00101291
6.77152 0.0010113
6.77208 0.00100988
6.77209 0.00100865
6.77265 0.00100757
6.77321 0.00100662
6.77322 0.00100579
6.77322 0.00100507
6.77436 0.00100443
6.77436 0.00100388
6.77436 0.00100339
6.77491 0.00100297
6.77548 0.0010026
6.77549 0.00100227
6.77549 0.00100199
6.77606 0.00112674
6.77776 0.0011109
6.77827 0.00109703
6.77827 0.0010849
6.77932 0.00107429
6.77933 0.001065
6.78153 0.00105688
6.78206 0.00104977
6.7832 0.00104355
6.78376 0.0010381
6.78431 0.00103334
6.78431 0.00102917
6.78542 0.00102553
6.78542 0.00102233
6.7876 0.00101954
6.78817 0.0010171
6.78931 0.00101496
6.78986 0.00101309
6.79036 0.00101145
6.79037 0.00101002
6.79147 0.00100877
6.79147 0.00100767
6.79204 0.00100671
6.79204 0.00100587
6.79259 0.00100514
6.79315 0.00100449
6.79316 0.00100393
6.79316 0.00100344
6.7943 0.00100301
6.7943 0.00100263
6.79431 0.0010023
6.79486 0.00100201
6.79543 0.00100176
6.79543 0.00100154
6.79544 0.00100135
6.79598 0.00100118
6.79655 0.00100103
6.79821 0.0010009
6.79821 0.00100079
6.79927 0.00100069
6.79927 0.0010006
6.80152 0.00100053
6.8021 0.00100046
6.80322 0.0010004
6.80378 0.00100035
6.80433 0.00100031
6.80434 0.00100027
6.80546 0.00100023
6.80547 0.00100021
6.80603 0.00100018
6.80603 0.00100016
6.80659 0.00100014
6.80716 0.00100012
6.80717 0.0010001
6.80773 0.00100009
6.80942 0.00100008
6.81168 0.00100007
6.81224 0.00100006
6.81338 0.00100005
6.81394 0.00100004
6.8145 0.00100004
6.8145 0.00100003
6.81507 0.00100003
6.81507 0.00100002
6.81621 0.00100002
6.81621 0.00100002
6.81678 0.00100001
6.81732 0.00100001
6.81732 0.00100001
6.81733 0.00100001
6.81844 0.00100001
6.81845 0.00100001
6.81845 0.001
6.81902 0.001125
6.81902 0.00110938
6.81902 0.0010957
6.81959 0.00108374
6.82015 0.00107327
6.82015 0.00106411
6.82015 0.0010561
6.82016 0.00104908
6.82129 0.00104295
6.8213 0.00103758
6.8213 0.00103288
6.82243 0.00102877
6.82299 0.00102517
6.82356 0.00102203
6.82523 0.00101927
6.82635 0.00101686
6.82857 0.00101475
6.82914 0.00101291
6.83195 0.0010113
6.83252 0.00100988
6.83308 0.00100865
6.83363 0.00100757
6.83419 0.00100662
6.83476 0.00100579
6.8376 0.00100507
7.03817 0.0260044
7.04042 0.0228789
7.04156 0.020144
7.0421 0.017876
7.04264 0.0157665
7.04319 0.0139207
7.04319 0.0123056
7.04433 0.0108924
7.04434 0.00965586
7.04539 0.00857387
7.04539 0.00762714
7.04593 0.00679875
7.0465 0.0060739
7.0465 0.00543966
7.0465 0.00488471
7.04707 0.00439912
7.04707 0.00397423
7.04708 0.00360245
7.04934 0.00327714
7.0499 0.0029925
7.05043 0.00274344
7.05043 0.00252551
7.05144 0.00233482
7.05144 0.00216796
7.05201 0.00214697
7.05201 0.0020036
7.05258 0.00187815
7.05423 0.00176838
7.05538 0.00167233
7.05755 0.00158829
7.25812 0.0265148
7.26027 0.0233254
7.26139 0.0205347
7.26195 0.0180929
7.2625 0.0159563
7.26307 0.0142117
7.26913 0.0125603
7.27027 0.0111152
7.27079 0.00985084
7.27133 0.00874448
7.27189 0.00777642
7.27247 0.00692937
7.27247 0.0061882
7.27303 0.00553967
7.27303 0.00497221
7.27413 0.00447569
7.27414 0.00404122
7.2747 0.00366107
7.27528 0.00332844
7.27528 0.00303738
7.27528 0.00278271
7.27637 0.00255987
7.27637 0.00236489
7.27637 0.00219427
7.27693 0.00204499
7.2775 0.00191437
7.2775 0.00180007
7.2775 0.00170006
7.27751 0.00161255
7.27806 0.00153598
7.27807 0.00146898
7.27807 0.00141036
7.27807 0.00135907
7.27919 0.00131418
7.27919 0.00127491
7.2792 0.00124054
7.2792 0.00121048
7.27975 0.00118417
7.2803 0.00116114
7.2803 0.001141
7.28031 0.00112338
7.28031 0.00110795
7.28031 0.00109446
7.28254 0.00108265
7.28311 0.00107232
7.28526 0.00106328
7.28636 0.00105537
7.28692 0.00104845
7.28747 0.00104239
7.28748 0.00103709
7.28804 0.00103246
7.28805 0.0010284
7.28915 0.00102485
7.28916 0.00102174
7.28968 0.00101902
7.29021 0.00101665
7.29021 0.00101457
7.29021 0.00101274
7.29133 0.00101115
7.29133 0.00100976
7.29134 0.00100854
7.29189 0.00100747
7.29246 0.00100654
7.29247 0.00100572
7.29247 0.001005
7.29303 0.00112938
7.29303 0.0011132
7.29304 0.00109905
7.29304 0.00108667
7.29529 0.00107584
7.29529 0.00106636
7.29643 0.00105806
7.29643 0.0010508
7.297 0.00104445
7.29869 0.0010389
7.29923 0.00103403
7.30024 0.00102978
7.3008 0.00102606
7.30137 0.0010228
7.30412 0.00114495
7.30522 0.00112683
7.30579 0.00111098
7.30636 0.0010971
7.30691 0.00108497
7.30741 0.00107434
7.30741 0.00106505
7.3085 0.00105692
7.3085 0.0010498
7.30907 0.00116858
7.30907 0.00114751
7.30964 0.00112907
7.3102 0.00111293
7.31021 0.00109881
7.31021 0.00108646
7.31134 0.00107566
7.31134 0.0010662
7.31134 0.00105792
7.31191 0.00105068
7.31353 0.00104435
7.3141 0.0011638
7.32008 0.00126833
7.52065 0.0261098
7.52285 0.0229711
7.52339 0.0202247
7.52452 0.0178216
7.52509 0.0158439
7.52565 0.0139884
7.52618 0.0123649
7.52619 0.0109442
7.5273 0.00970122
7.52897 0.00861356
7.52954 0.00766187
7.5301 0.00682913
7.53067 0.00610049
7.53124 0.00546293
7.53181 0.00490506
7.53237 0.00441693
7.53237 0.00398981
7.53351 0.00361609
7.53519 0.00328907
7.53633 0.00300294
7.53854 0.00275257
7.73912 0.0275335
7.74236 0.0242168
7.74349 0.0213147
7.74406 0.0189004
7.74463 0.0166628
7.74517 0.014705
7.74518 0.0129918
7.74631 0.0114929
7.74631 0.0101813
7.74738 0.0090336
7.74738 0.0080294
7.74794 0.00715073
7.74851 0.00638188
7.74851 0.00570915
7.74852 0.0051205
7.74908 0.00460544
7.74909 0.00415476
7.74909 0.00376042
7.75131 0.00341536
7.75188 0.00311344
7.75239 0.00284926
7.75239 0.0026181
7.75342 0.00241584
7.75342 0.00223886
7.75399 0.002084
7.75455 0.0019485
7.75456 0.00182994
7.7551 0.00185119
7.7551 0.00174479
7.7551 0.00165169
7.75614 0.00157023
7.75615 0.00149895
7.75615 0.00143658
7.75671 0.00138201
7.75728 0.00133426
7.75729 0.00129247
7.75729 0.00125592
7.75785 0.00122392
7.75839 0.00119593
7.75839 0.00117144
7.75839 0.00115001
7.7584 0.00113126
7.7595 0.00111485
7.7595 0.00110049
7.7595 0.00108793
7.75951 0.00107694
7.76004 0.00119232
7.76004 0.00116828
7.76004 0.00114724
7.76005 0.00112884
7.76005 0.00111273
7.76105 0.00109864
7.76105 0.00108631
7.76105 0.00107552
7.76106 0.00106608
7.76106 0.00105782
7.76214 0.00105059
7.76214 0.00104427
7.76214 0.00103873
7.76215 0.00103389
7.76215 0.00102965
7.76271 0.00102595
7.76433 0.0010227
7.76433 0.00101987
7.76434 0.00101738
7.76702 0.00101521
7.76814 0.00101331
7.76872 0.00101164
7.76927 0.00101019
7.76927 0.00100891
7.77041 0.0010078
7.77042 0.00100682
7.97324 0.026006
9.17435 0.0228802
9.17547 0.0201452
9.17604 0.017752
9.17659 0.015658
9.17709 0.0138258
9.17761 0.0122226
9.17817 0.0108197
9.17817 0.00959227
9.17931 0.00851824
9.17931 0.00757846
9.17985 0.00675615
9.18039 0.00603663
9.18039 0.00540705
9.18039 0.00485617
9.18152 0.00437415
9.18152 0.00395238
9.18152 0.00358333
9.18209 0.00338541
9.18209 0.00308724
9.18209 0.00282633
9.18262 0.00259804
9.18313 0.00239829
9.18314 0.0022235
9.18314 0.00207056
9.18314 0.00193674
9.18425 0.00181965
9.18425 0.00171719
9.18426 0.00162754
9.18426 0.0015491
9.18482 0.00148046
9.18537 0.0014204
9.18537 0.00136785
9.18537 0.00132187
9.18538 0.00128164
9.1859 0.00124643
9.18647 0.00121563
9.18647 0.00118867
9.18647 0.00116509
9.18648 0.00114445
9.18648 0.0011264
9.18704 0.0011106
9.18704 0.00109677
9.18817 0.00108467
9.18818 0.00107409
9.1887 0.00106483
9.18927 0.00105672
9.18928 0.00104963
9.18985 0.00104343
9.1921 0.001163
9.19317 0.00114262
9.19368 0.0011248
9.19419 0.0011092
9.19419 0.00109555
9.19641 0.0010836
9.19756 0.00107315
9.1997 0.00106401
9.20027 0.00105601
9.20137 0.001049
9.20187 0.00104288
9.20242 0.00103752
9.20242 0.00103283
9.20526 0.00102872
9.20637 0.00102513
9.20693 0.00102199
9.2075 0.00101924
9.2075 0.00101684
9.20807 0.00101473
9.21025 0.00101289
9.21305 0.00113628
9.21418 0.00111924
9.21472 0.00110434
9.21526 0.00109129
9.21584 0.00107988
9.21859 0.0010699
9.21916 0.00106116
9.22025 0.00105351
9.22076 0.00104682
9.22131 0.00104097
9.22132 0.00103585
9.22246 0.00103137
9.22246 0.00102745
9.22301 0.00102402
9.22301 0.00102101
9.22353 0.00101839
9.22405 0.00101609
9.22405 0.00101408
9.22405 0.00101232
9.22519 0.00101078
9.22519 0.00100943
9.2252 0.00100825
9.22575 0.00100722
9.22631 0.00100632
9.22631 0.00100552
9.22631 0.00100483
9.22688 0.00100423
9.22902 0.0010037
9.22902 0.00100324
9.2301 0.00100283
9.2301 0.00100248
9.23124 0.00100217
9.23125 0.0010019
9.23182 0.00100166
9.23403 0.00112645
9.23516 0.00111064
9.23573 0.00109681
9.23629 0.00108471
9.2363 0.00107412
9.23743 0.00106486
9.23743 0.00105675
9.238 0.00104966
9.23855 0.00104345
9.23856 0.00103802
9.23911 0.00103326
9.23911 0.00102911
9.23912 0.00102547
9.24026 0.00102228
9.24026 0.0010195
9.24026 0.00101706
9.24243 0.00101493
9.243 0.00113806
9.24357 0.0011208
9.24627 0.0011057
9.44685 0.0259675
9.45019 0.0228466
9.45127 0.0201157
9.45178 0.0177263
9.45235 0.0156355
9.45851 0.013806
9.45904 0.0122053
9.46016 0.0108046
9.46073 0.00957905
9.46126 0.00850667
9.46127 0.00756833
9.4624 0.00674729
9.4624 0.00602888
9.46468 0.00540027
9.66525 0.0298502
9.66753 0.026244
9.66808 0.0230885
9.66909 0.0203274
9.66961 0.0179115
9.67016 0.0157975
9.67016 0.0139478
9.67235 0.0123294
9.67349 0.0109132
9.67406 0.00979905
9.6746 0.00869917
9.67517 0.00773677
9.67517 0.00689467
9.67631 0.00615784
9.67631 0.00551311
9.67743 0.00494897
9.67744 0.00445535
9.678 0.00414843
9.678 0.00375487
9.67801 0.00341051
9.68019 0.0031092
9.68075 0.00284555
9.68132 0.00261486
9.68512 0.002538
9.68625 0.00234575
9.6884 0.00217753
9.68954 0.00203034
9.69011 0.00202654
9.69063 0.00189823
9.69114 0.00178595
9.69114 0.0016877
9.69226 0.00160174
9.69227 0.00152652
9.69337 0.00146071
9.69337 0.00140312
9.6939 0.00135273
9.69447 0.00130864
9.69447 0.00127006
9.69447 0.0012363
9.69504 0.00120676
9.69504 0.00118092
9.69504 0.0011583
9.69561 0.00113851
9.69613 0.0011212
9.69613 0.00110605
9.69614 0.00109279
9.69666 0.00108119
9.69718 0.00107104
9.69718 0.00106216
9.69718 0.00105439
9.69719 0.00104759
9.69832 0.00104164
9.69832 0.00103644
9.69832 0.00103188
9.69833 0.0010279
9.69888 0.00102441
9.69944 0.00102136
9.69945 0.00101869
9.69945 0.00101635
9.69945 0.00101431
9.69946 0.00101252
9.70002 0.00101095
9.70115 0.00100958
9.70115 0.00100839
9.70226 0.00100734
9.70226 0.00100642
9.70282 0.00100562
9.70339 0.00100491
9.70339 0.0010043
9.70339 0.00100376
9.70445 0.00100329
9.70445 0.00100288
9.70445 0.00100252
9.70499 0.0010022
9.70556 0.00100193
9.70723 0.00100169
9.70723 0.00100147
9.70838 0.00100129
9.70838 0.00100113
9.7095 0.00100099
9.70951 0.00100086
9.71007 0.00112575
9.71008 0.00111004
9.71065 0.00109628
9.71347 0.00108424
9.71401 0.00119871
9.71456 0.00117387
9.71514 0.00115214
9.72024 0.00113312
9.72138 0.00111648
9.72195 0.00110192
9.72252 0.00108918
9.72305 0.00120303
9.72305 0.00117765
9.72415 0.00115545
9.72416 0.00113601
9.72528 0.00111901
9.72529 0.00110414
9.72583 0.00109112
9.7264 0.00107973
9.72641 0.00106976
9.72641 0.00106104
9.72754 0.00105341
9.72755 0.00104673
9.72755 0.00104089
9.72811 0.00116078
9.72811 0.00114068
9.72811 0.00112309
9.72867 0.00110771
9.72923 0.00109424
9.72924 0.00108246
9.72924 0.00107215
9.72924 0.00106313
9.73037 0.00105524
9.73038 0.00104834
9.73038 0.00104229
9.73038 0.00103701
9.73093 0.00103238
9.73147 0.00102833
9.73148 0.00102479
9.73148 0.00102169
9.73148 0.00101898
9.73149 0.00101661
9.73205 0.00101453
9.73205 0.00101271
9.73205 0.00101112
9.73206 0.00100973
9.73206 0.00100852
9.73318 0.00100745
9.73318 0.00100652
9.73319 0.0010057
9.73319 0.00100499
9.73319 0.00100437
9.73371 0.00100382
9.73422 0.00100334
9.73423 0.00100292
9.73423 0.00100256
9.73423 0.00100224
9.73424 0.00100196
9.73424 0.00100171
9.73534 0.0010015
9.73534 0.00100131
9.73535 0.00100115
9.73535 0.001001
9.73535 0.00100088
9.73536 0.00100077
9.73591 0.00100067
9.73647 0.00100059
9.73647 0.00100051
9.73647 0.00100045
9.73648 0.00100039
9.73648 0.00100034
9.73648 0.0010003
9.73649 0.00100026
9.73701 0.00100023
9.73701 0.0010002
9.73701 0.00100017
9.73702 0.00100015
9.73702 0.00100013
9.73702 0.00100012
9.73703 0.0010001
9.73812 0.00100009
9.73812 0.00100008
9.73812 0.00100007
9.73813 0.00100006
9.73813 0.00100005
9.73813 0.00100004
9.73814 0.00100004
9.73869 0.00100003
9.74023 0.00100003
9.74024 0.00100002
9.74024 0.00100002
9.74024 0.00100002
9.74135 0.00100001
9.74135 0.00100001
9.74136 0.00100001
9.74136 0.00100001
9.74247 0.00100001
9.74247 0.00100001
9.74248 0.001
9.74248 0.001
9.74304 0.001125
9.74304 0.00110938
9.74305 0.0010957
9.7447 0.00108374
9.7452 0.00107327
9.7452 0.00106411
9.74572 0.0010561
9.7463 0.00104908
9.74798 0.00104295
9.74854 0.00103758
9.74903 0.00115788
9.74953 0.00113815
9.75006 0.00112088
9.75006 0.00110577
9.7512 0.00109255
9.75121 0.00108098
9.75226 0.00107085
9.75227 0.001062
9.75276 0.00105425
9.7533 0.00104747
9.7533 0.00104153
9.75331 0.00103634
9.75444 0.0010318
9.75444 0.00102782
9.75445 0.00102434
9.755 0.0010213
9.755 0.00101864
9.75554 0.00101631
9.75555 0.00101427
9.75555 0.00101249
9.75612 0.00101092
9.75612 0.00100956
9.75612 0.00100836
9.75613 0.00100732
9.75724 0.0010064
9.75724 0.0010056
9.75724 0.0010049
9.75725 0.00100429
9.75778 0.00100375
9.75835 0.00100328
9.75999 0.00100287
9.7605 0.00100251
9.7605 0.0010022
9.76105 0.00112692
9.76105 0.00111106
9.76162 0.00109717
9.76443 0.00108503
9.76501 0.0010744
9.76555 0.0010651
9.76605 0.00105696
9.7666 0.00104984
9.76718 0.00104361
9.76718 0.00103816
9.76827 0.00103339
9.76828 0.00102921
9.76879 0.00102556
9.76933 0.00102237
9.76933 0.00101957
9.76933 0.00101712
9.77102 0.00101498
9.77209 0.00101311
9.77267 0.00101147
9.77433 0.00101004
9.77544 0.00100878
9.7776 0.00100768
9.77816 0.00100672
9.77929 0.00100588
9.77984 0.00100515
9.78041 0.0010045
9.78314 0.00100394
9.78428 0.00100344
9.78482 0.00100301
9.78535 0.00100264
9.7859 0.00100231
9.78648 0.00100202
9.78809 0.00100176
9.78921 0.00100154
9.7914 0.00100135
9.79255 0.00100118
9.79452 0.00100103
9.99509 0.0260009
9.99727 0.0228758
9.99841 0.0201413
10.0007 0.0177487
10.0012 0.0156551
10.0023 0.0138232
10.0029 0.0122203
10.005 0.0108178
10.0061 0.00959053
10.0067 0.00851671
10.0084 0.00757712
10.0095 0.00675498
10.0101 0.00616061
10.0106 0.00551553
10.0112 0.00495109
10.0173 0.0044572
10.0184 0.00402505
10.0189 0.00364692
10.0194 0.00331606
10.02 0.00315155
10.0206 0.0028826
10.0223 0.00264728
10.0234 0.00244137
10.0239 0.0022612
10.0245 0.00210355
10.025 0.0020906
10.0278 0.00195428
10.0284 0.00183499
10.0295 0.00173062
10.0301 0.00176429
10.0362 0.00166875
10.0373 0.00158516
10.0378 0.00151201
10.0384 0.00144801
10.0389 0.00139201
10.0428 0.00134301
10.0433 0.00130013
10.0445 0.00126261
10.045 0.00135479
10.0456 0.00131044
10.0461 0.00127163
10.0461 0.00123768
10.0473 0.00120797
10.0473 0.00118197
10.0478 0.00115922
10.0484 0.00113932
10.0484 0.0011219
10.0484 0.00110667
10.0495 0.00109333
10.0495 0.00108166
10.0495 0.00107146
10.0511 0.00106252
10.0516 0.00105471
10.0522 0.00104787
10.0543 0.00104188
10.0554 0.00103665
10.056 0.00115707
10.0566 0.00113743
10.0572 0.00112025
10.0572 0.00110522
10.0583 0.00109207
10.0583 0.00108056
10.0589 0.00107049
10.0594 0.00106168
10.0594 0.00105397
10.06 0.00104722
10.0611 0.00104132
10.0623 0.00103615
10.0628 0.00103163
10.0634 0.00102768
10.0634 0.00102422
10.0645 0.00102119
10.0645 0.00101854
10.0651 0.00101622
10.0651 0.00101419
10.0657 0.00101242
10.0662 0.00101087
10.0662 0.00100951
10.0668 0.00100832
10.0684 0.00100728
10.0707 0.00100637
10.2713 0.0260056
10.2734 0.0228799
10.2745 0.0201449
10.2751 0.0178768
10.2757 0.0157672
10.2762 0.0139213
10.2762 0.0123061
10.2773 0.0108929
10.2773 0.00965625
10.2784 0.00857422
10.2784 0.00762744
10.2789 0.00679901
10.2795 0.00607413
10.2795 0.00543987
10.2795 0.00488488
10.28 0.00439927
10.28 0.00397436
10.28 0.00360256
10.2822 0.00327724
10.2827 0.00299259
10.2833 0.00274351
10.2833 0.00252557
10.2844 0.00233488
10.2844 0.00216802
10.285 0.00202201
10.285 0.00189426
10.2856 0.00178248
10.2856 0.00168467
10.2861 0.00159909
10.2861 0.0015242
10.2861 0.00145867
10.2882 0.00140134
10.2888 0.00135117
10.2894 0.00130727
10.2899 0.00126886
10.2905 0.00123526
10.2921 0.00120585
10.2932 0.00118012
10.2937 0.0011576
10.2943 0.0011379
10.2948 0.00112066
10.2954 0.00110558
10.2954 0.00109238
10.2965 0.00108083
10.2982 0.00107073
10.2992 0.00106189
10.2998 0.00105415
10.3003 0.00104738
10.3009 0.00104146
10.3014 0.00103628
10.3014 0.00103174
10.302 0.00102777
10.302 0.0010243
10.3042 0.00102126
10.3052 0.0010186
10.3058 0.00101628
10.3063 0.00101424
10.3069 0.00101246
10.3075 0.0010109
10.3075 0.00100954
10.308 0.00100835
10.308 0.0010073
10.3091 0.00100639
10.3091 0.00100559
10.3096 0.00100489
10.3102 0.00100428
10.3102 0.00100374
10.3102 0.00100328
10.3113 0.00100287
10.3113 0.00100251
10.3113 0.00100219
10.3119 0.00100192
10.3124 0.00100168
10.3124 0.00100147
10.3124 0.00100128
10.3124 0.00100112
10.3141 0.00100098
10.3146 0.00100086
10.3151 0.00100075
10.3152 0.00100066
10.3163 0.00100057
10.3179 0.0010005
10.3185 0.00100044
10.319 0.00100038
10.3212 0.00100034
10.3224 0.00100029
10.3229 0.00100026
10.3234 0.00100022
10.324 0.0011252
10.3267 0.00110955
10.3273 0.00109585
10.3283 0.00108387
10.3288 0.00107339
10.3293 0.00106421
10.3293 0.00105618
10.3303 0.00104916
10.3304 0.00104302
10.3326 0.00103764
10.3331 0.00103293
10.3343 0.00102882
10.3348 0.00102521
10.3354 0.00102206
10.3354 0.0010193
10.3365 0.00101689
10.3365 0.00101478
10.3371 0.00101293
10.3371 0.00101131
10.3377 0.0010099
10.3382 0.00100866
10.3382 0.00100758
10.3382 0.00100663
10.3393 0.0010058
10.3393 0.00100508
10.3393 0.00100444
10.3399 0.00100388
10.3405 0.0010034
10.3405 0.00100297
10.3405 0.0010026
10.341 0.00100228
10.3415 0.00100199
10.3415 0.00100174
10.3415 0.00100152
10.3415 0.00100133
10.3421 0.00100117
10.3421 0.00100102
10.3421 0.00100089
10.3421 0.00100078
10.3426 0.00100068
10.3432 0.0010006
10.3432 0.00100052
10.3432 0.00100045
10.3432 0.0010004
10.3437 0.00100035
10.3442 0.0010003
10.3442 0.00100027
10.3442 0.00100023
10.3442 0.0010002
10.3443 0.00100018
10.3454 0.00100015
10.3454 0.00100013
10.3454 0.00100012
10.3454 0.0010001
10.3454 0.00100009
10.3459 0.00100008
10.3465 0.00100007
10.3465 0.00100006
10.3465 0.00100005
10.3465 0.00100004
10.3465 0.00100004
10.3465 0.00100003
10.347 0.00100003
10.347 0.00100002
10.347 0.00100002
10.347 0.00100002
10.347 0.00100001
10.347 0.00100001
10.3475 0.00100001
10.3481 0.00100001
10.3481 0.00100001
10.3481 0.00100001
10.3481 0.001
10.3481 0.001
10.3481 0.001
10.3487 0.001
10.3504 0.001
10.3504 0.001
10.5565 0.026
10.5588 0.022875
10.7593 0.0451406
10.7615 0.039623
10.762 0.0347952
10.7632 0.0305708
10.7637 0.0268744
10.7643 0.0236401
10.7643 0.0208101
10.7666 0.0183338
10.7671 0.0161671
10.7682 0.0142712
10.7688 0.0126123
10.7694 0.0111608
10.7694 0.00989068
10.7705 0.00877934
10.7705 0.00780693
10.771 0.00695606
10.771 0.00621155
10.7716 0.00556011
10.7721 0.00499009
10.7721 0.00449133
10.7721 0.00405492
10.7744 0.00367305
10.7749 0.00333892
10.7755 0.00304655
10.7761 0.00291573
10.7767 0.00267627
10.7784 0.00246673
10.7795 0.00228339
10.7818 0.00212297
10.7823 0.0019826
10.7834 0.00185977
10.784 0.0017523
10.7846 0.00165826
10.7846 0.00157598
10.7851 0.00150398
10.7851 0.00144098
10.7861 0.00138586
10.7861 0.00133762
10.7867 0.00129542
10.7872 0.00125849
10.7872 0.00122618
10.7894 0.00119791
10.7921 0.00117317
10.7932 0.00115152
10.7955 0.00113258
10.796 0.00111601
10.7972 0.00110151
10.7977 0.00108882
10.7983 0.00107771
10.7983 0.001068
10.7994 0.0010595
10.7994 0.00105206
10.8005 0.00104555
10.8006 0.00103986
10.8011 0.00115988
10.8011 0.00113989
10.8011 0.0011224
10.8021 0.0011071
10.8021 0.00109371
10.8021 0.001082
10.8026 0.00107175
10.8032 0.00106278
10.8032 0.00105493
10.8032 0.00104807
10.8037 0.00104206
10.8043 0.0010368
10.8043 0.0010322
10.8043 0.00102817
10.8043 0.00102465
10.806 0.00102157
10.8066 0.00101887
10.8071 0.00101651
10.8071 0.00101445
10.8083 0.00101264
10.8083 0.00101106
10.8088 0.00100968
10.811 0.00113347
10.8137 0.00111678
10.8143 0.00110219
10.8154 0.00108941
10.816 0.00107823
10.8165 0.00106845
10.8205 0.0010599
10.821 0.00105241
10.8238 0.00104586
10.8244 0.00104013
10.8272 0.00103511
10.8283 0.00103072
10.8289 0.00102688
10.8295 0.00102352
10.8334 0.00102058
10.8344 0.00101801
10.835 0.00101576
10.8356 0.00101379
10.8371 0.00101206
10.8382 0.00101055
10.8388 0.00100923
10.8393 0.00100808
10.8399 0.00100707
10.8404 0.00100618
10.8404 0.00100541
10.8416 0.00100473
10.8416 0.00100414
10.8421 0.00112862
10.8421 0.00111255
10.8426 0.00109848
10.8432 0.00108617
10.8432 0.0010754
10.8432 0.00106597
10.8454 0.00105772
10.8459 0.00105051
10.8464 0.00104419
10.847 0.00103867
10.8475 0.00103383
10.8475 0.0010296
10.8481 0.0010259
10.8481 0.00102267
10.8486 0.00101983
10.8492 0.00101735
10.8509 0.00101518
10.8514 0.00101329
10.852 0.00101162
10.8542 0.00101017
10.8554 0.0010089
10.8559 0.00100779
10.8565 0.00100681
10.8571 0.00113096
10.8576 0.00111459
10.8593 0.00110027
10.8604 0.00108773
10.861 0.00107676
10.8616 0.00106717
10.8621 0.00118377
10.8621 0.0011608
10.8633 0.0011407
10.8633 0.00112311
10.8644 0.00110772
10.8644 0.00109426
10.865 0.00108247
10.8655 0.00107216
10.8672 0.00106314
10.8678 0.00105525
10.8684 0.00104834
10.8689 0.0010423
10.8695 0.00103701
10.8695 0.00103239
10.87 0.00102834
10.87 0.00102479
10.8711 0.00102169
10.8711 0.00101898
10.8717 0.00101661
10.8723 0.00101453
10.8723 0.00101271
10.8723 0.00101112
10.8734 0.00100973
10.8734 0.00100852
10.8734 0.00100745
10.874 0.00100652
10.875 0.0010057
10.8756 0.00100499
10.8761 0.00100437
10.8767 0.00100382
10.8795 0.00100334
10.8801 0.00100292
10.8812 0.00100256
10.8817 0.00100224
10.8823 0.00100196
10.8823 0.00100171
10.8834 0.0010015
10.8834 0.00100131
10.8846 0.00100115
10.8846 0.001001
10.8851 0.00112588
10.8851 0.00111014
10.8851 0.00109637
10.8874 0.00108433
10.8879 0.00107379
10.8885 0.00106456
10.8901 0.00105649
10.8913 0.00104943
10.8918 0.00104325
10.8924 0.00103784
10.893 0.00103311
10.8935 0.00102897
10.8952 0.00102535
10.8963 0.00102218
10.8969 0.00101941
10.8974 0.00101698
10.8979 0.00101486
10.8985 0.001013
10.9002 0.00101137
10.9012 0.00100995
10.9018 0.00100871
10.9024 0.00100762
10.9029 0.00100667
10.9035 0.00100583
10.9035 0.0010051
10.9041 0.00100446
10.9041 0.00100391
10.9052 0.00100342
10.9052 0.00100299
10.9057 0.00100262
10.9062 0.00100229
10.9074 0.001002
10.9084 0.00100175
10.909 0.00100153
10.9095 0.00100134
10.9123 0.00100117
10.9134 0.00100103
10.9139 0.0010009
10.9145 0.00100078
10.9151 0.00112569
10.9201 0.00123497
10.9212 0.0012056
10.9218 0.0011799
10.9223 0.00115741
10.9229 0.00113774
10.9235 0.00112052
10.9251 0.00110545
10.9262 0.00109227
10.9268 0.00108074
10.9273 0.00107064
10.9278 0.00106181
10.9283 0.00105409
10.9283 0.00104733
10.9295 0.00104141
10.9295 0.00103623
10.93 0.0011567
10.93 0.00113711
10.9306 0.00111998
10.9312 0.00110498
10.9312 0.00109186
10.9312 0.00108037
10.9323 0.00107033
10.9323 0.00106153
10.9323 0.00105384
10.9328 0.00104711
10.9333 0.00104122
10.9333 0.00103607
10.9334 0.00103156
10.9334 0.00102761
10.9345 0.00102416
10.9345 0.00102114
10.9345 0.0010185
10.9345 0.00101619
10.9351 0.00113916
10.9351 0.00112177
10.9351 0.00110655
10.9351 0.00109323
10.9356 0.00108157
10.9361 0.00107137
10.9361 0.00106245
10.9361 0.00105465
10.9361 0.00104781
10.9361 0.00104184
10.9372 0.00103661
10.9372 0.00103203
10.9372 0.00102803
10.9372 0.00102452
10.9384 0.00102146
10.9384 0.00101877
10.9394 0.00101643
10.9394 0.00101437
10.9399 0.00101258
10.9405 0.001011
10.9405 0.00100963
10.9405 0.00100842
10.941 0.00100737
10.941 0.00100645
10.941 0.00100564
10.9416 0.00100494
10.9421 0.00100432
10.9422 0.00100378
10.9422 0.00100331
10.9427 0.00100289
10.9433 0.00100253
10.9449 0.00100221
10.9455 0.00100194
10.9482 0.00100169
10.9493 0.00100148
10.9499 0.0010013
10.9504 0.00100113
10.951 0.00100099
10.9516 0.00100087
10.9516 0.00100076
10.9521 0.00100066
10.9521 0.00100058
10.9532 0.00100051
10.9532 0.00100044
10.9537 0.00100039
10.9543 0.00100034
10.9543 0.0010003
10.9543 0.00100026
10.9554 0.00100023
10.9554 0.0010002
10.9554 0.00100017
10.956 0.00100015
10.9565 0.00100013
10.9565 0.00100011
10.9565 0.0010001
10.9565 0.00100009
10.957 0.00100008
10.957 0.00100007
10.957 0.00100006
10.9571 0.00100005
10.9582 0.00100004
10.9582 0.00100004
10.9582 0.00100003
10.9582 0.00100003
10.9587 0.00100002
10.9593 0.00100002
10.9593 0.00100002
10.9593 0.00100001
10.9593 0.00100001
10.9593 0.00100001
10.9604 0.00100001
10.9604 0.00100001
10.9604 0.00100001
10.9604 0.001
10.9604 0.001
10.9609 0.001
10.9615 0.001
10.9615 0.001
10.9615 0.001
10.966 0.001125
10.966 0.00110937
10.966 0.0010957
10.966 0.00108374
10.966 0.00107327
10.966 0.00106411
10.966 0.0010561
10.9666 0.00104908
10.9683 0.00104295
10.9683 0.00103758
10.9683 0.00103288
10.9683 0.00102877
10.9694 0.00102517
10.9694 0.00102203
10.9694 0.00101927
10.9694 0.00101686
10.9704 0.00101475
10.9704 0.00101291
10.9704 0.0010113
10.9704 0.00100988
10.971 0.00100865
10.9715 0.00100757
10.9716 0.00100662
10.9716 0.00100579
10.9716 0.00100507
10.9716 0.00100443
10.9721 0.00100388
10.9721 0.00100339
10.9721 0.00100297
10.9721 0.0010026
10.9754 0.00100227
10.976 0.00100199
10.9772 0.00100174
10.9777 0.00100152
10.9783 0.00100133
10.9789 0.00100116
10.9804 0.00100102
10.981 0.00100089
10.9821 0.00100078
10.9826 0.00100068
10.9832 0.00100059
10.9832 0.00100052
10.9843 0.00100045
10.9843 0.0010004
10.9854 0.00100035
10.9854 0.0010003
10.9859 0.00100026
10.9865 0.00100023
10.9865 0.0010002
10.9865 0.00100018
10.9871 0.00100015
10.9871 0.00100013
10.9871 0.00100012
10.9876 0.0010001
10.9881 0.00100009
10.9881 0.00100008
10.9881 0.00100007
10.9885 0.00100006
10.989 0.00100005
10.989 0.00100004
10.989 0.00100004
10.989 0.00100003
10.9901 0.00100003
10.9901 0.00100002
10.9901 0.00100002
10.9901 0.00100002
10.9907 0.00100001
10.9912 0.00100001
10.9912 0.00100001
10.9912 0.00100001
10.9912 0.00100001
10.9912 0.00100001
10.9923 0.001
10.9923 0.001
10.9923 0.001
10.9923 0.001
10.9923 0.001
10.9929 0.001
11 0.001125
11 0.00110937
11.0011 0.0010957
11.0011 0.00108374
11.0021 0.00107327
11.0021 0.00106411
11.0026 0.0010561
11.0032 0.00104908
11.0032 0.00104295
11.0032 0.00103758
11.0043 0.00103288
11.0043 0.00102877
11.0043 0.00102517
11.0049 0.00102203
11.0055 0.00101927
11.0055 0.00101686
11.0055 0.00101475
11.0055 0.00101291
11.006 0.0010113
11.006 0.00100988
11.006 0.00100865
11.006 0.00100757
11.0083 0.00100662
11.0083 0.00100579
11.0094 0.00100507
11.0094 0.00100443
11.01 0.00100388
11.0104 0.00100339
11.0104 0.00100297
11.0104 0.0010026
11.0114 0.00100227
11.0114 0.00100199
11.0114 0.00100174
11.012 0.00100152
11.012 0.00100133
11.012 0.00100116
11.0126 0.00100102
11.0131 0.00100089
11.0131 0.00100078
11.0132 0.00100068
11.0154 0.00100059
11.0154 0.00100052
11.0165 0.00100045
11.0165 0.0010004
11.017 0.00100035
11.0186 0.0010003
11.0191 0.00100026
11.0203 0.00100023
11.0208 0.0010002
11.0214 0.00100018
11.0214 0.00100015
11.0224 0.00100013
11.0224 0.00100012
11.0235 0.0010001
11.0235 0.00100009
11.0241 0.00112508
11.0241 0.00110944
11.0241 0.00109576
11.0252 0.00108379
11.0252 0.00107332
11.0252 0.00106415
11.0257 0.00105613
11.0262 0.00104911
11.0262 0.00104298
11.0263 0.0010376
11.0268 0.0010329
11.0285 0.00102879
11.0291 0.00115019
11.0296 0.00113142
11.0313 0.00111499
11.0324 0.00110062
11.0329 0.00108804
11.0335 0.00107703
11.034 0.0011924
11.0367 0.00116835
11.0373 0.00114731
11.0383 0.00112889
11.0388 0.00111278
11.0394 0.00109868
11.0394 0.00108635
11.0405 0.00107555
11.0405 0.00106611
11.041 0.00105784
11.0411 0.00105061
11.0416 0.00104429
11.0421 0.00103875
11.0421 0.00103391
11.0421 0.00102967
11.0432 0.00102596
11.0432 0.00102271
11.0432 0.00101987
11.0438 0.00101739
11.0443 0.00101521
11.0443 0.00101331
11.0443 0.00101165
11.0449 0.00101019
11.0464 0.00100892
11.0469 0.0010078
11.0474 0.00100683
11.0474 0.00100597
11.0486 0.00100523
11.0486 0.00100457
11.0491 0.001129
11.0491 0.00111287
11.0496 0.00109877
11.0502 0.00108642
11.0502 0.00107562
11.0502 0.00106616
11.0513 0.00105789
11.0513 0.00105066
11.0513 0.00104432
11.0519 0.00103878
11.0524 0.00103393
11.0524 0.00102969
11.0524 0.00102598
11.0524 0.00102273
11.0535 0.00101989
11.0535 0.0010174
11.0535 0.00101523
11.0535 0.00101332
11.054 0.00113666
11.054 0.00111958
11.054 0.00110463
11.054 0.00109155
11.0546 0.00108011
11.0552 0.00107009
11.0552 0.00106133
11.0552 0.00105366
11.0552 0.00104695
11.0552 0.00104108
11.0562 0.00103595
11.0562 0.00103145
11.0562 0.00102752
11.0562 0.00102408
11.0562 0.00102107
11.0567 0.00101844
11.0573 0.00101613
11.0573 0.00101411
11.0573 0.00101235
11.0573 0.00101081
11.0573 0.00100945
11.0573 0.00100827
11.0584 0.00100724
11.0584 0.00100633
11.0584 0.00100554
11.0584 0.00100485
11.0584 0.00100424
11.0584 0.00100371
11.0589 0.00100325
11.0595 0.00100284
11.0595 0.00100249
11.0595 0.00100217
11.0595 0.0010019
11.0595 0.00100166
11.0595 0.00100146
11.06 0.00112627
11.06 0.00111049
11.0611 0.00109668
11.0612 0.00108459
11.0612 0.00107402
11.0623 0.00106477
11.0623 0.00105667
11.0623 0.00104959
11.0628 0.00104339
11.0633 0.00103796
11.0633 0.00103322
11.0633 0.00102906
11.0633 0.00102543
11.0642 0.00102225
11.0642 0.00101947
11.0642 0.00101704
11.0642 0.00101491
11.0647 0.00101304
11.0653 0.00101141
11.0653 0.00100998
11.0653 0.00100874
11.0653 0.00100764
11.0653 0.00100669
11.0664 0.00100585
11.0664 0.00100512
11.0664 0.00100448
11.0664 0.00100392
11.0664 0.00100343
11.0674 0.001003
11.0675 0.00100263
11.0675 0.0010023
11.0675 0.00100201
11.0675 0.00100176
11.068 0.00100154
11.068 0.00100134
11.068 0.00100118
11.0686 0.00100103
11.0686 0.0010009
11.0686 0.00100079
11.0686 0.00100069
11.0691 0.0010006
11.0691 0.00100053
11.0691 0.00100046
11.0691 0.0010004
11.0691 0.00100035
11.0691 0.00100031
11.0697 0.00100027
11.0702 0.00100023
11.0702 0.0010002
11.0702 0.00100018
11.0702 0.00100015
11.0702 0.00100014
11.0703 0.00100012
11.0703 0.0010001
11.0719 0.00100009
11.0724 0.00100008
11.0724 0.00100007
11.0724 0.00100006
11.0729 0.00100005
11.0735 0.00100004
11.0752 0.00100004
11.0752 0.00100003
11.0763 0.00100003
11.0763 0.00100002
11.0774 0.00100002
11.0774 0.00100002
11.0779 0.00100001
11.0785 0.00100001
11.0802 0.00100001
11.0808 0.00100001
11.0813 0.00100001
11.0819 0.00100001
11.0824 0.001
11.0824 0.001
11.0835 0.001
11.0835 0.001
11.0841 0.001125
11.0841 0.00110937
11.0846 0.0010957
11.0852 0.00108374
11.0852 0.00107327
11.0852 0.00106411
11.0862 0.0010561
11.0862 0.00104908
11.0862 0.00104295
11.0868 0.00103758
11.0873 0.00103288
11.0873 0.00102877
11.0873 0.00102517
11.0874 0.00102203
11.0884 0.00101927
11.0884 0.00101686
11.0884 0.00101475
11.0884 0.00101291
11.0889 0.0010113
11.0894 0.00100988
11.0894 0.00100865
11.0894 0.00100757
11.0894 0.00100662
11.09 0.00100579
11.09 0.00100507
11.09 0.00100443
11.09 0.00100388
11.09 0.00100339
11.0906 0.00100297
11.0911 0.0010026
11.0911 0.00100227
11.0911 0.00100199
11.0911 0.00100174
11.0911 0.00100152
11.0917 0.00100133
11.0922 0.00100116
11.0922 0.00100102
11.0922 0.00100089
11.0922 0.00100078
11.0922 0.00100068
11.0922 0.00100059
11.0933 0.00100052
11.0933 0.00100045
11.0933 0.0010004
11.0933 0.00100035
11.0933 0.0010003
11.0933 0.00100026
11.0938 0.00100023
11.0944 0.0010002
11.0944 0.00100018
11.0944 0.00100015
11.0944 0.00100013
11.0944 0.00100012
11.0944 0.0010001
11.0949 0.00100009
11.0955 0.00100008
11.0955 0.00100007
11.0955 0.00100006
11.0955 0.00100005
11.0955 0.00100004
11.0955 0.00100004
11.0955 0.00100003
11.096 0.00100003
11.096 0.00100002
11.096 0.00100002
11.096 0.00100002
11.096 0.00100001
11.096 0.00100001
11.096 0.00100001
11.0965 0.00100001
11.097 0.00100001
11.097 0.00100001
11.097 0.001
11.0975 0.001
11.0975 0.001
11.0975 0.001
11.0975 0.001
11.0975 0.001
