1 8880
1.0388 3600
1.24856 4176
1.29696 4672
1.37346 5115
1.40573 5520
1.47983 5895
1.55393 6246
1.57186 6577
1.62863 6892
1.69377 7192
1.76369 7480
1.83241 7757
1.88859 8024
1.94357 8282
2.00034 8532
2.05771 8775
2.11329 9011
2.16886 9241
2.22563 9465
2.31049 3600
2.44077 4176
2.51308 4672
2.58838 5115
2.66248 5520
2.73658 5895
2.81068 6246
2.84893 6577
2.88538 6892
2.92482 7192
2.96008 7480
3.00012 7757
3.03478 8024
3.09813 8282
3.1561 8532
3.20868 8775
3.26426 9011
3.32163 9241
3.37661 9465
3.46087 3600
3.6031 4176
3.6772 4672
3.74354 5115
3.81584 5520
3.88995 5895
3.96106 6246
3.96226 6577
4.03576 6892
4.10867 7192
4.16604 7480
4.23237 7757
4.29572 8024
4.35189 8282
4.40567 8532
4.46065 8775
4.51683 9011
4.5736 9241
4.62977 9465
4.71224 3600
4.85567 4176
4.92977 4672
4.9967 5115
5.0708 5520
5.1449 5895
5.2196 6246
5.23156 6577
5.2943 6892
5.36363 7192
5.43235 7480
5.49928 7757
5.55665 8024
5.61282 8282
5.66721 8532
5.72159 8775
5.77597 9011
5.83155 9241
5.88832 9465
5.97138 3600
6.10584 4176
6.17278 4672
6.24449 5115
6.31859 5520
6.39269 5895
6.46679 6246
6.49787 6577
6.54149 6892
6.60783 7192
6.67356 7480
6.72974 7757
6.79009 8024
6.84627 8282
6.89766 8532
6.95384 8775
7.01001 9011
7.06499 9241
7.12116 9465
7.20483 3600
7.3357 4176
7.40084 4672
7.47614 5115
7.55024 5520
7.62076 5895
7.69486 6246
7.7349 6577
7.80601 6892
7.87593 7192
7.93211 7480
7.99306 7757
8.04924 8024
8.10362 8282
8.15979 8532
8.21477 8775
8.27154 9011
8.32473 9241
8.37911 9465
8.46337 3600
8.58289 4176
8.6552 4672
8.73349 5115
8.80759 5520
8.88169 5895
8.95579 6246
8.99763 6577
9.03049 6892
9.07531 7192
9.13448 7480
9.19424 7757
9.25041 8024
9.30539 8282
9.35917 8532
9.41535 8775
9.47092 9011
9.5271 9241
9.57969 9465
9.66753 3600
9.8002 4176
9.86295 4672
9.94362 5115
10.0177 5520
10.09 5895
10.1653 6246
10.203 6577
10.24 6892
10.2783 7192
10.3147 7480
10.353 7757
10.3894 8024
10.4462 8282
10.5018 8532
10.5562 8775
10.6105 9011
10.6661 9241
10.7229 9465
10.8054 3600
10.9458 4176
11.0199 4672
11.0916 5115
11.1558 5520
11.2096 5895
11.2706 6246
11.2718 6577
11.3453 6892
11.3793 7192
11.42 7480
11.454 7757
11.4947 8024
11.5508 8282
11.5963 8532
11.6441 8775
11.6895 9011
11.7355 9241
11.7839 9465
11.8281 9684
11.87 9898
11.9136 10107
11.956 10312
12.0014 10513
12.048 10710
12.0929 10903
12.164 4320
12.299 4800
12.351 5232
12.4281 5628
12.495 5996
12.5662 6341
12.5674 6668
12.6415 6978
12.6845 7275
12.7162 7560
12.7592 7834
12.8046 8098
12.8584 8354
12.9032 8602
12.9498 8843
12.9958 9077
13.0395 9305
13.0849 9527
13.1279 9744
13.1709 9956
13.2128 10164
13.2588 10368
13.303 10568
13.3496 10764
13.395 10956
13.4661 4320
13.6006 4800
13.6532 5232
13.7297 5628
13.7972 5996
13.8665 6341
13.8677 6668
13.9412 6978
13.9896 7275
14.0398 7560
14.0906 7834
14.148 8098
14.194 8354
14.2394 8602
14.2866 8843
14.3303 9077
14.3715 9305
14.4169 9527
14.4635 9744
14.506 9956
14.552 10164
14.598 10368
14.6446 10568
14.69 10764
14.7384 10956
14.8083 4320
14.9428 4800
14.996 5232
15.0641 5628
15.1299 5996
15.204 6341
15.2123 6668
15.2799 6978
15.3295 7275
15.3826 7560
15.4287 7834
15.4783 8098
15.5249 8354
15.5691 8602
15.6145 8843
15.6551 9077
15.6994 9305
15.7424 9527
15.7824 9744
15.8273 9956
15.8691 10164
15.9157 10368
15.9635 10568
16.0089 10764
16.0543 10956
16.1225 4320
16.2563 4800
16.3083 5232
16.3747 5628
16.4398 5996
16.5139 6341
16.5187 6668
16.5886 6978
16.6448 7275
16.6938 7560
16.7482 7834
16.7948 8098
16.8402 8354
16.8856 8602
16.931 8843
16.9723 9077
17.0171 9305
17.0631 9527
17.1055 9744
17.1521 9956
17.1946 10164
17.243 10368
17.2902 10568
17.3374 10764
17.3852 10956
17.4533 4320
17.5836 4800
17.6386 5232
17.7091 5628
17.779 5996
17.8531 6341
17.8734 6668
17.9278 6978
17.978 7275
18.0264 7560
18.0766 7834
18.1226 8098
18.1692 8354
18.2147 8602
18.2583 8843
18.3007 9077
18.3449 9305
18.3892 9527
18.4322 9744
18.477 9956
18.5242 10164
18.5714 10368
18.6192 10568
18.6664 10764
18.7125 10956
18.7824 4320
18.9055 4800
18.9688 5232
19.037 5628
19.1105 5996
19.1846 6341
19.2037 6668
19.2593 6978
19.3083 7275
19.334 7560
19.3854 7834
19.4332 8098
19.4786 8354
19.5252 8602
19.5712 8843
19.6148 9077
19.6591 9305
19.6997 9527
19.7439 9744
19.7857 9956
19.8324 10164
19.8766 10368
19.9226 10568
19.974 10764
20.0182 10956
20.0887 4320
20.2136 4800
20.2722 5232
20.3427 5628
20.4162 5996
20.4903 6341
20.5154 6668
20.565 6978
20.6176 7275
20.669 7560
20.7168 7834
20.7646 8098
20.8112 8354
20.859 8602
20.9027 8843
20.9493 9077
20.9953 9305
21.0377 9527
21.0867 9744
21.128 9956
21.1752 10164
21.2224 10368
21.2678 10568
21.3174 10764
21.3628 10956
21.4321 4320
21.5463 4800
21.6025 5232
21.6724 5628
21.7465 5996
21.8212 6341
21.8528 6668
21.8965 6978
21.9287 7275
21.9712 7560
