1 6577
1.00713 6892
1.0296 7192
1.05207 7480
1.08577 2880
1.11948 3600
1.14195 4176
1.16442 4672
1.18689 5115
1.20936 5520
1.23183 5895
1.2543 6246
1.27677 6577
1.29924 6892
1.32171 7192
1.34418 7480
1.37812 2880
1.41182 3600
1.43429 4176
1.45676 4672
1.47947 5115
1.50194 5520
1.52441 5895
1.54688 6246
1.56935 6577
1.59182 6892
1.61429 7192
1.63676 7480
1.67046 2880
1.70417 3600
1.72664 4176
1.74887 4672
1.77062 5115
1.79213 5520
1.81365 5895
1.8354 6246
1.85691 6577
1.87843 6892
1.89994 7192
1.92145 7480
1.95373 2880
1.99723 3600
2.01874 4176
2.04026 4672
2.06201 5115
2.084 5520
2.10551 5895
2.12727 6246
2.14902 6577
2.17125 6892
2.19372 7192
2.21667 7480
2.25157 2880
2.27523 3600
2.29675 4176
2.31826 4672
2.34001 5115
2.36248 5520
2.384 5895
2.40575 6246
2.42726 6577
2.44877 6892
2.47029 7192
2.4918 7480
2.52407 2880
2.5671 3600
2.58861 4176
2.61037 4672
2.63188 5115
2.65363 5520
2.67562 5895
2.69761 6246
2.71961 6577
2.7416 6892
2.76359 7192
2.78558 7480
2.81857 2880
2.86231 3600
2.88406 4176
2.90606 4672
2.92805 5115
2.95004 5520
2.97227 5895
2.99426 6246
3.01625 6577
3.03825 6892
3.06024 7192
3.08199 7480
3.11426 2880
3.15729 3600
3.1788 4176
3.20031 4672
3.22183 5115
3.24334 5520
3.26485 5895
3.28637 6246
3.30788 6577
3.32939 6892
3.35091 7192
3.3729 7480
3.40517 2880
3.4482 3600
3.46971 4176
3.49122 4672
3.51274 5115
3.53425 5520
3.55576 5895
3.57728 6246
3.59879 6577
3.62031 6892
3.64182 7192
3.66333 7480
3.6956 2880
3.73839 3600
3.76038 4176
3.7819 4672
3.80389 5115
3.8254 5520
3.84691 5895
3.86843 6246
3.88994 6577
3.91145 6892
3.93297 7192
3.95448 7480
3.98675 2880
4.03121 3600
4.05368 4176
4.07615 4672
4.09886 5115
4.12181 5520
4.14428 5895
4.16723 6246
4.19017 6577
4.2136 6892
4.23679 7192
4.26117 7480
4.28531 2880
4.32093 3600
4.3434 4176
4.36587 4672
4.38858 5115
4.41248 5520
4.43495 5895
4.45766 6246
4.48013 6577
4.5026 6892
4.52507 7192
4.54754 7480
4.58148 2880
4.61519 3600
4.63766 4176
4.66012 4672
4.68259 5115
4.70506 5520
4.72753 5895
4.75 6246
4.77247 6577
4.79494 6892
4.81741 7192
4.83988 7480
4.87359 2880
4.90729 3600
4.92976 4176
4.95247 4672
4.97494 5115
4.99741 5520
5.01988 5895
5.04235 6246
5.06482 6577
5.08729 6892
5.10976 7192
5.13223 7480
5.16593 2880
5.19964 3600
5.22211 4176
5.24458 4672
5.26704 5115
5.28951 5520
5.31198 5895
5.33445 6246
5.35716 6577
5.37963 6892
5.4021 7192
5.42457 7480
5.45828 2880
5.49198 3600
5.51445 4176
5.53692 4672
5.55939 5115
5.58186 5520
5.60433 5895
5.6268 6246
5.64927 6577
5.67174 6892
5.69421 7192
5.71668 7480
5.75038 2880
5.78409 3600
5.80656 4176
5.82903 4672
5.8515 5115
5.87396 5520
5.89643 5895
5.9189 6246
5.94137 6577
5.96384 6892
5.98631 7192
6.00878 7480
6.04249 2880
6.07619 3600
6.09866 4176
6.12161 4672
6.1448 5115
6.16727 5520
6.18997 5895
6.21244 6246
6.23539 6577
6.25786 6892
6.28081 7192
6.30376 7480
6.33818 2880
6.37451 3600
6.39842 4176
6.40917 4672
6.43332 5115
6.45579 5520
6.47849 5895
6.5012 6246
6.52439 6577
6.5471 6892
6.56981 7192
6.59228 7480
6.62598 2880
6.65969 3600
6.68216 4176
6.70463 4672
6.72709 5115
6.74956 5520
6.77203 5895
6.7945 6246
6.81697 6577
6.83944 6892
6.86191 7192
6.88438 7480
6.91809 2880
6.95203 3600
6.9745 4176
6.99697 4672
7.01944 5115
7.04191 5520
7.06438 5895
7.08685 6246
7.10932 6577
7.13179 6892
7.15426 7192
7.17673 7480
7.21043 2880
7.24414 3600
7.26661 4176
7.28908 4672
7.31155 5115
7.33378 5520
7.35648 5895
7.37895 6246
7.40142 6577
7.42389 6892
7.44636 7192
7.46883 7480
7.50254 2880
7.53624 3600
7.55871 4176
7.58118 4672
7.60365 5115
7.62612 5520
7.64859 5895
7.67106 6246
7.69353 6577
7.716 6892
7.73871 7192
7.76118 7480
7.79488 2880
7.82859 3600
7.85106 4176
7.87353 4672
7.896 5115
7.91847 5520
7.94094 5895
7.9634 6246
7.98587 6577
8.00834 6892
8.03081 7192
8.05328 7480
8.08699 2880
8.12069 3600
8.1434 4176
8.16587 4672
8.18834 5115
8.21105 5520
8.234 5895
8.25671 6246
8.27918 6577
8.30188 6892
8.32483 7192
8.3473 7480
8.38124 2880
8.41591 3600
8.43885 4176
8.46204 4672
8.4869 5115
8.51033 5520
8.52252 5895
8.54642 6246
8.56889 6577
8.5916 6892
8.61431 7192
8.63749 7480
8.67144 2880
8.70514 3600
8.72761 4176
8.75008 4672
8.77255 5115
8.79502 5520
8.81749 5895
8.83996 6246
8.86243 6577
8.8849 6892
8.90737 7192
8.9296 7480
8.96354 2880
8.99725 3600
9.01972 4176
9.04219 4672
9.06466 5115
9.08713 5520
9.1096 5895
9.13207 6246
9.15454 6577
9.17701 6892
9.19948 7192
9.22195 7480
9.25565 2880
9.28935 3600
9.31182 4176
9.33453 4672
9.357 5115
9.37947 5520
9.40194 5895
9.42441 6246
9.44688 6577
9.46935 6892
9.49182 7192
9.51429 7480
9.54799 2880
9.5817 3600
9.60417 4176
9.62664 4672
9.64911 5115
9.67158 5520
9.69405 5895
9.71652 6246
9.73923 6577
9.7617 6892
9.78416 7192
9.80663 7480
9.84034 2880
9.87404 3600
9.89651 4176
9.91898 4672
9.94145 5115
9.96392 5520
9.98639 5895
10.0089 6246
10.0313 6577
10.0538 6892
10.0763 7192
10.0987 7480
10.1327 2880
10.1664 3600
10.1889 4176
10.2113 4672
10.2338 5115
10.2563 5520
10.2787 5895
10.3012 6246
10.3242 6577
10.3469 6892
10.3696 7192
10.392 7480
10.426 2880
10.4602 3600
10.4829 4176
10.5056 4672
10.5288 5115
10.5517 5520
10.5749 5895
10.5998 6246
10.6232 6577
10.6354 6892
10.659 7192
10.6815 7480
10.7042 7757
10.7277 8024
10.7614 2880
10.8065 3600
10.829 4176
10.8515 4672
10.8739 5115
10.8964 5520
10.9189 5895
10.9416 6246
10.9641 6577
10.9865 6892
11.0198 7192
11.0381 7480
11.0537 7757
11.0685 8024
11.0862 8282
11.1034 8532
11.1187 8775
11.134 9011
11.1493 9241
11.1723 3600
11.2105 4176
11.2275 4672
11.2383 5115
11.2562 5520
11.272 5895
11.2892 6246
11.3069 6577
11.3231 6892
11.3396 7192
11.3561 7480
11.3726 7757
11.3893 8024
11.4077 8282
11.424 8532
11.4402 8775
11.4565 9011
11.4727 9241
11.4971 3600
11.5296 4176
11.5404 4672
11.5512 5115
11.5696 5520
11.5858 5895
11.6025 6246
11.619 6577
11.6355 6892
11.652 7192
11.669 7480
11.6853 7757
11.702 8024
11.7197 8282
11.7359 8532
11.7522 8775
11.7684 9011
11.7847 9241
11.8091 3600
11.8497 4176
11.8686 4672
11.8794 5115
11.8966 5520
11.9131 5895
11.93 6246
11.9465 6577
11.9633 6892
11.98 7192
11.9967 7480
12.012 7757
12.0311 8024
12.0474 8282
12.0637 8532
12.0799 8775
12.0962 9011
12.1124 9241
12.1368 3600
12.1691 4176
12.1798 4672
12.1906 5115
12.2078 5520
12.225 5895
12.2415 6246
12.2585 6577
12.275 6892
12.2929 7192
12.3096 7480
12.3249 7757
12.3431 8024
12.3598 8282
12.3761 8532
12.3923 8775
12.4086 9011
12.4248 9241
12.4492 3600
12.4899 4176
12.5059 4672
12.5166 5115
12.5338 5520
12.5508 5895
12.5673 6246
12.5843 6577
12.6005 6892
12.6173 7192
12.634 7480
12.6503 7757
12.6677 8024
12.684 8282
12.7002 8532
12.7165 8775
12.7327 9011
12.749 9241
12.7736 3600
12.8142 4176
12.8303 4672
12.8412 5115
12.8585 5520
12.8757 5895
12.8922 6246
12.9091 6577
12.9256 6892
12.9438 7192
12.9603 7480
12.978 7757
12.9949 8024
13.0112 8282
13.0275 8532
13.0437 8775
13.06 9011
13.0762 9241
13.1006 3600
13.1412 4176
13.1577 4672
13.1685 5115
13.1857 5520
13.2022 5895
13.2187 6246
13.2357 6577
13.2517 6892
13.2689 7192
13.2859 7480
13.3026 7757
13.3193 8024
13.3356 8282
13.3518 8532
13.3681 8775
13.3843 9011
13.4006 9241
13.425 3600
13.4656 4176
13.4821 4672
13.4929 5115
13.5101 5520
13.527 5895
13.5435 6246
13.5605 6577
13.5765 6892
13.5937 7192
13.6098 7480
13.6272 7757
13.6439 8024
13.6602 8282
13.6764 8532
13.6927 8775
13.709 9011
13.7252 9241
13.7496 3600
13.7902 4176
13.8067 4672
13.8177 5115
13.8349 5520
13.8521 5895
13.8684 6246
13.8854 6577
13.9016 6892
13.9184 7192
13.9356 7480
13.9525 7757
13.9688 8024
13.985 8282
14.0013 8532
14.0176 8775
14.0338 9011
14.0501 9241
14.0744 3600
14.1151 4176
14.1311 4672
14.1421 5115
14.1593 5520
14.1768 5895
14.1933 6246
14.2102 6577
14.2265 6892
14.2442 7192
14.2607 7480
14.2781 7757
14.2946 8024
14.3111 8282
14.3278 8532
14.3441 8775
14.3603 9011
14.3766 9241
14.401 3600
14.4416 4176
14.4581 4672
14.4689 5115
14.4861 5520
14.5035 5895
14.5198 6246
14.5367 6577
14.553 6892
14.5693 7192
14.5855 7480
14.603 7757
14.6192 8024
14.6355 8282
14.6517 8532
14.668 8775
14.6842 9011
14.7005 9241
14.7249 3600
14.7655 4176
14.782 4672
14.7928 5115
14.81 5520
14.8274 5895
14.8437 6246
14.8606 6577
14.8769 6892
14.8944 7192
14.9104 7480
14.9288 7757
14.945 8024
14.9613 8282
14.9775 8532
14.9938 8775
15.01 9011
15.0263 9241
15.0507 3600
15.0913 4176
15.1078 4672
15.1186 5115
15.1358 5520
15.1532 5895
15.1695 6246
15.1865 6577
15.2027 6892
15.2192 7192
15.2362 7480
15.2534 7757
15.2696 8024
15.2859 8282
15.3022 8532
15.3184 8775
15.3347 9011
15.3509 9241
15.3753 3600
15.4159 4176
15.4324 4672
15.4432 5115
15.4604 5520
15.4778 5895
15.4941 6246
15.5111 6577
15.5273 6892
15.5441 7192
15.561 7480
15.5778 7757
15.594 8024
15.6103 8282
15.6265 8532
15.6428 8775
15.659 9011
15.6753 9241
15.6997 3600
15.7403 4176
15.7563 4672
15.7673 5115
15.7845 5520
15.802 5895
15.8182 6246
15.8352 6577
15.8517 6892
15.8692 7192
15.8871 7480
15.9033 7757
15.9196 8024
15.9358 8282
15.9521 8532
15.9684 8775
15.9846 9011
16.0009 9241
16.0252 3600
16.0659 4176
16.0819 4672
16.0929 5115
16.1101 5520
16.1276 5895
16.1438 6246
16.1608 6577
16.177 6892
16.1938 7192
16.2112 7480
16.228 7757
16.2442 8024
16.2605 8282
16.2767 8532
16.293 8775
16.3092 9011
16.3255 9241
16.3499 3600
16.3905 4176
16.407 4672
16.4177 5115
16.435 5520
16.4524 5895
16.4687 6246
16.4856 6577
16.5019 6892
16.5186 7192
16.5358 7480
16.5523 7757
16.5686 8024
16.5848 8282
16.6011 8532
16.6173 8775
16.6336 9011
16.6499 9241
16.6742 3600
16.7149 4176
16.7311 4672
16.7419 5115
16.7591 5520
16.7765 5895
16.7928 6246
16.8098 6577
16.826 6892
16.8435 7192
16.8609 7480
16.8774 7757
16.8937 8024
16.9099 8282
16.9262 8532
16.9424 8775
16.9587 9011
16.9749 9241
16.9993 3600
17.04 4176
17.056 4672
17.0667 5115
17.0839 5520
17.1009 5895
17.1172 6246
17.1341 6577
17.1504 6892
17.1676 7192
17.1851 7480
17.2013 7757
17.2176 8024
17.2338 8282
17.2501 8532
17.2663 8775
17.2826 9011
17.2988 9241
17.3232 3600
17.3639 4176
17.3799 4672
17.3906 5115
17.4078 5520
17.4251 5895
17.4413 6246
17.4578 6577
17.4743 6892
17.4922 7192
17.5097 7480
17.5259 7757
17.5422 8024
17.5584 8282
17.5747 8532
17.591 8775
17.6072 9011
17.6235 9241
17.6478 3600
17.6885 4176
17.7045 4672
17.7155 5115
17.7327 5520
17.7497 5895
17.7659 6246
17.7824 6577
17.7989 6892
17.8168 7192
17.8341 7480
17.8501 7757
17.8666 8024
17.8828 8282
17.8991 8532
17.9153 8775
17.9316 9011
17.9478 9241
17.9722 3600
18.0129 4176
18.0289 4672
18.0399 5115
18.0571 5520
18.074 5895
18.0903 6246
18.1063 6577
18.1231 6892
18.141 7192
18.1584 7480
18.1744 7757
18.1909 8024
18.2072 8282
18.2234 8532
18.2397 8775
18.256 9011
18.2722 9241
18.2968 3600
18.3375 4176
18.3535 4672
18.3645 5115
18.3817 5520
18.3987 5895
18.4149 6246
18.4309 6577
18.4477 6892
18.4656 7192
18.4823 7480
18.4995 7757
18.5158 8024
18.532 8282
18.5483 8532
18.5646 8775
18.5808 9011
18.5971 9241
18.6214 3600
18.6621 4176
18.6781 4672
18.6889 5115
18.7061 5520
18.723 5895
18.7393 6246
18.7553 6577
18.772 6892
18.79 7192
18.8077 7480
18.8239 7757
18.8402 8024
18.8564 8282
18.8727 8532
18.8889 8775
18.9052 9011
18.9214 9241
18.9458 3600
18.9872 4176
19.0032 4672
19.014 5115
19.0312 5520
19.0484 5895
19.0646 6246
19.0806 6577
19.0974 6892
19.1151 7192
19.133 7480
19.1495 7757
19.1657 8024
19.182 8282
19.1982 8532
19.2145 8775
19.2308 9011
19.247 9241
19.2714 3600
19.3123 4176
19.3283 4672
19.339 5115
19.3563 5520
19.3735 5895
19.3897 6246
19.4057 6577
19.4222 6892
19.4399 7192
19.4552 7480
19.4729 7757
19.4892 8024
19.5054 8282
19.5217 8532
19.5379 8775
19.5542 9011
19.5704 9241
19.5951 3600
19.6357 4176
19.6517 4672
19.6627 5115
19.6799 5520
19.6974 5895
19.7136 6246
19.7299 6577
19.7464 6892
19.7648 7192
19.7815 7480
19.799 7757
19.8152 8024
19.8315 8282
19.8477 8532
19.864 8775
19.8802 9011
19.8965 9241
19.9209 3600
19.9615 4176
19.9775 4672
19.9883 5115
20.0055 5520
20.0227 5895
20.0389 6246
20.055 6577
20.0719 6892
20.0899 7192
20.1064 7480
20.124 7757
20.1403 8024
20.1566 8282
20.1728 8532
20.1891 8775
20.2053 9011
20.2216 9241
20.246 3600
20.2866 4176
20.3026 4672
20.3134 5115
20.3306 5520
20.3478 5895
20.364 6246
20.3801 6577
20.397 6892
20.4145 7192
20.4319 7480
20.4487 7757
20.4649 8024
20.4812 8282
20.4977 8532
20.5139 8775
20.5302 9011
20.5464 9241
20.5708 3600
20.6114 4176
20.6275 4672
20.6385 5115
20.6557 5520
20.6729 5895
20.6891 6246
20.7052 6577
20.7221 6892
20.7396 7192
20.7575 7480
20.774 7757
20.7902 8024
20.8065 8282
20.8228 8532
20.839 8775
20.8553 9011
20.8715 9241
20.8959 3600
20.9365 4176
20.9526 4672
20.9636 5115
20.9808 5520
20.9977 5895
21.014 6246
21.03 6577
21.0475 6892
21.0651 7192
21.0831 7480
21.0993 7757
21.1156 8024
21.1318 8282
21.1483 8532
21.1646 8775
21.1808 9011
21.1971 9241
21.2215 3600
21.2621 4176
21.2786 4672
21.2894 5115
21.3066 5520
21.3235 5895
21.3398 6246
21.3558 6577
21.3733 6892
21.391 7192
21.4091 7480
21.4254 7757
21.4416 8024
21.4579 8282
21.4741 8532
21.4904 8775
21.5066 9011
21.5229 9241
21.5473 3600
21.5879 4176
21.6044 4672
21.6152 5115
21.6324 5520
21.6489 5895
21.6651 6246
21.6811 6577
21.6986 6892
21.7149 7192
21.7294 7480
21.7474 7757
21.7636 8024
21.7799 8282
21.7961 8532
21.8124 8775
21.8286 9011
21.8449 9241
21.8693 3600
21.9104 4176
21.9264 4672
21.9372 5115
21.9541 5520
21.9716 5895
21.9878 6246
