1 14400
1.0799 1440
1.08036 2880
1.08085 4320
1.28136 5760
2.28236 1440
2.28283 2880
2.28332 3600
2.2843 4176
2.28479 4672
2.28526 5115
2.28573 5520
2.28624 5895
2.28671 2880
2.2872 3600
2.28768 4176
2.28817 4672
2.28867 5115
2.28962 2880
2.29011 3600
2.29061 4176
2.29111 4672
2.2916 5115
2.29208 5520
2.29255 5895
2.29298 6246
2.293 6577
2.29348 6892
2.2935 7192
2.29398 7480
2.294 7757
2.29447 8024
2.29449 8282
2.29494 8532
2.29496 8775
2.29543 9011
2.29545 9241
2.29593 9465
2.29643 3600
2.29741 4176
2.29788 4672
2.29837 5115
2.29886 5520
2.29929 5895
2.29979 6246
2.30024 6577
2.30075 2880
2.30123 3600
2.30172 4176
2.3022 4672
2.30263 5115
2.30313 5520
2.30458 2880
2.30553 3600
2.30601 4176
2.3065 4672
2.30699 5115
2.30747 5520
2.30794 5895
2.30843 6246
2.30887 6577
2.30937 2880
2.30986 3600
2.31035 4176
2.31084 4672
2.31132 5115
2.3118 5520
2.3123 5895
2.31279 2880
2.31324 3600
2.31372 4176
2.31421 4672
2.31467 5115
2.31515 5520
2.31565 5895
2.3166 2880
2.3175 3600
2.31793 4176
2.31843 4672
2.31893 5115
2.31989 2880
2.32038 3600
2.32084 4176
2.32126 4672
2.32175 5115
2.32223 5520
2.32272 5895
2.3232 6246
2.32322 6577
2.32365 6892
2.32367 7192
2.32413 7480
2.32415 7757
2.3246 8024
2.32462 8282
2.32507 8532
2.3251 8775
2.32558 9011
2.32604 3600
2.32703 4176
2.32848 2880
2.32898 3600
2.3304 2880
2.33089 3600
2.33139 4176
2.33189 4672
2.33232 5115
2.33276 5520
2.3332 5895
2.33366 6246
2.33369 6577
2.33414 6892
2.33417 7192
2.33463 7480
2.33466 7757
2.33513 8024
2.33555 2880
2.33602 3600
2.3365 4176
2.337 4672
2.3375 5115
2.33837 2880
2.33884 3600
2.33929 4176
2.33976 4672
2.34026 5115
2.34119 2880
2.3416 3600
2.34202 4176
2.34244 4672
2.34293 5115
2.34337 5520
2.34383 5895
2.34432 6246
2.34474 6577
2.34519 2880
2.34565 3600
2.34613 4176
2.34662 4672
2.34712 5115
2.34805 2880
2.34854 3600
2.34903 4176
2.34953 4672
2.35003 5115
2.35094 2880
2.35144 3600
2.35194 4176
2.35244 4672
2.35292 5115
2.35339 5520
2.35384 5895
2.35429 6246
2.35432 6577
2.35479 6892
2.35482 7192
2.3553 7480
2.35532 7757
2.35577 8024
2.3558 8282
2.35624 8532
2.35626 8775
2.35672 9011
2.35674 9241
2.35677 9465
2.35722 9684
2.35724 9898
2.35727 10107
2.35771 10312
2.35773 10513
2.35776 10710
2.3582 10903
2.35822 11093
2.35825 11279
2.35868 11462
2.35873 11642
2.35909 5040
2.35958 5451
2.35963 5831
2.36008 6186
2.36011 6521
2.3606 6838
2.36109 2880
2.36152 3600
2.36198 4176
2.36247 4672
2.36297 5115
2.3639 2880
2.36441 3600
2.36487 4176
2.36537 4672
2.3658 5115
2.36629 5520
2.36677 5895
2.36727 6246
2.36818 2880
2.36913 3600
2.3696 4176
2.37004 4672
2.3705 5115
2.37098 5520
2.37147 5895
2.37196 6246
2.37245 6577
2.37289 2880
2.37334 3600
2.37385 4176
2.37434 4672
2.37483 5115
2.37524 5520
2.37573 5895
2.37622 6246
2.37672 6577
2.37806 2880
2.37898 3600
2.37947 4176
2.37996 4672
2.38045 5115
2.38091 5520
2.38136 5895
2.3818 6246
2.38183 6577
2.3823 6892
2.38233 7192
2.38279 7480
2.38282 7757
2.38325 8024
2.38327 8282
2.38366 8532
2.38369 8775
2.38412 9011
2.38414 9241
2.38416 9465
2.38458 9684
2.38461 9898
2.38463 10107
2.38508 10312
2.38511 10513
2.38513 10710
2.38559 4320
2.38606 4800
2.38652 5232
2.38698 5628
2.38746 5996
2.38796 6341
2.38893 2880
2.38981 3600
2.39027 4176
2.59078 4672
2.59176 2880
2.5922 3600
2.59264 4176
2.5931 4672
2.7936 5115
2.79498 2880
2.79595 3600
2.7964 4176
2.79684 4672
2.79727 5115
2.79771 5520
2.79814 5895
2.79863 6246
2.79911 6577
2.79959 2880
2.80007 3600
2.80053 4176
2.80103 4672
2.80149 5115
2.80195 5520
2.80239 5895
2.80285 6246
2.80287 6577
2.80336 6892
2.80386 2880
2.80433 3600
2.80475 4176
2.80519 4672
2.80565 5115
2.80614 5520
2.80663 5895
2.80704 6246
2.80706 6577
2.80751 6892
2.80753 7192
2.80801 7480
2.80803 7757
2.80851 8024
2.80896 2880
2.80942 3600
2.80987 4176
3.01037 4672
3.01136 2880
3.01182 3600
3.01227 4176
3.01275 4672
3.01324 5115
3.01373 5520
3.01422 5895
3.0147 6246
3.01473 6577
3.01522 6892
3.01571 2880
3.01616 3600
3.01663 4176
3.01709 4672
3.01755 5115
3.018 5520
3.01849 5895
3.01898 6246
3.01948 6577
3.02088 2880
3.02186 3600
3.02236 4176
3.02282 4672
3.02328 5115
3.02376 5520
3.02425 5895
3.0252 2880
3.02614 3600
3.02661 4176
3.22712 4672
3.22862 2880
3.22951 3600
3.22999 4176
3.23047 4672
3.23095 5115
3.23141 5520
3.23187 5895
3.23234 6246
3.23237 6577
3.23286 6892
3.23335 2880
3.23384 3600
3.23432 4176
3.23482 4672
3.23527 5115
3.23575 5520
3.23619 5895
3.23663 6246
3.23665 6577
3.23714 6892
3.23761 2880
3.2381 3600
3.23856 4176
3.23906 4672
3.23955 5115
3.24 5520
3.24046 5895
3.24096 6246
3.24192 2880
3.24282 3600
3.24333 4176
3.44383 4672
3.4448 2880
3.44525 3600
3.44573 4176
3.44621 4672
3.44671 5115
3.44763 2880
3.44808 3600
3.44854 4176
3.64904 4672
3.65051 2880
3.65149 3600
3.65195 4176
3.85245 4672
3.8539 2880
3.85487 3600
3.85536 4176
3.85586 4672
3.85632 5115
3.85677 5520
3.85725 5895
3.85774 6246
3.85824 6577
3.8597 2880
3.8606 3600
4.06111 4176
4.06256 2880
4.06303 3600
4.06352 4176
4.26402 4672
4.26501 2880
4.26552 3600
4.26598 4176
4.26648 4672
4.26697 5115
4.26748 5520
4.26895 2880
4.26993 3600
4.27139 2880
4.27189 3600
4.27336 2880
4.27385 3600
4.27428 4176
4.27473 4672
4.27523 5115
4.2762 2880
4.27668 3600
4.27718 4176
4.27767 4672
4.27813 5115
4.27858 5520
4.27908 5895
4.28006 2880
4.28105 3600
4.28252 2880
4.283 3600
4.28349 4176
4.28399 4672
4.28449 5115
4.28542 2880
4.28591 3600
4.28642 4176
4.28691 4672
4.28737 5115
4.28786 5520
4.28833 5895
4.28878 6246
4.28881 6577
4.28928 6892
4.28931 7192
4.28979 7480
4.28981 7757
4.29026 8024
4.29029 8282
4.29077 8532
4.29122 2880
4.29207 3600
4.29256 4176
4.29306 4672
4.29353 5115
4.29401 5520
4.2945 5895
4.29498 6246
4.295 6577
4.29549 6892
4.29597 2880
4.29647 3600
4.29691 4176
4.29735 4672
4.29783 5115
4.29831 5520
4.2988 5895
4.29929 6246
4.29978 6577
4.30028 2880
4.30075 3600
4.50125 4176
4.50269 2880
4.50319 3600
4.50466 2880
4.50514 3600
4.50563 4176
4.50612 4672
4.50662 5115
4.50759 2880
4.50809 3600
4.50856 4176
4.50906 4672
4.50955 5115
4.51004 5520
4.5105 5895
4.51097 6246
4.511 6577
4.51149 6892
4.51195 2880
4.51246 3600
4.51295 4176
4.5134 4672
4.51388 5115
4.51436 5520
4.51484 5895
4.51534 6246
4.51682 2880
4.5183 3600
4.51976 2880
4.52023 3600
4.52073 4176
4.72123 4672
4.7222 2880
4.7227 3600
4.72321 4176
4.92371 4672
5.92371 1440
6.12418 2880
6.32468 3600
7.32468 1440
7.52564 2880
7.52613 3600
7.5266 4176
7.52711 4672
7.52758 5115
7.52802 5520
7.52848 5895
7.52897 6246
7.52944 6577
7.52995 2880
7.53044 3600
7.53093 4176
7.53136 4672
7.53186 5115
7.53284 2880
7.53332 3600
7.5338 4176
7.53422 4672
7.53471 5115
7.5352 5520
7.53563 5895
7.53613 6246
7.53708 2880
7.53803 3600
7.5385 4176
7.53899 4672
7.53948 5115
7.53995 5520
7.54044 5895
7.54094 6246
7.54191 2880
7.54285 3600
7.54335 4176
7.54383 4672
7.54433 5115
7.54529 2880
7.54574 3600
7.54623 4176
7.54671 4672
7.5472 5115
7.54767 5520
7.54814 5895
7.54864 6246
7.54914 6577
7.55055 2880
7.5515 3600
7.75201 4176
7.75346 2880
7.75395 3600
7.75444 4176
7.7549 4672
7.75532 5115
7.75573 5520
7.75616 5895
7.75666 6246
7.75759 2880
7.75857 3600
7.75905 4176
7.75953 4672
7.76001 5115
7.76049 5520
7.76099 5895
7.76148 2880
7.76191 3600
7.76233 4176
7.76284 4672
7.76333 5115
7.76377 5520
7.76424 5895
7.76473 6246
7.76521 6577
7.76572 2880
7.7662 3600
7.76667 4176
7.76717 4672
7.76766 5115
7.76814 5520
7.76862 5895
7.76911 6246
7.76955 6577
7.77002 2880
7.77051 3600
7.77101 4176
7.7715 4672
7.77196 5115
7.77238 5520
7.77284 5895
7.77333 6246
7.77384 6577
7.77519 2880
7.77613 3600
7.97663 4176
7.97803 2880
7.97853 3600
7.97997 2880
7.98042 3600
7.98089 4176
8.1814 4672
8.18238 2880
8.18285 3600
8.18332 4176
8.18379 4672
8.18422 5115
8.1847 5520
8.18514 5895
8.18564 6246
8.1866 2880
8.18757 3600
8.18806 4176
8.18856 4672
8.18904 5115
8.18948 5520
8.18998 5895
8.19145 2880
8.19293 3600
8.1934 4176
8.19385 4672
8.19432 5115
8.19479 5520
8.19525 5895
8.19574 6246
8.19624 6577
8.19772 2880
8.19864 3600
8.39914 4176
8.40061 2880
8.40102 3600
8.40151 4176
8.60201 4672
8.60351 2880
8.60446 3600
8.60493 4176
8.60542 4672
8.60591 5115
8.60639 5520
8.60689 5895
8.60738 2880
8.60786 3600
8.60834 4176
8.60881 4672
8.60931 5115
8.61024 2880
8.61073 3600
8.61122 4176
8.61173 4672
8.61218 5115
8.61266 5520
8.61314 5895
8.61358 6246
8.6136 6577
8.61409 6892
8.61459 2880
8.6151 3600
8.6156 4176
8.61605 4672
8.61655 5115
8.6175 2880
8.618 3600
8.61849 4176
8.61899 4672
8.61948 5115
8.61996 5520
8.62044 5895
8.62093 6246
8.62143 6577
8.62288 2880
8.6238 3600
8.62431 4176
8.6248 4672
8.62529 5115
8.62576 5520
8.62623 5895
8.62671 6246
8.62673 6577
8.62722 6892
8.62768 2880
8.62817 3600
8.62866 4176
8.62915 4672
8.62964 5115
8.63011 5520
8.63055 5895
8.63105 6246
8.63203 2880
8.63289 3600
8.6334 4176
8.6339 4672
8.6344 5115
8.63537 2880
8.63586 3600
8.6363 4176
8.6368 4672
8.63726 5115
8.63774 5520
8.6382 5895
8.63867 6246
8.63869 6577
8.63912 6892
8.63914 7192
8.6396 7480
8.63962 7757
8.64009 8024
8.64011 8282
8.64058 8532
8.6406 8775
8.64104 9011
8.64107 9241
8.64109 9465
8.64148 9684
8.64151 9898
8.64153 10107
8.64193 10312
8.64195 10513
8.64197 10710
8.64237 10903
8.64239 11093
8.64242 11279
8.64287 11462
8.64291 4320
8.64386 4800
8.64434 5232
8.64483 5628
8.6453 5996
8.6458 6341
8.64679 2880
8.64773 3600
8.64821 4176
8.64871 4672
8.64922 5115
8.65017 2880
8.65066 3600
8.65116 4176
8.65162 4672
8.65211 5115
8.65258 5520
8.65307 5895
8.65356 6246
8.65406 6577
8.65536 2880
8.65632 3600
8.65682 4176
8.65731 4672
8.65781 5115
8.65876 2880
8.65925 3600
8.65968 4176
8.66019 4672
8.66068 5115
8.66114 5520
8.66162 5895
8.66212 6246
8.66359 2880
8.66499 3600
8.66641 2880
8.66692 3600
8.66837 2880
8.66887 3600
8.67028 2880
8.67074 3600
8.67124 4176
8.87175 4672
8.87268 2880
8.87318 3600
8.87367 4176
8.87413 4672
8.87461 5115
8.87511 5520
8.87606 2880
8.87652 3600
8.877 4176
9.0775 4672
9.07899 2880
9.07996 3600
9.08144 2880
9.08193 3600
9.08243 4176
9.0829 4672
9.08338 5115
9.08386 5520
9.08433 5895
9.08484 6246
9.0858 2880
9.08678 3600
9.08724 4176
9.28774 4672
9.28867 2880
9.28917 3600
9.28965 4176
9.49015 4672
9.49113 2880
9.49162 3600
9.49212 4176
9.49261 4672
9.49311 5115
9.49408 2880
9.49458 3600
9.49507 4176
9.49553 4672
9.49603 5115
9.49696 2880
9.49746 3600
9.49793 4176
9.49841 4672
9.49889 5115
9.49938 5520
9.49981 5895
9.50026 6246
9.50028 6577
9.50077 6892
9.50125 2880
9.50175 3600
9.50224 4176
9.50269 4672
9.50314 5115
9.50356 5520
9.50404 5895
9.50454 6246
9.5055 2880
9.50649 3600
9.5079 2880
9.50836 3600
9.50885 4176
9.70935 4672
9.71032 2880
9.71081 3600
9.71128 4176
9.91179 4672
9.91327 2880
9.91424 3600
9.91567 2880
9.91615 3600
9.91664 4176
10.1171 4672
10.1181 2880
10.1186 3600
10.1191 4176
10.3196 4672
10.321 2880
10.322 3600
10.3225 4176
10.523 4672
10.5244 2880
10.5254 3600
10.5269 2880
10.5274 3600
10.5278 4176
10.5283 4672
10.5288 5115
10.5292 5520
10.5297 5895
10.5302 6246
10.5311 2880
10.5321 3600
10.5335 2880
10.534 3600
10.5354 2880
10.5358 3600
10.5363 4176
10.5369 4672
10.5373 5115
10.5378 5520
10.5383 5895
10.5388 6246
10.5393 6577
10.5398 2880
10.5403 3600
10.5408 4176
10.5413 4672
10.5418 5115
10.5422 5520
10.5427 5895
10.5436 2880
10.5446 3600
10.5461 2880
10.5465 3600
10.547 4176
10.7475 4672
10.749 2880
10.75 3600
10.7505 4176
10.951 4672
10.952 2880
10.9524 3600
10.9529 4176
10.9534 4672
10.9539 5115
10.9544 5520
10.9549 5895
10.9553 6246
10.9553 6577
10.9558 6892
10.9563 2880
10.9568 3600
10.9573 4176
10.9578 4672
10.9583 5115
10.9587 5520
10.9592 5895
10.9596 6246
10.9597 6577
10.9602 6892
10.9607 2880
10.9611 3600
10.9616 4176
10.9621 4672
10.9626 5115
10.9631 5520
10.9636 5895
10.964 6246
10.9641 6577
10.9646 6892
10.965 2880
10.9655 3600
10.966 4176
11.966 1440
11.9665 2880
12.1689 3600
12.1704 2880
12.1708 3600
12.1713 4176
12.3718 4672
12.3728 2880
12.3732 3600
12.3736 4176
12.3741 4672
12.3746 5115
12.3751 5520
12.3756 5895
12.3765 2880
12.3775 3600
12.378 4176
12.3784 4672
12.3789 5115
12.3794 5520
12.3798 5895
12.3803 6246
12.3803 6577
12.3808 6892
12.3823 2880
12.3832 3600
12.5837 4176
12.5851 2880
12.5856 3600
12.586 4176
12.7865 4672
12.7875 2880
12.7879 3600
12.7884 4176
12.7889 4672
12.7894 5115
12.7898 5520
12.7903 5895
12.7912 2880
12.7922 3600
12.7927 4176
12.9932 4672
12.9941 2880
12.9946 3600
12.9951 4176
12.9956 4672
12.996 5115
12.9965 5520
12.997 5895
12.9979 2880
12.9988 3600
12.9993 4176
13.1998 4672
13.2008 2880
13.2013 3600
13.2018 4176
13.4023 4672
13.4037 2880
13.4047 3600
13.4052 4176
13.4057 4672
13.4062 5115
13.4071 2880
13.4076 3600
13.4081 4176
13.4086 4672
13.4091 5115
13.4096 5520
13.4101 5895
13.4106 2880
13.411 3600
13.4115 4176
13.412 4672
13.4125 5115
13.4135 2880
13.4139 3600
13.4144 4176
13.4149 4672
13.4154 5115
13.4164 2880
13.4168 3600
13.4173 4176
13.4178 4672
13.4182 5115
13.4187 5520
13.4192 5895
13.4196 6246
13.4197 6577
13.4201 6892
13.4201 7192
13.4206 7480
13.4207 7757
13.4211 8024
13.4211 8282
13.4216 8532
13.4216 8775
13.422 9011
13.4221 9241
13.4221 9465
13.4225 9684
13.4225 9898
13.4225 10107
13.423 10312
13.423 10513
13.423 10710
13.4235 10903
13.4235 11093
13.4235 11279
13.4239 11462
13.424 11642
13.424 11820
13.4244 11995
13.4244 12167
13.4245 12337
13.4245 12505
13.4249 12670
13.4249 12833
13.4249 12994
13.425 13153
13.4253 13310
13.4254 13465
13.4254 13618
13.4255 13770
13.4258 13920
13.4258 14068
13.4259 14215
13.4259 14360
13.4263 14504
13.4264 6480
13.4269 6800
13.4273 7104
13.4274 7395
13.4278 7675
13.4278 7945
13.4282 8205
13.4283 8457
13.4287 8702
13.4287 8940
13.4292 9171
13.4297 3600
13.4307 4176
13.4311 4672
13.4316 5115
13.4321 5520
13.4325 5895
13.433 6246
13.4335 6577
13.434 2880
13.4345 3600
13.4349 4176
13.4354 4672
13.4359 5115
13.4369 2880
13.4374 3600
13.4378 4176
13.6383 4672
13.6398 2880
13.6407 3600
13.6421 2880
13.6426 3600
13.6441 2880
13.6446 3600
13.646 2880
13.6465 3600
13.647 4176
13.8475 4672
13.8484 2880
13.8489 3600
13.8493 4176
13.8498 4672
13.8503 5115
13.8508 5520
13.8513 5895
13.8518 6246
13.8522 6577
13.8528 2880
13.8532 3600
13.8537 4176
13.8541 4672
13.8546 5115
13.855 5520
13.8555 5895
13.856 6246
13.8565 6577
13.857 2880
13.8575 3600
13.858 4176
13.8584 4672
13.8589 5115
13.8599 2880
13.8603 3600
13.8608 4176
13.8613 4672
13.8618 5115
13.8622 5520
13.8627 5895
13.8631 6246
13.8631 6577
13.8636 6892
13.8641 2880
13.8646 3600
13.8651 4176
13.8656 4672
13.866 5115
13.8665 5520
13.867 5895
13.8674 6246
13.8679 6577
13.8684 2880
13.8689 3600
13.8694 4176
13.8699 4672
13.8704 5115
13.8714 2880
13.8719 3600
13.8723 4176
13.8728 4672
14.0733 5115
14.0748 2880
14.0758 3600
14.0772 2880
14.0777 3600
14.0782 4176
14.2787 4672
14.2802 2880
14.2811 3600
14.2815 4176
14.482 4672
14.483 2880
14.4835 3600
14.484 4176
14.6845 4672
14.686 2880
14.687 3600
14.6884 2880
14.6888 3600
14.6893 4176
14.6898 4672
14.6903 5115
14.6913 2880
14.6917 3600
14.6922 4176
14.6927 4672
14.6932 5115
14.6936 5520
14.6941 5895
14.6946 6246
14.6956 2880
14.6965 3600
14.697 4176
14.6975 4672
14.698 5115
14.6985 5520
14.6989 5895
14.6993 6246
14.6994 6577
14.6998 6892
14.6999 7192
14.7003 7480
14.7003 7757
14.7008 8024
14.7008 8282
14.7013 8532
14.7013 8775
14.7017 9011
14.7018 9241
14.7018 9465
14.7023 9684
14.7023 3600
14.7028 4176
14.7032 4672
14.7037 5115
14.7042 5520
14.7047 5895
14.7052 2880
14.7056 3600
14.7061 4176
14.7066 4672
14.7071 5115
14.7076 5520
14.7081 5895
14.7085 6246
14.709 6577
14.7095 2880
14.71 3600
14.7105 4176
14.711 4672
14.7115 5115
14.7125 2880
14.713 3600
14.7134 4176
14.7139 4672
14.7144 5115
14.7149 5520
14.7154 5895
14.7158 6246
14.7163 6577
14.7167 2880
14.7172 3600
14.7177 4176
14.7182 4672
14.7187 5115
14.7192 5520
14.7197 5895
14.7206 2880
14.7216 3600
14.7221 4176
14.9226 4672
15.9226 1440
16.1231 2880
16.3236 3600
17.3236 1440
17.5245 2880
17.725 3600
17.7263 2880
17.7267 3600
17.7271 4176
17.7275 4672
17.7279 5115
17.7284 5520
17.7288 5895
17.7292 6246
17.7292 6577
17.7296 6892
17.7296 7192
17.73 7480
17.7301 7757
17.7305 8024
17.7305 8282
17.7309 8532
17.7309 8775
17.7313 9011
17.7313 9241
17.7313 9465
17.7317 9684
17.7317 9898
17.7318 10107
17.7321 10312
17.7322 10513
17.7322 10710
17.7326 10903
17.7326 11093
17.7326 11279
17.733 11462
17.733 11642
17.733 11820
17.7334 11995
17.7334 12167
17.7334 12337
17.7335 12505
17.7338 12670
17.7338 12833
17.7339 12994
17.7339 13153
17.7342 13310
17.7343 13465
17.7343 13618
17.7343 13770
17.7346 13920
17.7347 14068
17.7347 14215
17.7347 14360
17.7351 14504
17.7351 14646
17.7351 14787
17.7351 14927
17.7355 15065
17.7355 15202
17.7355 15338
17.7355 15473
17.7356 15607
17.7359 15739
17.7359 15870
17.736 16000
17.736 16129
17.736 16257
17.7363 16384
17.7363 16510
17.7364 16635
17.7364 16759
17.7364 16882
17.7367 17004
17.7368 17125
17.7368 17246
17.7368 17366
17.7369 17485
17.7372 17603
17.7372 17720
17.7372 17837
17.7372 17953
17.7373 18068
17.7373 18182
17.7376 18296
17.7376 18409
17.7376 18521
17.7377 18632
17.7377 18743
17.7377 18853
17.738 18962
17.738 19071
17.7381 19179
17.7381 19287
17.7381 19394
17.7382 19500
17.7384 19606
17.7385 19711
17.7385 19816
17.7386 19920
17.7386 20024
17.7386 20127
17.7388 20230
17.7389 20332
17.739 20433
17.739 20534
17.739 20634
17.739 20734
17.7393 20834
17.7393 20933
17.7393 21032
17.7394 21130
17.7394 21228
17.7395 21325
17.7395 21422
17.7397 21518
17.7397 21614
17.7398 21709
17.7399 21804
17.7399 21899
17.7399 21993
17.7399 22087
17.7401 22180
17.7401 22273
17.7402 22366
17.7403 22458
17.7403 22550
17.7403 22641
17.7404 22732
17.7406 22823
17.7406 22913
17.7406 23003
17.7407 23093
17.7408 23182
17.7408 23271
17.7408 23360
17.741 23448
17.741 23536
17.7411 23624
17.7412 23711
17.7412 23798
17.7412 23885
17.7413 23971
17.7413 24057
17.7415 24143
17.7415 24228
17.7416 24313
17.7417 24398
17.7417 24482
17.7417 24566
17.7417 24650
17.7418 24734
17.742 24817
17.742 24900
17.7421 24983
17.7422 25066
17.7422 25148
17.7422 25230
17.7422 25312
17.7423 25393
17.7425 25474
17.7425 25555
17.7425 25636
17.7427 25716
17.7427 25796
17.7427 25876
17.7427 25956
17.7428 26035
17.7429 26114
17.743 26193
17.743 26272
17.7431 26350
17.7431 26428
17.7431 26506
17.7432 26584
17.7432 26662
17.7432 26739
17.7434 26816
17.7434 26893
17.7434 26970
17.7435 27046
17.7435 27122
17.7436 27198
17.7436 27274
17.7436 27350
17.7436 27425
17.7438 27500
17.7438 27575
17.7439 27650
17.7439 27724
17.744 27798
17.744 27872
17.744 27946
17.744 28020
17.7441 28094
17.7442 28167
17.7442 28240
17.7443 28313
17.7444 28386
17.7444 28459
17.7444 28531
17.7444 28603
17.7445 28675
17.7445 28747
17.7446 28819
17.7446 28890
17.7447 28961
17.7448 29032
17.7448 29103
17.7448 29174
17.7449 29245
17.7449 29315
17.7449 29385
17.745 29455
17.7451 29525
17.7451 29595
17.7451 29665
17.7452 29734
17.7452 29803
17.7453 29872
17.7453 29941
17.7453 30010
17.7453 30079
17.7455 30147
17.7455 30215
17.7455 30283
17.7456 30351
17.7457 30419
17.7457 30487
17.7457 30555
17.7458 30622
17.7458 30689
17.7458 30756
17.746 30823
17.746 30890
17.746 30957
17.7461 31023
17.7462 31089
17.7462 31155
17.7462 31221
17.7463 31287
17.7463 31353
17.7463 31419
17.7464 31484
17.7465 31549
17.7465 31614
17.7466 31679
17.7467 31744
17.7467 15120
17.7472 15257
17.7474 15392
17.7475 15526
17.7476 15659
17.7476 15791
17.7476 15922
17.7478 16052
17.7479 16181
17.748 16309
17.748 16436
17.7481 16562
17.7482 16687
17.7483 16811
17.7485 16934
17.7485 17056
17.7485 17177
17.7486 17297
17.7488 17416
17.7489 17535
17.7489 17653
17.7489 17770
17.7491 17886
17.7491 18001
17.7492 18116
17.7493 18230
17.7493 18343
17.7493 18456
17.7495 18568
17.7495 18679
17.7496 18790
17.7498 18900
17.7498 19009
17.7498 19118
17.7499 19226
17.7499 19333
17.75 19440
17.7502 19546
17.7502 19652
17.7503 19757
17.7504 19861
17.7504 19965
17.7505 20068
17.7507 20171
17.7507 20273
17.7507 20375
17.7508 20476
17.7508 20577
17.751 20677
17.7512 20777
17.7512 9360
17.7525 9581
17.7525 9797
17.753 10008
17.753 10215
17.753 10417
17.7535 10616
17.7535 10811
17.7535 11002
17.7539 11190
17.7539 11375
17.7539 11557
17.7543 11736
17.7544 11912
17.7544 12086
17.7544 12257
17.7548 12426
17.7548 12592
17.7549 12756
17.7549 12918
17.7553 13078
17.7553 13236
17.7553 13392
17.7553 13546
17.7557 13699
17.7557 13850
17.7557 13999
17.7558 14147
17.7561 14293
17.7561 14438
17.7562 14581
17.7562 14723
17.7565 14863
17.7566 15002
17.7566 15140
17.7566 15276
17.7566 15411
17.757 15545
17.757 15678
17.757 15810
17.7571 15941
17.7571 16071
17.7575 16200
17.7575 16328
17.7575 16454
17.7576 16580
17.7576 16705
17.758 16829
17.758 16952
17.758 17074
17.758 17195
17.7581 17315
17.7584 17434
17.7585 17552
17.7585 17670
17.7585 17787
17.7585 17903
17.7586 18018
17.7589 18133
17.7589 18247
17.759 18360
17.759 18472
17.759 18584
17.759 18695
17.7594 18805
17.7594 18915
17.7594 19024
17.7595 19132
17.7595 19240
17.7595 19347
17.7599 19454
17.7599 19560
17.7599 19666
17.76 19771
17.76 19875
17.76 19979
17.7604 20082
17.7604 20185
