1 7920
1.07978 1440
1.08009 2880
1.08038 4320
1.08039 4800
1.28151 2880
1.28207 3600
1.28236 4176
1.28265 4672
1.28295 5115
1.28344 2880
1.28373 3600
1.284 4176
1.2843 4672
1.2846 5115
1.28514 2880
1.28543 3600
1.28571 4176
1.28601 4672
1.28629 5115
1.28651 5520
1.28677 5895
1.28702 6246
1.28704 6577
1.28732 6892
1.28734 7192
1.2876 7480
1.28763 7757
1.2879 8024
1.28816 2880
1.28844 3600
1.28868 4176
1.48898 4672
1.48957 2880
1.48984 3600
1.4901 4176
1.4904 4672
1.4907 5115
1.49126 2880
1.49155 3600
1.49183 4176
1.49212 4672
1.49242 5115
1.49292 2880
1.49316 3600
1.49341 4176
1.49367 4672
1.49395 5115
1.49422 5520
1.49452 5895
1.49481 2880
1.49509 3600
1.49538 4176
1.49566 4672
1.49594 5115
1.49622 5520
1.49649 5895
1.49677 6246
1.49679 6577
1.49705 6892
1.49708 7192
1.49734 7480
1.49736 7757
1.49764 8024
1.49793 2880
1.49819 3600
1.49848 4176
1.49877 4672
1.49907 5115
1.49961 2880
1.49989 3600
1.50015 4176
1.50045 4672
1.50075 5115
1.5013 2880
1.50157 3600
1.50183 4176
1.70213 4672
1.70293 2880
1.70351 3600
1.70378 4176
1.70408 4672
1.70438 5115
1.70487 2880
1.70514 3600
1.70539 4176
1.90569 4672
1.90621 2880
1.90648 3600
1.90676 4176
1.90702 4672
1.90729 5115
1.90757 5520
1.90785 5895
1.90814 6246
1.90837 6577
1.90863 2880
1.9089 3600
1.90918 4176
1.90947 4672
1.90976 5115
1.91027 2880
1.91055 3600
1.91085 4176
1.91115 4672
1.91143 5115
1.9117 5520
1.91199 5895
1.91229 6246
1.91285 2880
1.91332 3600
1.91358 4176
1.91385 4672
1.91414 5115
1.91442 5520
1.91471 5895
1.91494 6246
1.91496 6577
1.91519 6892
1.91521 7192
1.91547 7480
1.9155 7757
1.91576 8024
1.91579 8282
1.91604 8532
1.91606 8775
1.91631 9011
1.91633 9241
1.91636 9465
1.9166 9684
1.91662 9898
1.91665 10107
1.9169 10312
1.91692 10513
1.91694 10710
1.9172 4320
1.91748 4800
1.91776 5232
1.918 5628
1.91825 5996
1.91849 6341
1.91851 6668
1.91879 6978
1.91881 7275
1.91907 7560
1.9191 7834
1.91929 8098
1.91931 8354
1.91952 8602
1.91955 8843
1.91976 9077
1.91979 9305
1.91981 9527
1.92004 9744
1.92006 9956
1.92009 10164
1.92034 10368
1.92036 10568
1.92039 10764
1.92064 4320
1.92089 4800
1.92109 5232
1.9213 5628
1.92152 5996
1.92175 6341
1.92178 6668
1.92199 6978
1.92202 7275
1.92224 7560
1.92227 7834
1.92248 8098
1.92251 8354
1.92276 8602
1.92278 8843
1.92304 9077
1.92307 9305
1.92334 9527
1.9236 3600
1.92409 4176
1.92438 4672
1.92468 5115
1.92515 2880
1.92537 3600
1.92561 4176
1.92585 4672
1.92608 5115
1.92631 5520
1.92657 5895
1.92685 6246
1.92687 6577
1.92716 6892
1.92742 2880
1.92769 3600
1.92795 4176
1.9282 4672
1.9285 5115
1.92901 2880
1.9293 3600
1.92956 4176
1.9298 4672
1.93003 5115
1.93026 5520
1.9305 5895
1.93078 6246
1.9308 6577
1.93108 6892
1.9311 7192
1.93136 7480
1.93139 7757
1.93162 8024
1.93164 8282
1.93188 8532
1.9319 8775
1.93217 9011
1.93219 9241
1.93245 9465
1.93249 3600
1.93274 4176
1.93299 4672
1.93329 5115
1.93374 2880
1.93397 3600
1.93423 4176
1.9345 4672
1.93478 5115
1.93504 5520
1.93531 5895
1.93557 6246
1.93559 6577
1.93588 6892
1.93618 2880
1.93639 3600
1.93664 4176
1.93693 4672
1.93723 5115
1.93774 2880
1.93803 3600
1.93832 4176
2.13862 4672
2.13944 2880
2.13994 3600
2.14022 4176
2.1405 4672
2.14078 5115
2.14106 5520
2.1413 5895
2.14155 6246
2.14157 6577
2.14186 6892
2.14215 2880
2.14245 3600
2.14272 4176
2.14301 4672
2.14329 5115
2.14358 5520
2.14386 5895
2.14414 6246
2.14444 6577
2.14521 2880
2.14577 3600
2.14607 4176
2.14634 4672
2.14663 5115
2.1469 5520
2.14714 5895
2.14739 6246
2.14742 6577
2.1477 6892
2.148 2880
2.14825 3600
2.14852 4176
2.14882 4672
2.14909 5115
2.14932 5520
2.14958 5895
2.14987 6246
2.15016 6577
2.15045 2880
2.15075 3600
2.15105 4176
2.1513 4672
2.15154 5115
2.1518 5520
2.15205 5895
2.1523 6246
2.15233 6577
2.15259 6892
2.15262 7192
2.15289 7480
2.15291 7757
2.15319 8024
2.15345 2880
2.15374 3600
2.15399 4176
2.15424 4672
2.15453 5115
2.15479 5520
2.15503 5895
2.15532 6246
2.15562 6577
2.15632 2880
2.15688 3600
2.15718 4176
2.15743 4672
2.15766 5115
2.15787 5520
2.15811 5895
2.15835 6246
2.15837 6577
2.15862 6892
2.15865 7192
2.15891 7480
2.15893 7757
2.15921 8024
2.15948 2880
2.15976 3600
2.16003 4176
2.16033 4672
2.16063 5115
2.16111 2880
2.16137 3600
2.16162 4176
2.16187 4672
2.16217 5115
2.16273 2880
2.16298 3600
2.16326 4176
2.16352 4672
2.16381 5115
2.16404 5520
2.16425 5895
2.16446 6246
2.16449 6577
2.16469 6892
2.16471 7192
2.16495 7480
2.16498 7757
2.16525 8024
2.16553 2880
2.16581 3600
2.16611 4176
2.16639 4672
2.16661 5115
2.16686 5520
2.16711 5895
2.16737 6246
2.16739 6577
2.16766 6892
2.16769 7192
2.16795 7480
2.16798 7757
2.16824 8024
2.16826 8282
2.1685 8532
2.16853 8775
2.16875 9011
2.16878 9241
2.1688 9465
2.16906 9684
2.1691 3600
2.16936 4176
2.1696 4672
2.16989 5115
2.17017 5520
2.17045 5895
2.17071 6246
2.17074 6577
2.17101 6892
2.17104 7192
2.17131 7480
2.17133 7757
2.17161 8024
2.17186 2880
2.17216 3600
2.17246 4176
2.17272 4672
2.17301 5115
2.17329 5520
2.17356 5895
2.17382 6246
2.17384 6577
2.17409 6892
2.17412 7192
2.17435 7480
2.17437 7757
2.17463 8024
2.17466 8282
2.1749 8532
2.17492 8775
2.17517 9011
2.17519 9241
2.17522 9465
2.17546 9684
2.17548 9898
2.17551 10107
2.17574 10312
2.17577 10513
2.17579 10710
2.17603 10903
2.17605 11093
2.17608 11279
2.17631 11462
2.17633 11642
2.17635 11820
2.1766 11995
2.17664 5040
2.17713 5451
2.17737 5831
2.17766 6186
2.17793 6521
2.17822 2880
2.17851 3600
2.1788 4176
2.17908 4672
2.17938 5115
2.17992 2880
2.18021 3600
2.18051 4176
2.18081 4672
2.18107 5115
2.18134 5520
2.18159 5895
2.18189 6246
2.18241 2880
2.18299 3600
2.18329 4176
2.18356 4672
2.18384 5115
2.18406 5520
2.18433 5895
2.1846 6246
2.18462 6577
2.1849 6892
2.18492 7192
2.18517 7480
2.1852 7757
2.18546 8024
2.18549 8282
2.18575 8532
2.18577 8775
2.18603 9011
2.18606 9241
2.18631 9465
2.18635 3600
2.18663 4176
2.18691 4672
2.18717 5115
2.18742 5520
2.18772 5895
2.18856 2880
2.1893 3600
2.18957 4176
2.18985 4672
2.19013 5115
2.19042 5520
2.19068 5895
2.19097 6246
2.19123 6577
2.19152 2880
2.19182 3600
2.1921 4176
2.19238 4672
2.19267 5115
2.19293 5520
2.19314 5895
2.19336 6246
2.19338 6577
2.19365 6892
2.19367 7192
2.19393 7480
2.19396 7757
2.19422 8024
2.19424 8282
2.19451 8532
2.19453 8775
2.19476 9011
2.19478 9241
2.1948 9465
2.19503 9684
2.19506 9898
2.19508 10107
2.19532 10312
2.19534 10513
2.19537 10710
2.19558 10903
2.19561 11093
2.19563 11279
2.19588 11462
2.19592 4320
2.19619 4800
2.19644 5232
2.19672 5628
2.19702 5996
2.1973 2880
2.19755 3600
2.1978 4176
2.19807 4672
2.19837 5115
2.19892 2880
2.1992 3600
2.19949 4176
2.19979 4672
2.20009 5115
2.2006 2880
2.20083 3600
2.20105 4176
2.2013 4672
2.20155 5115
2.20181 5520
2.20209 5895
2.20239 6246
2.20296 2880
2.20345 3600
2.20372 4176
2.20399 4672
2.20428 5115
2.20456 5520
2.20479 5895
2.20505 6246
2.20508 6577
2.20533 6892
2.20535 7192
2.20562 7480
2.20564 7757
2.2059 8024
2.20593 8282
2.20619 8532
2.20621 8775
2.20649 9011
2.20673 3600
2.2072 4176
2.40722 4672
2.40776 2880
2.40806 3600
2.40833 4176
2.40855 4672
2.40882 5115
2.40909 5520
2.40935 5895
2.40964 6246
2.4099 6577
2.41021 2880
2.4105 3600
2.41079 4176
2.41108 4672
2.41137 5115
2.41196 2880
2.41223 3600
2.41253 4176
2.41282 4672
2.41312 5115
2.41369 2880
2.41398 3600
2.41427 4176
2.61457 4672
2.6151 2880
2.61535 3600
2.61564 4176
2.61593 4672
2.61621 5115
2.61648 5520
2.61678 5895
2.61737 2880
2.61794 3600
2.61875 2880
2.61904 3600
2.61933 4176
2.61961 4672
2.6199 5115
2.62016 5520
2.62045 5895
2.62075 6246
2.62161 2880
2.62245 3600
2.62272 4176
2.62301 4672
2.62327 5115
2.62355 5520
2.62384 5895
2.62413 2880
2.62442 3600
2.62469 4176
2.62499 4672
2.62527 5115
2.62554 5520
2.62584 5895
2.62613 2880
2.6264 3600
2.62669 4176
2.62695 4672
2.62724 5115
2.62751 5520
2.62781 5895
2.62811 2880
2.62839 3600
2.62865 4176
2.62894 4672
2.62921 5115
2.6295 5520
2.62977 5895
2.63002 6246
2.63005 6577
2.63033 6892
2.63063 2880
2.63092 3600
2.63121 4176
2.63151 4672
2.63176 5115
2.63204 5520
2.63233 5895
2.63259 6246
2.63262 6577
2.63288 6892
2.6329 7192
2.63318 7480
2.6332 7757
2.63341 8024
2.63343 8282
2.63369 8532
2.63372 8775
2.63399 9011
2.63429 3600
2.63514 4176
2.63544 4672
2.63574 5115
2.63627 2880
2.63657 3600
2.63685 4176
2.63715 4672
2.63745 5115
2.638 2880
2.63828 3600
2.63858 4176
2.63887 4672
2.63914 5115
2.63942 5520
2.63969 5895
2.63998 6246
2.64025 6577
2.64055 2880
2.64085 3600
2.64109 4176
2.64138 4672
2.64168 5115
2.64224 2880
2.64254 3600
2.64281 4176
2.64311 4672
2.6434 5115
2.64367 5520
2.64397 5895
2.64454 2880
2.64514 3600
2.64599 2880
2.64627 3600
2.64655 4176
2.84685 4672
2.84735 2880
2.84762 3600
2.84791 4176
2.8482 4672
2.84848 5115
2.84876 5520
2.84906 5895
2.84933 2880
2.8496 3600
2.84987 4176
2.85017 4672
2.85046 5115
2.85074 5520
2.85096 5895
2.85118 6246
2.85121 6577
2.85144 6892
2.85147 7192
2.85173 7480
2.85176 7757
2.85203 8024
2.85232 2880
2.8526 3600
2.85282 4176
2.85304 4672
2.85329 5115
2.85358 5520
2.85388 5895
2.85417 2880
2.85445 3600
2.85474 4176
2.85502 4672
2.8553 5115
2.85558 5520
2.85588 5895
2.85645 2880
2.85692 3600
2.85715 4176
2.85744 4672
2.85773 5115
2.858 5520
2.8583 5895
2.85889 2880
2.85945 3600
2.85968 4176
2.85996 4672
2.86025 5115
2.86054 5520
2.86083 5895
2.86111 2880
2.86137 3600
2.86166 4176
2.86196 4672
2.86224 5115
2.86253 5520
2.86282 5895
2.86309 6246
2.86312 6577
2.8634 6892
2.86369 2880
2.86394 3600
2.86423 4176
2.86452 4672
2.8648 5115
2.86507 5520
2.86533 5895
2.86559 6246
2.86563 6577
2.86591 6892
2.8662 2880
2.86649 3600
2.86679 4176
2.86709 4672
2.86737 5115
2.86765 5520
2.86795 5895
2.86824 2880
2.86854 3600
2.86883 4176
2.86912 4672
2.86942 5115
2.86995 2880
2.87025 3600
2.87055 4176
3.07085 4672
3.07171 2880
3.0723 3600
3.0726 4176
3.07289 4672
3.07317 5115
3.07346 5520
3.07376 5895
3.07462 2880
3.07544 3600
3.0763 2880
3.07658 3600
3.07688 4176
3.07717 4672
3.07741 5115
3.0777 5520
3.07796 5895
3.07826 6246
3.07913 2880
3.07999 3600
3.08082 2880
3.08111 3600
3.08141 4176
3.08167 4672
3.08193 5115
3.08221 5520
3.08249 5895
3.08278 6246
3.08308 6577
3.08389 2880
3.08445 3600
3.08475 4176
3.08504 4672
3.08534 5115
3.0859 2880
3.0862 3600
3.08649 4176
3.28678 4672
3.28734 2880
3.28764 3600
3.28791 4176
3.2882 4672
3.2885 5115
3.28904 2880
3.28932 3600
3.28962 4176
3.2899 4672
3.29018 5115
3.29047 5520
3.29075 5895
3.29102 6246
3.29105 6577
3.29132 6892
3.29134 7192
3.29161 7480
3.29163 7757
3.29189 8024
3.29192 8282
3.29218 8532
3.2922 8775
3.29248 9011
3.29275 3600
3.29333 4176
3.29363 4672
3.49393 5115
3.49475 2880
3.49532 3600
3.49561 4176
3.69591 4672
3.69647 2880
3.69676 3600
3.69706 4176
3.69734 4672
3.69763 5115
3.6979 5520
3.6982 5895
3.69878 2880
3.69938 3600
3.70021 2880
3.7005 3600
3.7008 4176
3.70106 4672
3.70135 5115
3.70162 5520
3.70191 5895
3.70218 6246
3.70221 6577
3.70247 6892
3.70249 7192
3.70277 7480
3.70279 7757
3.70306 8024
3.70308 8282
3.70334 8532
3.70337 8775
3.70364 9011
3.70392 3600
3.70442 4176
3.70465 4672
3.90494 5115
3.90583 2880
3.90634 3600
3.90663 4176
3.90692 4672
3.90721 5115
3.90748 5520
3.90773 5895
3.90801 6246
3.90803 6577
3.90829 6892
3.90832 7192
3.90856 7480
3.90858 7757
3.90884 8024
3.90887 8282
3.90913 8532
3.90915 8775
3.90942 9011
3.90944 9241
3.90968 9465
3.90972 3600
3.91 4176
3.91028 4672
3.91056 5115
3.91085 5520
3.9111 5895
3.91135 6246
3.91138 6577
3.91159 6892
3.91161 7192
3.91183 7480
3.91185 7757
3.91213 8024
3.91242 2880
3.91267 3600
3.91288 4176
3.91315 4672
3.91342 5115
3.91369 5520
3.91398 5895
3.91425 6246
3.91428 6577
3.91455 6892
3.91458 7192
3.91485 7480
3.91488 7757
3.91515 8024
3.91539 2880
3.9156 3600
3.91585 4176
3.9161 4672
3.91633 5115
3.91659 5520
3.91688 5895
3.91717 6246
3.91745 6577
3.91775 2880
3.91801 3600
3.91824 4176
3.91852 4672
3.9188 5115
3.91908 5520
3.91935 5895
3.91965 6246
3.92019 2880
3.92076 3600
3.92104 4176
4.12134 4672
4.12192 2880
4.12221 3600
4.1225 4176
4.12275 4672
4.12305 5115
4.12359 2880
4.12388 3600
4.12417 4176
4.32447 4672
4.32534 2880
4.32586 3600
4.32615 4176
4.32645 4672
4.32673 5115
4.327 5520
4.3273 5895
4.32758 2880
4.32786 3600
4.32813 4176
4.3284 4672
4.3287 5115
4.32923 2880
4.32952 3600
4.32982 4176
4.33009 4672
4.33037 5115
4.33065 5520
4.33091 5895
4.33119 6246
4.33121 6577
4.3315 6892
4.33178 2880
4.33202 3600
4.33231 4176
4.33261 4672
4.33291 5115
4.33343 2880
4.3337 3600
4.33394 4176
4.33422 4672
4.33451 5115
4.33478 5520
4.33507 5895
4.33536 6246
4.33566 6577
4.33649 2880
4.33704 3600
4.33734 4176
4.3376 4672
4.33787 5115
4.33814 5520
4.33844 5895
4.33872 2880
4.339 3600
4.33929 4176
4.33959 4672
4.33985 5115
4.34013 5520
4.34043 5895
4.34072 2880
4.341 3600
4.34127 4176
4.34156 4672
4.34185 5115
4.34213 5520
4.34241 5895
4.3427 6246
4.34299 6577
4.34384 2880
4.34442 3600
4.34472 4176
4.34498 4672
4.34527 5115
4.34555 5520
4.3458 5895
4.34603 6246
4.34605 6577
4.34634 6892
4.3466 2880
4.34689 3600
4.34718 4176
4.34746 4672
4.34774 5115
4.34801 5520
4.34828 5895
4.34855 6246
4.34858 6577
4.34886 6892
4.34911 2880
4.34939 3600
4.34968 4176
4.34996 4672
4.35025 5115
4.35054 5520
4.35079 5895
4.35104 6246
4.35106 6577
4.35134 6892
4.35136 7192
4.35162 7480
4.35165 7757
4.35191 8024
4.35193 8282
4.35215 8532
4.35217 8775
4.35239 9011
4.35241 9241
4.35244 9465
4.35268 9684
4.3527 9898
4.35272 10107
4.35295 10312
4.35297 10513
4.353 10710
4.35324 10903
4.35326 11093
4.35329 11279
4.3535 11462
4.35352 11642
4.35355 11820
4.3538 11995
4.35384 5040
4.35434 5451
4.35459 5831
4.35489 6186
4.35547 2880
4.35603 3600
4.35632 4176
4.35658 4672
4.35684 5115
4.35711 5520
4.35738 5895
4.35766 6246
4.35768 6577
4.35796 6892
4.35798 7192
4.35821 7480
4.35823 7757
4.3585 8024
4.35852 8282
4.35878 8532
4.35881 8775
4.35908 9011
4.35936 3600
4.35987 4176
4.36016 4672
4.56046 5115
4.56129 2880
4.5618 3600
4.5621 4176
4.56238 4672
4.56267 5115
4.56296 5520
4.56326 5895
4.56354 2880
4.56378 3600
4.56407 4176
4.56434 4672
4.56462 5115
4.56491 5520
4.56521 5895
4.56548 2880
4.56577 3600
4.56607 4176
4.56636 4672
4.56663 5115
4.56689 5520
4.56714 5895
4.56739 6246
4.56742 6577
4.56769 6892
4.56772 7192
4.56798 7480
4.568 7757
4.56827 8024
4.56829 8282
4.56855 8532
4.56858 8775
4.56884 9011
4.56886 9241
4.56909 9465
4.56913 3600
4.56941 4176
4.56968 4672
4.56996 5115
4.57025 5520
4.57052 5895
4.5708 6246
4.57082 6577
4.57111 6892
4.57141 2880
4.57168 3600
4.57198 4176
4.57226 4672
4.57254 5115
4.57281 5520
4.57311 5895
4.57338 2880
4.57367 3600
4.57394 4176
4.57421 4672
4.57449 5115
4.57477 5520
4.57505 5895
4.57534 6246
4.57563 6577
4.57594 2880
4.57624 3600
4.57652 4176
4.57676 4672
4.57703 5115
4.57729 5520
4.57759 5895
4.57846 2880
4.57931 3600
4.57958 4176
4.57986 4672
4.58012 5115
4.5804 5520
4.58067 5895
4.58096 6246
4.58123 6577
4.58154 2880
4.58184 3600
4.58209 4176
4.58239 4672
4.58267 5115
4.58294 5520
4.58317 5895
4.58343 6246
4.58345 6577
4.58372 6892
4.58374 7192
4.584 7480
4.58403 7757
4.5843 8024
4.58459 2880
4.58486 3600
4.58509 4176
4.58534 4672
4.58559 5115
4.58587 5520
4.58615 5895
4.58644 6246
4.58674 6577
4.58749 2880
4.58809 3600
4.58836 4176
4.58863 4672
4.5889 5115
4.58919 5520
4.58949 5895
4.59023 2880
4.5911 3600
4.59136 4176
4.59164 4672
4.5919 5115
4.59216 5520
4.59242 5895
4.5927 6246
4.59299 6577
4.59328 2880
4.59355 3600
4.59381 4176
4.59411 4672
4.5944 5115
4.59469 5520
4.59495 5895
4.59519 6246
4.59521 6577
4.59545 6892
4.59548 7192
4.59573 7480
4.59575 7757
4.59603 8024
4.59624 2880
4.59652 3600
4.59678 4176
4.59708 4672
4.59736 5115
4.59764 5520
4.59786 5895
4.5981 6246
4.59813 6577
4.59834 6892
4.59836 7192
4.59863 7480
4.59865 7757
4.59893 8024
4.59919 2880
4.59948 3600
4.59976 4176
4.60003 4672
4.60027 5115
4.60054 5520
4.60083 5895
4.60111 6246
4.6014 6577
4.60171 2880
4.602 3600
4.60227 4176
4.60255 4672
4.60279 5115
4.60306 5520
4.60335 5895
4.60361 6246
4.60364 6577
4.60391 6892
4.60393 7192
4.60419 7480
4.60421 7757
4.60448 8024
4.60475 2880
4.605 3600
4.60526 4176
4.60553 4672
4.60582 5115
4.60608 5520
4.60638 5895
4.60667 2880
4.60696 3600
4.60718 4176
4.60742 4672
4.60766 5115
4.60794 5520
4.60821 5895
4.6085 6246
4.60878 6577
4.60908 2880
4.60936 3600
4.60961 4176
4.60987 4672
4.61015 5115
4.61042 5520
4.6107 5895
4.61098 6246
4.61127 6577
4.61157 2880
4.61187 3600
4.61213 4176
4.61239 4672
4.61269 5115
4.61325 2880
4.61355 3600
4.61384 4176
4.61413 4672
4.61443 5115
4.61494 2880
4.61516 3600
4.61543 4176
4.61571 4672
4.61601 5115
4.61656 2880
4.61684 3600
4.61714 4176
4.61741 4672
4.61767 5115
4.61794 5520
4.61822 5895
4.61851 6246
4.61876 6577
4.61904 2880
4.6193 3600
4.61959 4176
4.61989 4672
4.62018 5115
4.62075 2880
4.621 3600
4.62125 4176
4.62151 4672
4.62176 5115
4.62204 5520
4.62233 5895
4.62291 2880
4.62346 3600
4.62376 4176
4.62406 4672
4.62434 5115
4.62463 5520
4.62492 5895
4.62515 6246
4.62518 6577
4.62541 6892
4.62543 7192
4.62568 7480
4.6257 7757
4.62598 8024
4.62622 2880
4.62651 3600
4.62677 4176
4.62707 4672
4.62735 5115
4.62764 5520
4.6279 5895
4.62815 6246
4.62818 6577
4.62842 6892
4.62844 7192
4.62868 7480
4.6287 7757
4.62898 8024
4.62924 2880
4.62953 3600
4.62982 4176
4.63008 4672
4.63034 5115
4.63063 5520
4.63092 5895
4.63118 6246
4.6312 6577
4.63148 6892
4.6315 7192
4.63176 7480
4.63179 7757
4.63204 8024
4.63206 8282
4.6323 8532
4.63233 8775
4.6326 9011
4.63289 3600
4.63349 4176
4.63432 2880
4.63459 3600
4.63486 4176
4.63516 4672
4.63546 5115
4.63601 2880
4.63629 3600
4.63657 4176
4.63686 4672
4.63715 5115
4.63769 2880
4.63798 3600
4.63823 4176
4.83853 4672
4.83941 2880
4.84001 3600
4.84086 2880
4.84115 3600
4.84144 4176
5.04174 4672
5.04232 2880
5.04262 3600
5.0429 4176
5.2432 4672
5.2437 2880
5.24398 3600
5.24423 4176
5.24452 4672
5.24482 5115
5.24538 2880
5.24568 3600
5.24593 4176
5.44623 4672
5.44682 2880
5.44711 3600
5.44741 4176
5.64771 4672
5.64823 2880
5.64853 3600
5.64882 4176
5.64911 4672
5.6494 5115
5.64966 5520
5.64994 5895
5.65024 6246
5.65078 2880
5.65137 3600
5.65167 4176
5.65197 4672
5.65221 5115
5.65248 5520
5.65276 5895
5.65306 6246
5.65389 2880
5.65476 3600
5.65504 4176
5.6553 4672
5.65559 5115
5.65588 5520
5.65616 5895
5.65644 6246
5.65646 6577
5.6567 6892
5.65672 7192
5.65696 7480
5.65699 7757
5.65724 8024
5.65726 8282
5.6575 8532
5.65754 8775
5.65779 9011
5.65781 9241
5.65784 9465
5.65809 9684
5.65811 9898
5.65814 10107
5.65837 10312
5.6584 10513
5.65842 10710
5.65865 10903
5.65867 11093
5.6587 11279
5.65895 11462
5.65898 4320
5.65952 4800
5.65978 5232
5.66008 5628
5.66066 2880
5.66093 3600
5.66122 4176
5.66152 4672
5.66182 5115
5.66239 2880
5.66267 3600
5.66296 4176
5.66324 4672
5.66354 5115
5.66404 2880
5.66431 3600
5.6646 4176
5.6649 4672
5.6652 5115
5.66575 2880
5.66604 3600
5.66633 4176
5.66662 4672
5.66692 5115
5.6674 2880
5.66768 3600
5.66798 4176
5.66827 4672
5.66857 5115
5.66908 2880
5.66937 3600
5.86938 4176
5.87026 2880
5.87054 3600
5.87084 4176
5.87114 4672
5.87142 5115
5.87167 5520
5.87195 5895
5.87225 6246
5.87281 2880
5.87334 3600
5.87359 4176
6.07389 4672
6.07476 2880
6.07535 3600
6.07565 4176
6.07594 4672
6.07624 5115
6.07681 2880
6.0771 3600
6.07737 4176
6.07763 4672
6.07792 5115
6.07819 5520
6.07848 5895
6.07878 6246
6.07931 2880
6.07989 3600
6.08018 4176
6.28047 4672
6.28128 2880
6.28181 3600
6.28211 4176
6.2824 4672
6.28268 5115
6.28293 5520
6.28318 5895
6.28348 6246
6.28402 2880
6.2846 3600
6.28542 2880
6.28572 3600
6.28659 2880
6.28689 3600
6.28773 2880
6.28803 3600
6.28887 2880
6.28917 3600
6.29004 2880
6.29034 3600
6.29119 2880
6.29148 3600
6.29174 4176
6.29204 4672
6.2923 5115
6.29259 5520
6.29287 5895
6.29316 6246
6.29346 6577
6.2943 2880
6.29487 3600
6.29513 4176
6.29542 4672
6.29569 5115
6.29598 5520
6.29627 5895
6.29652 6246
6.29654 6577
6.29683 6892
6.29713 2880
6.2974 3600
6.29769 4176
6.29797 4672
6.49826 5115
6.49911 2880
6.49967 3600
6.50054 2880
6.50082 3600
6.50109 4176
6.50133 4672
6.50159 5115
6.50187 5520
6.50217 5895
6.50273 2880
6.50331 3600
6.50417 2880
6.50442 3600
6.50472 4176
6.50501 4672
6.50531 5115
6.50586 2880
6.5061 3600
6.50634 4176
6.50663 4672
6.50691 5115
6.50718 5520
6.50747 5895
6.50777 6246
6.50832 2880
6.50887 3600
6.50916 4176
6.50945 4672
6.50975 5115
6.5103 2880
6.51057 3600
6.51084 4176
6.51114 4672
6.51143 5115
6.51167 5520
6.51192 5895
6.51222 6246
6.51275 2880
6.51334 3600
6.5136 4176
6.5139 4672
6.51419 5115
6.51447 5520
6.51477 5895
6.51505 2880
6.51534 3600
6.51562 4176
6.51591 4672
6.5162 5115
6.51646 5520
6.51676 5895
6.51703 2880
6.51732 3600
6.51762 4176
6.51788 4672
6.51818 5115
6.51874 2880
6.51902 3600
6.51932 4176
6.71961 4672
6.7202 2880
6.72048 3600
6.72077 4176
6.72106 4672
6.72131 5115
6.72157 5520
6.72186 5895
6.72213 6246
6.72216 6577
6.72243 6892
6.72245 7192
6.7227 7480
6.72273 7757
6.72296 8024
6.72298 8282
6.72317 8532
6.72319 8775
6.72341 9011
6.72343 9241
6.72346 9465
6.7237 9684
6.72372 9898
6.72374 10107
6.72397 10312
6.72399 10513
6.72402 10710
6.72426 10903
6.72428 11093
6.72431 11279
6.72453 11462
6.72456 11642
6.72458 11820
6.72482 11995
6.72484 12167
6.72487 12337
6.72512 5040
6.72539 5451
6.72569 5831
6.72599 2880
6.72629 3600
6.72653 4176
6.7268 4672
6.72709 5115
6.72738 5520
6.72765 5895
6.7279 6246
6.72793 6577
6.72821 6892
6.72849 2880
6.72878 3600
6.72907 4176
6.72934 4672
6.72962 5115
6.72989 5520
6.73014 5895
6.7304 6246
6.73042 6577
6.7307 6892
6.73072 7192
6.73099 7480
6.73101 7757
6.73126 8024
6.73128 8282
6.73156 8532
6.73185 2880
6.73212 3600
6.73238 4176
6.73265 4672
6.73295 5115
6.73382 2880
6.73437 3600
6.73464 4176
6.93494 4672
6.93578 2880
6.93635 3600
6.93719 2880
6.93747 3600
6.93775 4176
6.93804 4672
6.93834 5115
6.93891 2880
6.93919 3600
6.93947 4176
6.93975 4672
6.94005 5115
6.94059 2880
6.94082 3600
6.94108 4176
6.94133 4672
6.94161 5115
6.9419 5520
6.9422 5895
6.94249 2880
6.94274 3600
6.94296 4176
6.94321 4672
6.94349 5115
6.94375 5520
6.94403 5895
6.94431 6246
6.9446 6577
6.94491 2880
6.94519 3600
6.94547 4176
6.94572 4672
6.94601 5115
6.94627 5520
6.94654 5895
6.94682 6246
6.94709 6577
6.9474 2880
6.94766 3600
6.94796 4176
6.94823 4672
6.94847 5115
6.94873 5520
6.94903 5895
6.94932 2880
6.94962 3600
6.94987 4176
6.95011 4672
6.95037 5115
6.95065 5520
6.95093 5895
6.95118 6246
6.95121 6577
6.9515 6892
6.95177 2880
6.95202 3600
6.95231 4176
6.9526 4672
6.95288 5115
6.95316 5520
6.95342 5895
6.95368 6246
6.95371 6577
6.95399 6892
6.95424 2880
6.95453 3600
6.95483 4176
6.95512 4672
6.95536 5115
6.95563 5520
6.95591 5895
6.9562 6246
6.95677 2880
6.95732 3600
6.95757 4176
6.95784 4672
6.95813 5115
6.95839 5520
6.95868 5895
6.95898 6246
6.95952 2880
6.96011 3600
6.96094 2880
6.96119 3600
6.96148 4176
6.96177 4672
6.96205 5115
6.96232 5520
6.96261 5895
6.9629 6246
6.96317 6577
6.96347 2880
6.96377 3600
6.96406 4176
6.96434 4672
6.96463 5115
6.96487 5520
6.96516 5895
6.96544 6246
6.96573 6577
6.96602 2880
6.96629 3600
6.96658 4176
6.96687 4672
6.96715 5115
6.9674 5520
6.96768 5895
6.96797 6246
6.96825 6577
6.96856 2880
6.96886 3600
6.96909 4176
6.96931 4672
6.96955 5115
6.96984 5520
6.97012 5895
6.97041 6246
6.97096 2880
6.97154 3600
6.97235 2880
6.97263 3600
6.97291 4176
6.9732 4672
6.97349 5115
6.97377 5520
6.97407 5895
6.97436 2880
6.97465 3600
6.97493 4176
6.97519 4672
6.97545 5115
6.97572 5520
6.97601 5895
6.97627 6246
6.97629 6577
6.97653 6892
6.97656 7192
6.97683 7480
6.97686 7757
6.97713 8024
6.97741 2880
6.9777 3600
6.97794 4176
6.97823 4672
6.97852 5115
6.97878 5520
6.97905 5895
6.97934 6246
6.97962 6577
6.9799 2880
6.98019 3600
6.98048 4176
6.98076 4672
6.98104 5115
6.98132 5520
6.98162 5895
6.98221 2880
6.98271 3600
6.98301 4176
6.98325 4672
6.98352 5115
6.9838 5520
6.98406 5895
6.98435 6246
6.98463 6577
6.98493 2880
6.9852 3600
6.98548 4176
6.98578 4672
6.98604 5115
6.98631 5520
6.98658 5895
6.98688 6246
6.98769 2880
6.9885 3600
6.98938 2880
6.98965 3600
6.98993 4176
6.99023 4672
6.99051 5115
6.99079 5520
6.99106 5895
6.99136 6246
6.99194 2880
6.99245 3600
6.9927 4176
6.99296 4672
6.99326 5115
6.99382 2880
6.9941 3600
6.99436 4176
6.99466 4672
6.99493 5115
6.9952 5520
6.99542 5895
6.99569 6246
6.99571 6577
6.996 6892
6.99628 2880
6.99657 3600
6.99686 4176
6.99714 4672
6.99744 5115
6.99795 2880
6.99823 3600
6.99852 4176
6.99882 4672
6.99912 5115
6.99968 2880
6.99997 3600
7.0002 4176
7.00046 4672
7.00075 5115
7.00133 2880
7.0016 3600
7.00189 4176
7.00216 4672
7.00244 5115
7.00271 5520
7.00301 5895
7.00331 2880
7.00357 3600
7.00383 4176
7.00409 4672
7.00436 5115
7.00463 5520
7.00491 5895
7.00521 6246
7.00606 2880
7.00689 3600
7.00717 4176
7.00744 4672
7.00766 5115
7.00789 5520
7.00814 5895
7.0084 6246
7.00843 6577
7.00871 6892
7.00899 2880
7.00926 3600
7.00954 4176
7.00984 4672
7.01014 5115
7.0107 2880
7.01094 3600
7.0112 4176
7.01147 4672
7.01177 5115
7.01232 2880
7.01261 3600
7.01291 4176
7.01317 4672
7.01345 5115
7.01371 5520
7.01396 5895
7.01425 6246
7.0145 6577
7.01481 2880
7.01508 3600
7.01536 4176
7.01561 4672
7.0159 5115
7.01617 5520
7.01645 5895
7.01673 6246
7.01702 6577
7.01731 2880
7.01755 3600
7.01782 4176
7.01808 4672
7.01838 5115
7.01893 2880
7.01922 3600
7.01949 4176
7.01979 4672
7.02009 5115
7.02066 2880
7.02095 3600
7.02118 4176
7.02144 4672
7.0217 5115
7.02198 5520
7.02226 5895
7.02255 6246
7.02284 6577
7.02313 2880
7.02342 3600
7.0237 4176
7.02396 4672
7.02419 5115
7.02446 5520
7.02476 5895
7.02534 2880
7.02586 3600
7.02615 4176
7.02645 4672
7.02672 5115
7.027 5520
7.02727 5895
7.02749 6246
7.02751 6577
7.02773 6892
7.02775 7192
7.028 7480
7.02803 7757
7.02828 8024
7.0283 8282
7.02855 8532
7.02858 8775
7.02884 9011
7.02886 9241
7.02909 9465
7.02913 3600
7.02935 4176
7.02958 4672
7.0298 5115
7.03003 5520
7.03027 5895
7.03052 6246
7.03054 6577
7.03081 6892
7.03083 7192
7.03109 7480
7.03112 7757
7.03136 8024
7.03138 8282
7.03162 8532
7.03164 8775
7.03188 9011
7.03191 9241
7.03193 9465
7.03219 9684
7.03223 3600
7.03252 4176
7.03274 4672
7.03297 5115
7.03322 5520
7.03346 5895
7.03373 6246
7.03376 6577
7.03404 6892
7.03431 2880
7.03456 3600
7.0348 4176
7.03502 4672
7.03528 5115
7.03556 5520
7.03581 5895
7.0361 6246
7.03638 6577
7.03668 2880
7.03691 3600
7.03714 4176
7.03741 4672
7.03771 5115
7.03826 2880
7.03852 3600
7.03882 4176
7.03911 4672
7.03938 5115
7.03966 5520
7.03996 5895
7.04025 2880
7.04055 3600
7.04082 4176
7.04109 4672
7.24139 5115
7.24212 2880
7.24268 3600
7.24295 4176
7.24321 4672
7.24347 5115
7.24375 5520
7.24405 5895
7.24434 2880
7.2446 3600
7.24486 4176
7.24516 4672
7.24545 5115
7.24574 5520
7.24599 5895
7.24626 6246
7.24629 6577
7.24651 6892
7.24654 7192
7.24681 7480
7.24684 7757
7.24711 8024
7.24739 2880
7.24766 3600
7.24794 4176
7.24822 4672
7.24852 5115
7.24906 2880
7.24935 3600
7.24964 4176
7.2499 4672
7.25019 5115
7.25076 2880
7.25106 3600
7.25135 4176
7.25165 4672
7.25195 5115
7.25251 2880
7.25279 3600
7.25306 4176
7.45336 4672
7.4539 2880
7.4542 3600
7.45447 4176
7.65477 4672
7.65535 2880
7.65563 3600
7.65588 4176
7.65616 4672
7.65644 5115
7.65673 5520
7.65703 5895
7.65733 2880
7.65763 3600
7.6579 4176
7.65819 4672
7.65849 5115
7.65907 2880
7.65937 3600
7.65967 4176
7.65992 4672
7.66021 5115
7.66049 5520
7.66077 5895
7.66106 6246
7.66134 6577
7.66163 2880
7.66188 3600
7.86218 4176
7.86301 2880
7.86331 3600
7.86416 2880
7.86445 3600
7.86473 4176
7.86503 4672
7.86533 5115
7.86589 2880
7.86618 3600
7.86647 4176
7.86676 4672
7.86703 5115
7.8673 5520
7.8676 5895
7.86817 2880
7.86869 3600
7.86899 4176
7.86927 4672
7.86957 5115
7.87006 2880
7.8703 3600
7.87056 4176
8.07086 4672
8.07141 2880
8.0717 3600
8.072 4176
8.07225 4672
8.07252 5115
8.0728 5520
8.07309 5895
8.07339 6246
8.07396 2880
8.07454 3600
8.07484 4176
8.07513 4672
8.07541 5115
8.07566 5520
8.07591 5895
8.07616 6246
8.07619 6577
8.07647 6892
8.07672 2880
8.07701 3600
8.07731 4176
8.07761 4672
8.07791 5115
8.07843 2880
8.07871 3600
8.07901 4176
8.07923 4672
8.07951 5115
8.07978 5520
8.08006 5895
8.08036 6246
8.08091 2880
8.08147 3600
8.08221 2880
8.08251 3600
8.08332 2880
8.08362 3600
8.08446 2880
8.08475 3600
8.0856 2880
8.0859 3600
8.08675 2880
8.08705 3600
8.08789 2880
8.08818 3600
8.08905 2880
8.08932 3600
8.08962 4176
8.08991 4672
8.0902 5115
8.09071 2880
8.09101 3600
8.09128 4176
8.09158 4672
8.09185 5115
8.09214 5520
8.09244 5895
8.09271 2880
8.093 3600
8.09328 4176
8.09354 4672
8.09384 5115
8.0944 2880
8.0947 3600
8.09499 4176
8.09524 4672
8.09554 5115
8.09606 2880
8.09635 3600
8.09663 4176
8.0969 4672
8.09717 5115
8.09744 5520
8.09767 5895
8.09792 6246
8.09795 6577
8.09823 6892
8.09853 2880
8.09883 3600
8.09913 4176
8.09943 4672
8.09972 5115
8.09998 5520
8.10028 5895
8.10054 2880
8.10084 3600
8.10113 4176
8.10141 4672
8.10168 5115
8.10196 5520
8.10219 5895
8.10249 6246
8.10299 2880
8.10354 3600
8.10384 4176
8.30414 4672
8.305 2880
8.30552 3600
8.30582 4176
8.50611 4672
8.50699 2880
8.50756 3600
8.5084 2880
8.50867 3600
8.50897 4176
8.70927 4672
8.71015 2880
8.7107 3600
8.71097 4176
8.91127 4672
8.91186 2880
8.91216 3600
8.91245 4176
8.91272 4672
8.91297 5115
8.91326 5520
8.91356 5895
8.91413 2880
8.91469 3600
8.91497 4176
9.11527 4672
9.11584 2880
9.11614 3600
9.11643 4176
9.31672 4672
9.31763 2880
9.31811 3600
9.31839 4176
9.31869 4672
9.31898 5115
9.31924 5520
9.31953 5895
9.31983 6246
9.32038 2880
9.32093 3600
9.32121 4176
9.52151 4672
9.52238 2880
9.52293 3600
9.52323 4176
9.52352 4672
9.52379 5115
9.52406 5520
9.52436 5895
9.52466 2880
9.52496 3600
9.52521 4176
9.52546 4672
9.72576 5115
9.72664 2880
9.72719 3600
9.72747 4176
9.72774 4672
9.72804 5115
9.7286 2880
9.72889 3600
9.72918 4176
9.72944 4672
9.92974 5115
9.93053 2880
9.93111 3600
9.93141 4176
9.93171 4672
9.93201 5115
9.93249 2880
9.93274 3600
9.93297 4176
9.93326 4672
9.93356 5115
9.93407 2880
9.93436 3600
9.93466 4176
10.135 4672
10.1355 2880
10.1358 3600
10.1361 4176
10.1364 4672
10.1366 5115
10.1369 5520
10.1372 5895
10.1375 2880
10.1378 3600
10.1381 4176
10.1384 4672
10.1386 5115
10.1389 5520
10.1392 5895
10.1395 2880
10.1398 3600
10.1401 4176
10.1403 4672
10.1406 5115
10.1409 5520
10.1412 5895
10.142 2880
10.1429 3600
10.1432 4176
10.1435 4672
10.1438 5115
10.144 5520
10.1443 5895
10.1446 6246
10.1449 6577
10.1451 2880
10.1454 3600
10.1457 4176
10.146 4672
10.3463 5115
10.3471 2880
10.3477 3600
10.3479 4176
10.3482 4672
10.3485 5115
10.3488 5520
10.3491 5895
10.3493 2880
10.3496 3600
10.3499 4176
10.3502 4672
10.3504 5115
10.3507 5520
10.351 5895
10.3513 6246
10.3522 2880
10.353 3600
10.3533 4176
10.3535 4672
10.3538 5115
10.3541 5520
10.3543 5895
10.3546 6246
10.3555 2880
10.3563 3600
10.3566 4176
10.3569 4672
10.3572 5115
10.3575 5520
10.3577 5895
10.358 6246
10.3583 6577
10.3586 2880
10.3589 3600
10.3592 4176
10.3595 4672
10.3597 5115
10.36 5520
10.3603 5895
10.3606 6246
10.3609 6577
10.3612 2880
10.3615 3600
10.3618 4176
10.3621 4672
10.3623 5115
10.3626 5520
10.3629 5895
10.3632 2880
10.3635 3600
10.3638 4176
10.3641 4672
10.3643 5115
10.3648 2880
10.3651 3600
10.3654 4176
10.3657 4672
10.366 5115
10.3665 2880
10.3668 3600
10.3671 4176
10.3673 4672
10.3676 5115
10.3679 5520
10.3682 5895
10.3684 6246
10.3685 6577
10.3688 6892
10.3696 2880
10.3701 3600
10.5704 4176
11.5704 1440
11.7707 2880
11.771 3600
11.7713 4176
11.7715 4672
11.7718 5115
11.7721 5520
11.7723 5895
11.7726 6246
11.7729 6577
11.7732 2880
11.7735 3600
11.7738 4176
11.774 4672
11.7743 5115
11.7746 5520
11.7749 5895
11.7751 2880
11.7754 3600
11.7757 4176
11.776 4672
11.7762 5115
11.7765 5520
11.7768 5895
11.7771 2880
11.7774 3600
11.7777 4176
11.7779 4672
11.7782 5115
11.7785 5520
11.7788 5895
11.7791 6246
11.7794 6577
11.7802 2880
11.7808 3600
11.9811 4176
11.9819 2880
11.9822 3600
11.983 2880
11.9833 3600
11.9836 4176
11.9839 4672
11.9842 5115
11.9844 5520
11.9847 5895
11.985 6246
11.9853 6577
11.9856 2880
11.9859 3600
11.9861 4176
11.9864 4672
11.9866 5115
11.9868 5520
11.9871 5895
11.9874 6246
11.9879 2880
11.9885 3600
11.9888 4176
11.9891 4672
11.9894 5115
11.9899 2880
11.9902 3600
11.9905 4176
11.9908 4672
11.9911 5115
11.9913 5520
11.9916 5895
11.9919 6246
11.9922 6577
11.9925 2880
11.9927 3600
11.993 4176
11.9933 4672
11.9936 5115
11.9938 5520
11.9941 5895
11.9947 2880
11.9952 3600
11.9955 4176
12.1958 4672
12.1964 2880
12.1967 3600
12.197 4176
12.1972 4672
12.1975 5115
12.1981 2880
12.1983 3600
12.1985 4176
12.1988 4672
12.1991 5115
12.1993 5520
12.1996 5895
12.1999 6246
12.2002 6577
12.2011 2880
12.2016 3600
12.2019 4176
12.2022 4672
12.2025 5115
12.203 2880
12.2033 3600
12.2036 4176
12.2039 4672
12.2042 5115
12.2044 5520
12.2047 5895
12.2056 2880
12.2064 3600
12.2067 4176
12.207 4672
12.2073 5115
12.2076 5520
12.2078 5895
12.2081 6246
12.209 2880
12.2098 3600
12.2101 4176
12.2104 4672
12.2107 5115
12.211 5520
12.2113 5895
12.2115 6246
12.2115 6577
12.2118 6892
12.2118 7192
12.2121 7480
12.2121 7757
12.2123 8024
12.2124 8282
12.2126 8532
12.2126 8775
12.2129 9011
12.2132 3600
12.2137 4176
12.214 4672
12.2143 5115
12.2148 2880
12.2151 3600
12.2154 4176
12.2156 4672
12.2158 5115
12.2161 5520
12.2164 5895
12.2167 6246
12.2167 6577
12.217 6892
12.217 7192
12.2172 7480
12.2173 7757
12.2175 8024
12.2176 8282
12.2178 8532
12.2178 8775
12.2181 9011
12.2181 9241
12.2181 9465
12.2184 9684
12.2187 3600
12.2192 4176
12.4195 4672
12.4204 2880
12.4209 3600
12.4212 4176
12.4215 4672
12.4217 5115
12.422 5520
12.4223 5895
12.4225 6246
12.4226 6577
12.4228 6892
12.4228 7192
12.4231 7480
12.4231 7757
12.4234 8024
12.4236 2880
12.4239 3600
12.4241 4176
12.4244 4672
12.4247 5115
12.4253 2880
12.4255 3600
12.4257 4176
12.426 4672
12.4262 5115
12.4265 5520
12.4268 5895
12.4271 6246
12.4274 6577
12.4282 2880
12.4288 3600
12.6291 4176
12.6299 2880
12.6302 3600
12.6305 4176
12.6308 4672
12.6311 5115
12.6313 5520
12.6316 5895
12.6319 6246
12.6324 2880
12.633 3600
12.6333 4176
12.6336 4672
12.6339 5115
12.6342 5520
12.6344 5895
12.6347 6246
12.6347 6577
12.6349 6892
12.635 7192
12.6352 7480
12.6353 7757
12.6355 8024
12.6356 8282
12.6358 8532
12.6358 8775
12.6361 9011
12.6361 9241
12.6364 9465
12.6364 3600
12.6367 4176
12.6369 4672
12.6372 5115
12.6375 5520
12.6377 5895
12.638 6246
12.6383 6577
12.6386 2880
12.6389 3600
12.6392 4176
12.6395 4672
12.6397 5115
12.64 5520
12.6403 5895
12.6411 2880
12.6419 3600
12.6422 4176
12.6425 4672
12.6428 5115
12.6434 2880
12.6437 3600
12.644 4176
12.6443 4672
12.6445 5115
12.6448 5520
12.645 5895
12.6452 6246
12.6453 6577
12.6455 6892
12.6455 7192
12.6458 7480
12.6458 7757
12.6461 8024
12.6461 8282
12.6464 8532
12.6464 8775
12.6466 9011
12.6467 9241
12.6469 9465
12.6472 3600
12.6477 4176
12.648 4672
12.6483 5115
12.6489 2880
12.6492 3600
12.6494 4176
12.6497 4672
12.65 5115
12.6503 5520
12.6506 5895
12.6514 2880
12.6523 3600
12.6531 2880
12.6534 3600
12.6542 2880
12.6545 3600
12.6548 4176
12.6551 4672
12.6554 5115
12.6556 5520
12.6559 5895
12.6562 6246
12.6564 6577
12.6567 2880
12.657 3600
12.6573 4176
12.6575 4672
12.6578 5115
12.6584 2880
12.6587 3600
12.659 4176
12.6592 4672
12.6595 5115
12.6598 5520
12.6601 5895
12.6604 2880
12.6607 3600
12.661 4176
12.6612 4672
12.6615 5115
12.6618 5520
12.6621 5895
12.6624 6246
12.6629 2880
12.6634 3600
12.6637 4176
12.664 4672
12.6643 5115
12.6645 5520
12.6648 5895
12.6651 6246
12.6657 2880
12.6662 3600
12.6665 4176
12.6668 4672
12.6671 5115
12.6674 5520
12.6676 5895
12.6679 6246
12.6679 6577
12.6682 6892
12.6682 7192
12.6685 7480
12.6685 7757
12.6687 8024
12.6687 8282
12.669 8532
12.669 8775
12.6693 9011
12.6696 3600
12.6701 4176
12.6704 4672
12.6707 5115
12.671 5520
12.6713 5895
12.6716 6246
12.6718 6577
12.6722 2880
12.6724 3600
12.6727 4176
12.673 4672
12.6733 5115
12.6736 5520
12.6739 5895
12.6742 2880
12.6745 3600
12.6747 4176
12.675 4672
12.6752 5115
12.6755 5520
12.6758 5895
12.6761 2880
12.6764 3600
12.6767 4176
12.6769 4672
12.6772 5115
12.6778 2880
12.6781 3600
12.6784 4176
12.8787 4672
12.8795 2880
12.8801 3600
12.8804 4176
13.0807 4672
13.0813 2880
13.0816 3600
13.0819 4176
13.0822 4672
13.0825 5115
13.0829 2880
13.0832 3600
13.0835 4176
13.0838 4672
13.084 5115
13.0843 5520
13.0846 5895
13.0849 6246
13.0854 2880
13.086 3600
13.0869 2880
13.0871 3600
13.0874 4176
13.0877 4672
13.088 5115
13.0883 5520
13.0886 5895
13.0889 2880
13.0891 3600
13.0894 4176
13.0897 4672
13.0899 5115
13.0902 5520
13.0905 5895
13.0908 2880
13.0911 3600
13.0914 4176
13.0917 4672
13.092 5115
13.0925 2880
13.0928 3600
13.0931 4176
13.2934 4672
13.2939 2880
13.2942 3600
13.2945 4176
13.2948 4672
13.2951 5115
13.2957 2880
13.2959 3600
13.2962 4176
13.2965 4672
13.4968 5115
13.4977 2880
13.4983 3600
13.4991 2880
13.4994 3600
13.5002 2880
13.5005 3600
13.5007 4176
13.701 4672
13.7016 2880
13.7019 3600
13.7022 4176
13.7025 4672
13.7027 5115
13.703 5520
13.7033 5895
13.7039 2880
13.7045 3600
13.7053 2880
13.7056 3600
13.7059 4176
13.7062 4672
13.7065 5115
13.7067 5520
13.707 5895
13.7073 2880
13.7076 3600
13.7079 4176
13.7082 4672
13.7085 5115
13.7087 5520
13.709 5895
13.7093 2880
13.7096 3600
13.7099 4176
13.7102 4672
13.7104 5115
13.7107 5520
13.711 5895
13.7113 6246
13.7119 2880
13.7124 3600
13.7127 4176
13.713 4672
13.7133 5115
13.7135 5520
13.7138 5895
13.7141 6246
13.7144 6577
13.7152 2880
13.7158 3600
13.7161 4176
13.7164 4672
13.7166 5115
13.7169 5520
13.7172 5895
13.7175 6246
13.7183 2880
13.7191 3600
13.72 2880
13.7203 3600
13.7206 4176
13.7209 4672
13.7211 5115
13.7214 5520
13.7216 5895
13.7219 6246
13.7225 2880
13.723 3600
13.7233 4176
13.9236 4672
13.9242 2880
13.9245 3600
13.9247 4176
13.925 4672
13.9253 5115
13.9256 5520
13.9259 5895
13.9262 6246
13.9262 6577
13.9265 6892
13.9265 7192
13.9267 7480
13.9268 7757
13.927 8024
13.927 8282
13.9273 8532
13.9273 8775
13.9275 9011
13.9276 9241
13.9276 9465
13.9278 9684
13.9279 9898
13.9279 10107
13.9281 10312
13.9282 10513
13.9282 10710
13.9284 4320
13.9287 4800
13.929 5232
13.9293 5628
13.9296 5996
13.9298 2880
13.9301 3600
13.9304 4176
13.9307 4672
13.931 5115
13.9315 2880
13.9318 3600
13.9321 4176
13.9324 4672
13.9327 5115
13.9331 2880
13.9334 3600
13.9336 4176
13.9339 4672
13.9342 5115
13.9344 5520
13.9347 5895
13.9353 2880
13.9358 3600
13.9361 4176
13.9364 4672
13.9367 5115
13.9369 5520
13.9372 5895
13.9378 2880
13.9383 3600
13.9386 4176
13.9389 4672
13.9392 5115
13.9398 2880
13.94 3600
13.9402 4176
13.9405 4672
13.9408 5115
13.941 5520
13.9413 5895
13.9416 6246
13.9422 2880
13.9427 3600
13.943 4176
13.9432 4672
13.9435 5115
13.9438 5520
13.944 5895
13.9443 6246
13.9443 6577
13.9446 6892
13.9446 7192
13.9449 7480
13.9449 7757
13.9452 8024
13.9455 2880
13.9457 3600
13.9459 4176
13.9462 4672
13.9465 5115
13.947 2880
13.9473 3600
13.9475 4176
14.1478 4672
14.1484 2880
14.1487 3600
14.1489 4176
14.1492 4672
14.1495 5115
14.1501 2880
14.1504 3600
14.1506 4176
14.1509 4672
14.1512 5115
14.1514 5520
14.1517 5895
14.152 6246
14.1525 2880
14.1531 3600
14.1534 4176
14.1537 4672
14.154 5115
14.1545 2880
14.1548 3600
14.1551 4176
14.3554 4672
14.3559 2880
14.3562 3600
14.3565 4176
14.3568 4672
14.3571 5115
14.3576 2880
14.3578 3600
14.3581 4176
14.3584 4672
14.3587 5115
14.359 5520
14.3592 5895
14.3595 6246
14.3595 6577
14.3598 6892
14.3598 7192
14.3601 7480
14.3601 7757
14.3604 8024
14.3607 2880
14.3609 3600
14.3611 4176
14.3614 4672
14.3617 5115
14.3619 5520
14.3622 5895
14.3625 6246
14.3628 6577
14.363 2880
14.3633 3600
14.3636 4176
14.3639 4672
14.3642 5115
14.3645 5520
14.3647 5895
14.365 6246
14.3653 6577
14.3656 2880
14.3659 3600
14.3662 4176
14.3664 4672
14.3666 5115
14.3669 5520
14.3672 5895
14.3675 6246
14.3683 2880
14.3691 3600
14.3694 4176
14.3697 4672
14.3699 5115
14.3702 5520
14.3705 5895
14.3708 6246
14.371 6577
14.3713 2880
14.3716 3600
14.3719 4176
14.3721 4672
14.3724 5115
14.3727 5520
14.3729 5895
14.3732 2880
14.3735 3600
14.3738 4176
14.3741 4672
14.3743 5115
14.3746 5520
14.3749 5895
14.3752 2880
14.3755 3600
14.3757 4176
14.376 4672
