1 19755
1.00791 19859
1.00996 19963
1.01952 20066
1.02737 20169
1.04223 20271
1.0552 20373
1.06938 20474
1.07296 20575
1.08355 20675
1.09243 20775
1.10335 20874
1.11582 20973
1.12931 21071
1.14211 21169
1.15424 21266
1.16772 21363
1.18002 21460
1.19521 21556
1.20546 21652
1.21365 21747
1.22765 21842
1.23944 21936
1.2589 10080
1.3482 10285
1.37637 10486
1.39054 10683
1.40352 10877
1.43784 11067
1.45201 11254
1.46516 11438
1.4993 11619
1.51348 11797
1.52679 11972
1.56094 12145
1.56692 12315
1.58433 12483
1.60363 12649
1.62258 12812
1.63812 12973
1.65502 13132
1.66544 13289
1.68422 13445
1.69976 13599
1.71649 13751
1.7269 13901
1.74569 14050
1.76122 14197
1.77796 14343
1.78837 14487
1.80715 14630
1.82269 14771
1.83942 14911
1.84984 15050
1.85906 15187
1.86879 15323
1.88433 15458
1.90106 15592
1.91148 15724
1.9294 15855
1.94375 15985
1.95928 16114
1.97585 16242
1.99224 16369
2.00829 16495
2.02434 16620
2.03953 16744
2.05456 16867
2.06958 16989
2.08256 17111
2.09502 17232
2.10749 17352
2.11705 17471
2.12627 17589
2.13693 17706
2.14957 17823
2.1634 17939
2.16374 18054
2.17398 18168
2.18474 18282
2.19362 18395
2.20411 18507
2.22067 18619
2.22102 18730
2.23211 18840
2.24441 18950
2.25448 19059
2.26473 19167
2.28043 19275
2.28078 19382
2.29358 19488
2.30587 19594
2.31595 19699
2.32619 19804
2.3419 19908
2.3448 20012
2.35539 20115
2.36837 20218
2.37742 20320
2.38766 20422
2.40337 20523
2.41071 20624
2.42386 20724
2.43649 20824
2.44588 20923
2.45613 21022
2.46723 21120
2.47918 21218
2.4913 21315
2.50155 21412
2.51162 21508
2.52579 21604
2.53399 21699
2.54884 21794
2.56438 21889
2.57548 21983
2.59153 22077
2.60911 22170
2.62431 22263
2.65214 10080
2.82493 10285
2.84457 10486
2.8613 10683
2.87735 10877
2.90603 11067
2.92277 11254
2.93882 11438
2.9675 11619
2.98423 11797
3.00028 11972
3.02897 12145
3.03802 12315
3.05424 12483
3.06192 12649
3.09061 12812
3.10751 12973
3.11587 13132
3.13175 13289
3.15224 13445
3.16915 13599
3.18503 13751
3.20108 13901
3.21781 14050
3.23317 14197
3.24376 14343
3.25545 14487
3.27269 14630
3.28857 14771
3.30274 14911
3.30982 15050
3.31016 15187
3.32758 15323
3.34312 15458
3.36122 15592
3.36788 15724
3.36822 15855
3.38247 15985
3.39766 16114
3.42003 16242
3.42669 16369
3.42703 16495
3.43949 16620
3.45469 16744
3.47723 16867
3.48389 16989
3.48423 17111
3.49669 17232
3.51616 17352
3.53869 17471
3.54535 17589
3.54723 17706
3.55816 17823
3.57626 17939
3.5766 18054
3.59931 18168
3.60631 18282
3.60802 18395
3.61911 18507
3.63755 18619
3.6379 18730
3.66095 18840
3.67273 18950
3.68041 19059
3.69731 19167
3.70414 19275
3.71849 19382
3.73437 19488
3.75178 19594
3.76629 19699
3.7832 19804
3.79822 19908
3.81666 20012
3.83305 20115
3.85645 8640
3.94609 8880
3.98331 9113
4.00004 9340
4.00772 9562
4.04494 9778
4.06168 9990
4.06936 10197
4.10658 10400
4.12366 10599
4.131 10794
4.16805 10986
4.18512 11174
4.19247 11359
4.22952 11541
4.24659 11720
4.2541 11896
4.29098 12070
4.29798 12241
4.30823 12410
4.32445 12577
4.35262 12741
4.36816 12903
4.38472 13063
4.4006 13221
4.41426 13377
4.4298 13532
4.44636 13685
4.46207 13836
4.47573 13985
4.49126 14133
4.50646 14279
4.51644 14424
4.5301 14567
4.54718 14709
4.56527 14849
4.57159 14988
4.57193 15126
4.58516 15263
4.60309 15398
4.62375 15532
4.63023 15665
4.63092 15797
4.63987 15928
4.65848 16058
4.68341 16187
4.69041 16315
4.69075 16442
4.69997 16568
4.71671 16693
4.74249 16817
4.75 16940
4.75034 17062
4.76059 17183
4.77817 17303
4.80396 17422
4.81147 17541
4.81369 17659
4.82205 17776
4.83845 17892
4.83879 18007
4.86542 18122
4.87277 18236
4.87567 18349
4.88369 18462
4.90008 18574
4.90538 18685
4.92706 18795
4.9344 18905
4.94465 19014
4.95814 19123
4.96855 19231
4.98665 19338
5.00321 19445
5.0196 19551
5.03856 19657
5.05256 19762
5.06946 19866
5.08756 19970
5.11232 8640
5.21015 8880
5.23918 9113
5.25523 9340
5.27179 9562
5.30082 9778
5.31704 9990
5.3336 10197
5.36245 10400
5.37867 10599
5.39524 10794
5.42392 10986
5.44014 11174
5.4567 11359
5.48539 11541
5.50178 11720
5.51817 11896
5.54685 12070
5.55505 12241
5.56342 12410
5.57998 12577
5.60849 12741
5.61686 12903
5.62505 13063
5.64162 13221
5.67013 13377
5.6785 13532
5.68669 13685
5.70308 13836
5.7316 13985
5.73996 14133
5.74816 14279
5.76353 14424
5.78597 14567
5.79434 14709
5.80407 14849
5.82388 14988
5.82422 15126
5.84086 15263
5.84888 15398
5.86203 15532
5.88286 15665
5.8832 15797
5.89754 15928
5.90343 16058
5.91777 16187
5.94304 16315
5.94338 16442
5.95806 16568
5.96319 16693
5.97753 16817
6.00297 16940
6.00331 17062
6.01902 17183
6.02482 17303
6.03951 17422
6.06444 17541
6.06939 17659
6.08066 17776
6.08646 17892
6.08971 18007
6.10115 18122
6.12624 18236
6.13478 18349
6.14229 18462
6.1481 18574
6.15903 18685
6.17525 18795
6.18788 18905
6.19642 19014
6.20393 19123
6.20974 19231
6.22067 19338
6.23689 19445
6.25328 19551
6.26984 19657
6.28623 19762
6.30126 19866
6.31901 19970
6.33848 20073
6.35504 20176
6.37826 9360
6.53398 9581
6.56317 9797
6.57974 10008
6.59596 10215
6.62481 10417
6.64137 10616
6.65759 10811
6.68628 11002
6.70284 11190
6.71906 11375
6.74775 11557
6.76431 11736
6.78053 11912
6.80921 12086
6.8169 12257
6.82595 12426
6.84217 12592
6.87085 12756
6.8869 12918
6.9021 13078
6.91815 13236
6.93249 13392
6.94854 13546
6.96373 13699
6.97961 13850
6.99396 13999
7.01001 14147
7.01923 14293
7.03399 14438
7.04833 14581
7.06814 14723
7.07821 14863
7.08836 15002
7.0887 15140
7.10322 15276
7.12644 15411
7.13668 15545
7.14573 15678
7.14607 15810
7.15819 15941
7.18329 16071
7.19542 16200
7.20378 16328
7.20412 16454
7.21727 16580
7.24339 16705
7.25552 16829
7.26423 16952
7.26457 17074
7.27891 17195
7.30503 17315
7.31698 17434
7.32569 17552
7.32911 17670
7.34055 17787
7.36701 17903
7.37111 18018
7.37862 18133
7.38733 18247
7.39314 18360
7.40218 18472
7.42865 18584
7.44248 18695
7.45546 18805
7.46707 18915
7.48346 19024
7.49934 19132
7.51761 19240
7.53434 19347
7.55175 19454
7.5772 8640
7.72198 8880
7.75886 9113
7.77491 9340
7.78362 9562
7.8205 9778
7.83655 9990
7.84526 10197
7.88214 10400
7.89819 10599
7.9069 10794
7.94361 10986
7.95966 11174
7.96837 11359
8.00507 11541
8.0213 11720
8.02983 11896
8.06654 12070
8.0732 12241
8.08293 12410
8.09147 12577
8.12818 12741
8.14184 12903
8.15464 13063
8.16796 13221
8.18982 13377
8.20365 13532
8.21628 13685
8.23131 13836
8.25128 13985
8.26511 14133
8.27775 14279
8.29278 14424
8.31275 14567
8.32658 14709
8.33922 14849
8.35424 14988
8.36244 15126
8.37439 15263
8.38822 15398
8.40085 15532
8.41588 15665
8.42408 15797
8.43603 15928
8.44798 16058
8.45891 16187
8.47342 16315
8.48298 16442
8.49408 16568
8.50552 16693
8.51611 16817
8.53147 16940
8.53916 17062
8.5506 17183
8.56323 17303
8.57535 17422
8.59226 17541
8.60011 17659
8.61206 17776
8.6247 17892
8.62914 18007
8.63699 18122
8.65389 18236
8.66192 18349
8.6737 18462
8.68651 18574
8.6947 18685
8.70768 18795
8.72339 18905
8.73995 19014
8.74985 19123
8.76573 19231
8.78349 19338
8.79971 19445
8.81149 19551
8.82617 19657
8.84461 19762
8.87193 8640
9.03123 8880
9.0565 9113
9.0758 9340
9.0927 9562
9.11848 9778
9.13778 9990
9.15468 10197
9.18012 10400
9.19976 10599
9.21632 10794
9.24159 10986
9.26122 11174
9.27779 11359
9.30306 11541
9.32269 11720
9.33925 11896
9.36452 12070
9.3705 12241
9.38433 12410
9.40089 12577
9.42616 12741
9.43948 12903
9.45211 13063
9.46253 13221
9.4878 13377
9.50146 13532
9.51409 13685
9.52895 13836
9.54927 13985
9.56292 14133
9.57556 14279
9.59076 14424
9.61073 14567
9.62456 14709
9.63703 14849
9.65222 14988
9.65905 15126
9.67186 15263
9.68279 15398
9.69337 15532
9.70925 15665
9.71591 15797
9.73042 15928
9.74118 16058
9.75074 16187
9.7685 16315
9.77721 16442
9.79206 16568
9.80401 16693
9.81972 16817
9.83731 16940
9.85165 17062
9.86428 17183
9.87538 17303
9.89126 17422
9.90834 17541
9.91414 17659
9.92626 17776
9.93992 17892
9.96144 18007
9.97407 18122
9.98602 18236
9.99729 18349
10.0156 18462
10.0306 18574
10.047 18685
10.0589 18795
10.0781 18905
10.0992 8640
10.1933 8880
10.2309 9113
10.2459 9340
10.263 9562
10.2927 9778
10.3084 9990
10.3253 10197
10.3543 10400
10.37 10599
10.3871 10794
10.4158 10986
10.4315 11174
10.4486 11359
10.4772 11541
10.493 11720
10.51 11896
10.5387 12070
10.5466 12241
10.5546 12410
10.5717 12577
10.6004 12741
10.615 12903
10.6287 13063
10.6406 13221
10.662 13377
10.6767 13532
10.6903 13685
10.7028 13836
10.7235 13985
10.7381 14133
10.7518 14279
10.7643 14424
10.7849 14567
10.7996 14709
10.8133 14849
10.8257 14988
10.8302 15126
10.8471 15263
10.8616 15398
10.8746 15532
10.8819 15665
10.885 15797
10.9016 15928
10.9194 16058
10.9335 16187
10.9417 16315
10.9455 16442
10.9593 16568
10.9779 16693
10.9931 16817
11.0022 16940
11.0054 17062
11.0203 17183
11.0396 17303
11.0548 17422
11.0638 17541
11.0701 17659
11.0821 17776
11.1013 17892
11.1157 18007
11.1275 18122
11.1398 18236
11.1512 18349
11.1707 18462
11.1838 18574
11.1951 18685
11.2099 18795
11.2263 18905
11.249 8640
11.3464 8880
11.3733 9113
11.3918 9340
11.408 9562
11.435 9778
11.4538 9990
11.4696 10197
11.4966 10400
11.5154 10599
11.5313 10794
11.5581 10986
11.5769 11174
11.5928 11359
11.6196 11541
11.6383 11720
11.6542 11896
11.681 12070
11.6875 12241
11.7 12410
11.7159 12577
11.7427 12741
11.7575 12903
11.772 13063
11.7865 13221
11.8043 13377
11.8192 13532
11.8337 13685
11.8484 13836
11.8658 13985
11.8806 14133
11.8951 14279
11.9102 14424
11.9272 14567
11.9423 14709
11.9566 14849
11.9718 14988
11.9783 15126
11.9889 15263
12.0039 15398
12.0182 15532
12.0331 15665
12.036 15797
12.0447 15928
12.059 16058
12.0733 16187
12.089 16315
12.0919 16442
12.0994 16568
12.1138 16693
12.1293 16817
12.1453 16940
12.1491 17062
12.1566 17183
12.1725 17303
12.1897 17422
12.207 17541
12.2102 17659
12.2181 17776
12.2335 17892
12.2338 18007
12.2507 18122
12.2686 18236
12.2758 18349
12.2895 18462
12.3029 18574
12.3185 18685
12.3311 18795
12.3422 18905
12.3572 19014
12.3728 19123
12.3868 19231
12.398 19338
12.4127 19445
12.4254 19551
12.4426 19657
12.4581 19762
12.4733 19866
12.4877 19970
12.5049 20073
12.5288 8640
12.6769 8880
12.7127 9113
12.7303 9340
12.7448 9562
12.7744 9778
12.7919 9990
12.8065 10197
12.836 10400
12.8536 10599
12.8681 10794
12.8975 10986
12.9151 11174
12.9296 11359
12.9589 11541
12.9765 11720
12.991 11896
13.0204 12070
13.0274 12241
13.0382 12410
13.0527 12577
13.082 12741
13.0966 12903
13.1114 13063
13.1246 13221
13.1437 13377
13.1582 13532
13.173 13685
13.1882 13836
13.2051 13985
13.2197 14133
13.2345 14279
13.2497 14424
13.2603 14567
13.2744 14709
13.2889 14849
13.3049 14988
13.3053 15126
13.3176 15263
13.3299 15398
13.3434 15532
13.3614 15665
13.3617 15797
13.3754 15928
13.3885 16058
13.4034 16187
13.423 16315
13.4242 16442
13.437 16568
13.45 16693
13.4648 16817
13.4845 16940
13.4892 17062
13.4997 17183
13.5125 17303
13.5282 17422
13.5463 17541
13.5534 17659
13.5662 17776
13.5813 17892
13.5951 18007
13.6079 18122
13.6228 18236
13.6359 18349
13.6496 18462
13.6658 18574
13.6822 18685
13.697 18795
13.7114 18905
13.7293 19014
13.7464 19123
13.7624 19231
13.7875 8640
13.8837 8880
13.9163 9113
13.9321 9340
13.946 9562
13.9779 9778
13.9938 9990
14.0076 10197
14.0395 10400
14.0554 10599
14.0693 10794
14.101 10986
14.1169 11174
14.1307 11359
14.1625 11541
14.1784 11720
14.1922 11896
14.2239 12070
14.233 12241
14.24 12410
14.2538 12577
14.2856 12741
14.2946 12903
14.3016 13063
14.3155 13221
14.3472 13377
14.3563 13532
14.371 13685
14.3851 13836
14.4087 13985
14.4177 14133
14.4336 14279
14.4481 14424
14.4703 14567
14.4787 14709
14.4924 14849
14.5038 14988
14.5041 15126
14.5252 15263
14.5332 15398
14.5489 15532
14.5621 15665
14.5624 15797
14.5805 15928
14.5904 16058
14.6051 16187
14.62 16315
14.6203 16442
14.6398 16568
14.6512 16693
14.6666 16817
14.6814 16940
14.6864 17062
14.7012 17183
14.7127 17303
14.7281 17422
14.7433 17541
14.752 17659
14.766 17776
14.7801 17892
14.7943 18007
14.8121 18122
14.8242 18236
14.8355 18349
14.8495 18462
14.8629 18574
14.8769 18685
14.8944 18795
14.9092 18905
14.9234 19014
14.9393 19123
14.9567 19231
14.9726 19338
14.9971 8640
15.0957 8880
15.1247 9113
15.1416 9340
15.1575 9562
15.1863 9778
15.2032 9990
15.2191 10197
15.248 10400
15.2649 10599
15.2807 10794
15.3094 10986
15.3263 11174
15.3422 11359
15.3709 11541
15.3878 11720
15.4037 11896
15.4324 12070
15.4414 12241
15.4494 12410
15.4653 12577
15.494 12741
15.5107 12903
15.5244 13063
15.5381 13221
15.5556 13377
15.5724 13532
15.586 13685
15.6011 13836
15.6171 13985
15.6338 14133
15.6475 14279
15.6627 14424
15.6786 14567
15.6953 14709
15.7091 14849
15.7233 14988
15.7237 15126
15.7383 15263
15.7542 15398
15.7657 15532
15.7784 15665
15.7787 15797
15.7939 15928
15.8101 16058
15.8224 16187
15.8366 16315
15.8369 16442
15.852 16568
15.8718 16693
15.8839 16817
15.8981 16940
15.9011 17062
15.9153 17183
15.9337 17303
15.9454 17422
15.9595 17541
15.9645 17659
15.9812 17776
15.9956 17892
16.0123 18007
16.0239 18122
16.0386 18236
16.0521 18349
16.0685 18462
16.0787 18574
16.0944 18685
16.1069 18795
16.1233 18905
16.1465 8640
16.2409 8880
16.2718 9113
16.2882 9340
16.3046 9562
16.3335 9778
16.3498 9990
16.3662 10197
16.3988 10400
16.4127 10599
16.4279 10794
16.4603 10986
16.4741 11174
16.4893 11359
16.5219 11541
16.5356 11720
16.5508 11896
16.5836 12070
16.5904 12241
16.6058 12410
16.6194 12577
16.6452 12741
16.6608 12903
16.6743 13063
16.6883 13221
16.7069 13377
16.7224 13532
16.7359 13685
16.7497 13836
16.7683 13985
16.7839 14133
16.7974 14279
16.8112 14424
16.8298 14567
16.8453 14709
16.8588 14849
16.8728 14988
16.8829 15126
16.8914 15263
16.907 15398
16.9205 15532
16.9336 15665
16.9413 15797
16.9478 15928
16.962 16058
16.9771 16187
16.9897 16315
16.9975 16442
17.0023 16568
17.0167 16693
17.0336 16817
17.0482 16940
17.0555 17062
17.0608 17183
17.075 17303
17.0941 17422
17.1098 17541
17.1171 17659
17.1223 17776
17.1364 17892
17.1417 18007
17.1559 18122
17.1714 18236
17.1789 18349
17.1957 18462
17.2071 18574
17.2276 18685
17.2413 18795
17.2556 18905
17.2688 19014
17.2841 19123
17.2966 19231
17.3068 19338
17.32 19445
17.3369 19551
17.3593 8640
17.4438 8880
17.4813 9113
17.4994 9340
17.5158 9562
17.543 9778
17.5611 9990
17.5776 10197
17.6053 10400
17.6227 10599
17.6393 10794
17.6669 10986
17.6842 11174
17.7007 11359
17.7284 11541
17.7456 11720
17.7622 11896
17.7899 12070
17.7979 12241
17.8073 12410
17.824 12577
17.8515 12741
17.8595 12903
17.8689 13063
17.8857 13221
17.9131 13377
17.928 13532
17.944 13685
17.9582 13836
17.9746 13985
17.9895 14133
18.0055 14279
18.0199 14424
18.0361 14567
18.0509 14709
18.067 14849
18.0815 14988
18.089 15126
18.1059 15263
18.1213 15398
18.1286 15532
18.1433 15665
18.1506 15797
18.1675 15928
18.1829 16058
18.188 16187
18.2008 16315
18.208 16442
18.2241 16568
18.2382 16693
18.2437 16817
18.2554 16940
18.2644 17062
18.2817 17183
18.2959 17303
18.3018 17422
18.3141 17541
18.3247 17659
18.3431 17776
18.3573 17892
18.3621 18007
18.37 18122
18.3758 18236
18.3863 18349
18.4048 18462
18.419 18574
18.4304 18685
18.4466 18795
18.4652 18905
18.4789 19014
18.4925 19123
18.5057 19231
18.52 19338
18.5345 19445
18.5542 8640
18.643 8880
18.6775 9113
18.695 9340
18.7113 9562
18.7391 9778
18.7567 9990
18.7729 10197
18.8007 10400
18.8183 10599
18.8345 10794
18.8622 10986
18.8798 11174
18.8965 11359
18.9238 11541
18.9413 11720
18.9582 11896
18.9853 12070
18.9935 12241
19.0031 12410
19.02 12577
19.0469 12741
19.062 12903
19.0736 13063
19.0901 13221
19.1086 13377
19.1236 13532
19.1352 13685
19.1516 13836
19.17 13985
19.1851 14133
19.1967 14279
19.2131 14424
19.2315 14567
19.2467 14709
19.2582 14849
19.2745 14988
19.2831 15126
19.2932 15263
19.3084 15398
19.3198 15532
19.3362 15665
19.3521 15797
19.3681 15928
19.3826 16058
19.3975 16187
19.4089 16315
19.4178 16442
19.4286 16568
19.4408 16693
19.4533 16817
19.4633 16940
19.4734 17062
19.4838 17183
19.4969 17303
19.5106 17422
19.5205 17541
19.5306 17659
19.5427 17776
19.5569 17892
19.5572 18007
19.5724 18122
19.5823 18236
19.5924 18349
19.6043 18462
19.6187 18574
19.6304 18685
19.6436 18795
19.6578 18905
19.6735 19014
19.6878 19123
19.703 19231
19.7191 19338
19.7329 19445
19.7491 19551
19.7617 19657
19.78 8640
19.8606 8880
19.9011 9113
19.9176 9340
19.9337 9562
19.9627 9778
19.9793 9990
19.9953 10197
20.0244 10400
20.0411 10599
20.0575 10794
20.0858 10986
20.1027 11174
20.1188 11359
20.1475 11541
20.1642 11720
20.1804 11896
20.2091 12070
20.2161 12241
20.2328 12410
20.242 12577
20.2709 12741
20.2777 12903
20.2945 13063
20.3037 13221
20.3325 13377
20.3486 13532
20.3561 13685
20.3699 13836
20.394 13985
20.4101 14133
20.4176 14279
20.4314 14424
20.4555 14567
20.4715 14709
20.479 14849
20.4929 14988
20.5017 15126
20.5171 15263
20.5332 15398
20.5499 15532
20.5649 15665
20.5815 15797
20.5967 15928
20.6124 16058
20.6267 16187
20.6411 16315
20.6517 16442
20.6587 16568
20.6716 16693
20.6832 16817
20.6956 16940
20.7064 17062
20.7151 17183
20.7299 17303
20.7414 17422
20.7537 17541
20.7622 17659
20.7716 17776
20.789 17892
20.7894 18007
20.8023 18122
20.8155 18236
20.8244 18349
20.8336 18462
20.8506 18574
20.8629 18685
20.8723 18795
20.8863 18905
20.9044 19014
20.9188 19123
20.9311 19231
20.9451 19338
20.9609 19445
20.9739 19551
20.9888 19657
21 19762
21.0158 19866
21.0356 8640
21.1271 8880
21.1568 9113
21.1739 9340
21.1892 9562
21.2184 9778
21.2355 9990
21.2509 10197
21.2801 10400
21.2973 10599
21.3134 10794
21.3417 10986
21.3588 11174
21.375 11359
21.4032 11541
21.4202 11720
21.4366 11896
21.4646 12070
21.471 12241
21.4819 12410
21.4984 12577
21.5263 12741
21.5406 12903
21.5573 13063
21.5727 13221
21.5879 13377
21.6023 13532
21.619 13685
21.6342 13836
21.6494 13985
21.6637 14133
21.6806 14279
21.6958 14424
21.7108 14567
21.7252 14709
21.7423 14849
21.7575 14988
21.7641 15126
21.7802 15263
21.7966 15398
21.813 15532
21.8273 15665
21.8435 15797
21.8573 15928
21.8701 16058
21.8843 16187
21.8993 16315
21.9052 16442
21.9149 16568
21.925 16693
21.9397 16817
21.957 16940
21.9635 17062
21.9737 17183
21.9826 17303
21.9947 17422
