1 5520
1.03698 5895
1.07842 6246
1.10192 6577
1.14176 6892
1.182 7192
1.22025 7480
1.25929 7757
1.29674 8024
1.33419 8282
1.37164 8532
1.40949 8775
1.44693 9011
1.48438 9241
1.52183 9465
1.55928 9684
1.61147 3600
1.68996 4176
1.73139 4672
1.77322 5115
1.81466 5520
1.85609 5895
1.89752 6246
1.91944 6577
1.96007 6892
1.99991 7192
2.03896 7480
2.07641 7757
2.11425 8024
2.15011 8282
2.18676 8532
2.22381 8775
2.26086 9011
2.29752 9241
2.33417 9465
2.37042 9684
2.42142 3600
2.5011 4176
2.54731 4672
2.58954 5115
2.63098 5520
2.67241 5895
2.71384 6246
2.73376 6577
2.75568 6892
2.79352 7192
2.83257 7480
2.86882 7757
2.90468 8024
2.94173 8282
2.97958 8532
3.01623 8775
3.05447 9011
3.09352 9241
3.13097 9465
3.17081 9684
3.22897 3600
3.31742 4176
3.36164 4672
3.40387 5115
3.4453 5520
3.48674 5895
3.52817 6246
3.54729 6577
3.57 6892
3.60984 7192
3.64729 7480
3.68634 7757
3.721 8024
3.75884 8282
3.79749 8532
3.83613 8775
3.87438 9011
3.91342 9241
3.95207 9465
3.99071 9684
4.04649 3600
4.13453 4176
4.17676 4672
4.21939 5115
4.26083 5520
4.30226 5895
4.34369 6246
4.36481 6577
4.38553 6892
4.40664 7192
4.42736 7480
4.44847 7757
4.46919 8024
4.50624 8282
4.54409 8532
4.58393 8775
4.62178 9011
4.65763 9241
4.69787 9465
4.73731 9684
4.79667 3600
4.89109 4176
4.93253 4672
4.97436 5115
5.01619 5520
5.05802 5895
5.09946 6246
5.14448 6577
5.18471 6892
5.22336 7192
5.2624 7480
5.30145 7757
5.3373 8024
5.37754 8282
5.41499 8532
5.45284 8775
5.49228 9011
5.53132 9241
5.57116 9465
5.6106 9684
5.66678 3600
5.75642 4176
5.79785 4672
5.83968 5115
5.88112 5520
5.92255 5895
5.96398 6246
5.9851 6577
6.02693 6892
6.06279 7192
6.10183 7480
6.14047 7757
6.17872 8024
6.21617 8282
6.25203 8532
6.29226 8775
6.33091 9011
6.37075 9241
6.41059 9465
6.44923 9684
6.5066 3600
6.59385 4176
6.63648 4672
6.67871 5115
6.72014 5520
6.76158 5895
6.80301 6246
6.82373 6577
6.84484 6892
6.88508 7192
6.92412 7480
6.96118 7757
7.00062 8024
7.03448 8282
7.06994 8532
7.10938 8775
7.15081 9011
7.19225 9241
7.23209 9465
7.28826 3600
7.35997 4176
7.4022 4672
7.44404 5115
7.48547 5520
7.5269 5895
7.56873 6246
7.59622 6577
7.63686 6892
7.6767 7192
7.71534 7480
7.7508 7757
7.79024 8024
7.83048 8282
7.86594 8532
7.90498 8775
7.94482 9011
7.98466 9241
8.02371 9465
8.06195 9684
8.11813 3600
8.21016 4176
8.25159 4672
8.29422 5115
8.33565 5520
8.37748 5895
8.41932 6246
8.44441 6577
8.48465 6892
8.52609 7192
8.56473 7480
8.60059 7757
8.63844 8024
8.67509 8282
8.71294 8532
8.75118 8775
8.78863 9011
8.82688 9241
8.86672 9465
8.90576 9684
8.96154 3600
9.05197 4176
9.095 4672
9.13763 5115
9.18305 5520
9.22607 5895
9.26751 6246
9.2938 6577
9.33324 6892
9.37468 7192
9.41531 7480
9.45157 7757
9.48623 8024
9.52527 8282
9.56312 8532
9.60137 8775
9.6416 9011
9.68184 9241
9.72168 9465
9.75993 9684
9.8165 3600
9.90176 4176
9.94479 4672
9.98821 5115
10.0296 5520
10.0711 5895
10.1137 6246
10.1372 6577
10.1771 6892
10.2185 7192
10.2559 7480
10.2918 7757
10.3292 8024
10.3691 8282
10.4077 8532
10.4464 8775
10.4866 9011
10.5249 9241
10.5623 9465
10.6006 9684
10.6555 3600
10.7436 4176
10.785 4672
10.8272 5115
10.8687 5520
10.9101 5895
10.9515 6246
10.9715 6577
10.9934 6892
11.032 7192
11.066 7480
11.097 7757
11.1254 8024
11.1585 8282
11.1899 8532
11.2194 8775
11.2489 9011
11.2808 9241
11.3131 9465
11.3425 9684
11.3728 9898
11.4174 3600
11.4605 4176
11.4987 4672
11.5405 5115
11.582 5520
11.6238 5895
11.6652 6246
11.6852 6577
11.7071 6892
11.727 7192
11.7489 7480
11.7688 7757
11.7907 8024
11.8222 8282
11.8533 8532
11.8844 8775
11.9146 9011
11.9457 9241
11.9768 9465
12.0067 9684
12.0381 9898
12.0851 3600
12.1477 4176
12.1895 4672
12.2266 5115
12.268 5520
12.3098 5895
12.3509 6246
12.3517 6577
12.3927 6892
12.4337 7192
12.4676 7480
12.5035 7757
12.5361 8024
12.5676 8282
12.5987 8532
12.6298 8775
12.6592 9011
12.6907 9241
12.721 9465
12.7505 9684
12.78 9898
12.8262 3600
12.8895 4176
12.925 4672
12.9656 5115
13.007 5520
13.0485 5895
13.0899 6246
13.1106 6577
13.1317 6892
13.17 7192
13.2082 7480
13.2453 7757
13.2768 8024
13.3078 8282
13.3385 8532
13.37 8775
13.4007 9011
13.4313 9241
13.4608 9465
13.4895 9684
13.5202 9898
13.5684 3600
13.6242 4176
13.6608 4672
13.7034 5115
13.7449 5520
13.7859 5895
13.8277 6246
13.8441 6577
13.8696 6892
13.9042 7192
13.9417 7480
13.9791 7757
14.0102 8024
14.0413 8282
14.0724 8532
14.1018 8775
14.1329 9011
14.1628 9241
14.1907 9465
14.2218 9684
14.252 9898
14.3006 3600
14.3528 4176
14.3907 4672
14.4325 5115
14.4739 5520
14.5158 5895
14.5572 6246
14.5763 6577
14.5998 6892
14.6186 7192
14.6417 7480
14.6604 7757
14.6835 8024
14.715 8282
14.7461 8532
14.7771 8775
14.8082 9011
14.8373 9241
14.868 9465
14.8978 9684
14.9265 9898
14.9719 3600
15.0353 4176
15.0783 4672
15.1198 5115
15.1612 5520
15.2026 5895
15.2441 6246
15.2576 6577
15.2859 6892
15.3237 7192
15.362 7480
15.3946 7757
15.4293 8024
15.4604 8282
15.4915 8532
15.5217 8775
15.5508 9011
15.5819 9241
15.6114 9465
15.6393 9684
15.6703 9898
15.717 3600
15.7763 4176
15.8134 4672
15.856 5115
15.8974 5520
15.9373 5895
15.9787 6246
15.9911 6577
16.0401 6892
16.0759 7192
16.1094 7480
16.1448 7757
16.1759 8024
16.207 8282
16.2381 8532
16.2683 8775
16.299 9011
16.3305 9241
16.3576 9465
16.3887 9684
16.4185 9898
16.4659 3600
16.5141 4176
16.5544 4672
16.5966 5115
16.6381 5520
16.6795 5895
16.7209 6246
16.7408 6577
16.7631 6892
16.7827 7192
16.805 7480
16.8245 7757
16.8468 8024
16.8783 8282
16.9094 8532
16.9404 8775
16.9715 9011
17.001 9241
17.0317 9465
17.0616 9684
17.091 9898
17.1368 3600
17.1986 4176
17.2388 4672
17.2799 5115
17.3213 5520
17.3635 5895
17.4046 6246
17.4054 6577
17.4464 6892
17.4811 7192
17.5177 7480
17.5544 7757
17.5874 8024
17.6185 8282
17.6496 8532
17.6807 8775
17.7109 9011
17.7428 9241
17.7731 9465
17.7994 9684
17.8297 9898
17.8759 3600
17.9368 4176
17.9695 4672
18.0109 5115
18.0524 5520
18.0938 5895
18.1352 6246
18.152 6577
18.1771 6892
18.1938 7192
18.2189 7480
18.2356 7757
18.2607 8024
18.2934 8282
18.3245 8532
18.3556 8775
18.3866 9011
18.4161 9241
18.4476 9465
18.4771 9684
18.5065 9898
18.5504 3600
18.6145 4176
18.6563 4672
18.693 5115
18.7344 5520
18.7763 5895
18.8177 6246
18.8205 6577
18.8595 6892
18.8914 7192
18.9296 7480
18.9639 7757
18.9982 8024
19.0324 8282
19.0635 8532
19.0946 8775
19.1253 9011
19.1551 9241
19.185 9465
19.2153 9684
19.244 9898
19.2902 3600
19.3539 4176
19.3934 4672
19.4316 5115
19.4731 5520
19.5149 5895
19.5543 6246
19.5551 6577
19.5962 6892
19.6348 7192
19.6687 7480
19.7069 7757
19.7416 8024
19.7727 8282
19.8037 8532
19.8324 8775
19.8631 9011
19.8934 9241
19.9213 9465
19.9523 9684
19.981 9898
20.0272 3600
20.0878 4176
20.1236 4672
20.1643 5115
20.2057 5520
20.2471 5895
20.2886 6246
20.3025 6577
20.3304 6892
20.3711 7192
20.4097 7480
20.4408 7757
20.4742 8024
20.5053 8282
20.5364 8532
20.5663 8775
20.5969 9011
20.626 9241
20.6563 9465
20.6866 9684
20.7161 9898
20.7631 3600
20.8185 4176
20.8539 4672
20.8965 5115
20.938 5520
20.9774 5895
21.0188 6246
21.0404 6577
21.0826 6892
21.1224 7192
21.1567 7480
21.1894 7757
21.2204 8024
21.2515 8282
21.2822 8532
21.3121 8775
21.3447 9011
21.3718 9241
21.4021 9465
21.4332 9684
21.4623 9898
21.5077 3600
21.5583 4176
21.6013 4672
21.6431 5115
21.6846 5520
21.726 5895
21.7674 6246
21.7842 6577
21.8093 6892
21.8431 7192
21.8766 7480
21.9101 7757
21.9411 8024
21.9722 8282
