1 6480
1.08453 1440
1.08487 2880
1.0852 4320
2.0852 1440
2.08554 2880
2.08554 3600
2.08585 4176
2.08619 4672
2.0865 5115
2.08681 5520
2.08712 5895
2.08746 6246
2.0881 2880
2.08876 3600
2.08909 4176
2.08942 4672
2.08975 5115
2.09008 5520
2.0904 5895
2.09072 6246
2.09073 6577
2.09105 6892
2.09106 7192
2.09138 7480
2.09138 7757
2.0917 8024
2.09171 8282
2.09203 8532
2.09204 8775
2.09236 9011
2.09237 9241
2.09269 9465
2.0927 3600
2.09303 4176
2.09336 4672
2.09368 5115
2.09401 5520
2.09434 5895
2.09467 2880
2.09499 3600
2.09531 4176
2.09562 4672
2.09595 5115
2.09628 5520
2.09659 5895
2.0969 6246
2.09691 6577
2.09722 6892
2.09723 7192
2.09756 7480
2.09756 7757
2.09789 8024
2.0982 2880
2.09853 3600
2.09882 4176
2.09913 4672
2.09947 5115
2.10013 2880
2.10046 3600
2.10078 4176
2.10111 4672
2.10144 5115
2.10175 5520
2.10208 5895
2.10241 6246
2.10274 6577
2.10366 2880
2.10432 3600
2.10466 4176
2.10495 4672
2.10524 5115
2.10554 5520
2.10587 5895
2.1062 6246
2.10652 6577
2.10684 2880
2.10717 3600
2.10751 4176
2.10781 4672
2.10812 5115
2.10844 5520
2.10878 5895
2.10911 2880
2.10941 3600
2.10974 4176
2.11005 4672
2.11038 5115
2.11104 2880
2.11136 3600
2.11169 4176
2.31203 4672
2.31268 2880
2.31301 3600
2.31333 4176
2.31365 4672
2.31398 5115
2.31431 5520
2.31464 5895
2.31494 6246
2.31495 6577
2.31525 6892
2.31526 7192
2.31558 7480
2.31559 7757
2.31591 8024
2.31592 8282
2.31624 8532
2.31625 8775
2.31656 9011
2.31656 9241
2.31657 9465
2.31687 9684
2.31688 9898
2.31689 10107
2.31721 10312
2.31721 10513
2.31722 10710
2.31754 10903
2.31754 11093
2.31755 11279
2.31787 11462
2.31787 11642
2.31788 11820
2.31818 11995
2.31819 12167
2.31819 12337
2.3182 12505
2.31848 12670
2.31849 12833
2.3185 12994
2.31851 13153
2.31878 13310
2.31879 13465
2.3188 13618
2.3188 13770
2.31911 13920
2.31912 14068
2.31913 14215
2.31913 14360
2.31943 14504
2.31944 14646
2.31945 14787
2.31946 14927
2.31974 15065
2.31975 15202
2.31976 15338
2.31976 15473
2.31977 15607
2.32007 15739
2.32008 15870
2.32009 16000
2.3201 16129
2.32011 16257
2.32038 16384
2.32039 16510
2.3204 16635
2.3204 16759
2.32041 16882
2.3207 17004
2.32071 17125
2.32072 17246
2.32072 17366
2.32073 17485
2.32103 17603
2.32105 7920
2.32169 8181
2.32197 8434
2.32197 8679
2.32224 8917
2.32225 9149
2.32226 9375
2.32257 9596
2.32258 9812
2.32259 10023
2.32291 10229
2.32291 10431
2.32292 10629
2.32324 10824
2.32325 11015
2.32325 11203
2.32354 11388
2.32355 11570
2.32356 11749
2.32382 11925
2.32383 12098
2.32384 12269
2.32385 12438
2.32413 12604
2.32414 12768
2.32415 12930
2.32416 13090
2.32446 13248
2.32446 13404
2.32447 13558
2.32448 13710
2.32478 13861
2.32479 14010
2.3248 14158
2.32481 14304
2.32509 14448
2.32509 14591
2.3251 14733
2.32511 14873
2.32541 15012
2.32542 15150
2.32543 15286
2.32544 15421
2.32544 15555
2.32574 15688
2.32575 15820
2.32576 15951
2.32577 16080
2.32578 16208
2.32607 16335
2.32608 16461
2.32609 16586
2.3261 16711
2.32611 16835
2.3264 16958
2.32641 17080
2.32642 17201
2.32643 17321
2.32644 17440
2.32673 17558
2.32674 17676
2.32674 17793
2.32675 17909
2.32676 18024
2.32677 18139
2.32705 18253
2.32706 18366
2.32707 18478
2.32707 18590
2.32708 18701
2.32709 18811
2.32737 18921
2.32738 19030
2.32739 19138
2.3274 19246
2.3274 19353
2.32741 19460
2.3277 19566
2.32771 19671
2.32772 19776
2.32773 19880
2.32774 19984
2.32774 20087
2.32803 20190
2.32804 20292
2.32805 20394
2.32806 20495
2.32807 20596
2.32807 20696
2.32836 20796
2.32836 20895
2.32837 20994
2.32838 21092
2.32839 21190
2.3284 21287
2.3284 21384
2.3287 21480
2.32871 9360
2.32903 9581
2.32931 9797
2.32932 10008
2.32933 10215
2.32962 10417
2.32963 10616
2.32964 10811
2.32995 11002
2.32995 11190
2.32996 11375
2.33027 11557
2.33029 11736
2.3306 5040
2.33125 5451
2.33126 5831
2.33159 6186
2.3316 6521
2.33192 6838
2.33193 7141
2.33225 7431
2.33226 7710
2.33256 7978
2.33257 8237
2.33289 8488
2.33289 8732
2.33322 8969
2.33354 3600
2.33416 4176
2.33447 4672
2.3348 5115
2.33513 5520
2.33546 5895
2.33578 6246
2.33579 6577
2.33608 6892
2.33609 7192
2.33642 7480
2.33642 7757
2.33674 8024
2.33675 8282
2.33707 8532
2.33707 8775
2.33739 9011
2.3374 9241
2.3374 9465
2.33769 9684
2.3377 9898
2.33771 10107
2.33803 10312
2.33803 10513
2.33804 10710
2.33836 4320
2.33868 4800
2.33898 5232
2.33925 5628
2.33954 5996
2.33987 6341
2.34021 6668
2.34053 2880
2.34079 3600
2.34105 4176
2.34134 4672
2.34167 5115
2.34199 5520
2.34229 5895
2.34258 6246
2.34259 6577
2.34291 6892
2.34291 7192
2.34324 7480
2.34325 7757
2.34357 8024
2.34358 8282
2.34389 2880
2.34415 3600
2.3444 4176
2.34466 4672
2.34497 5115
2.34529 5520
2.34562 5895
2.34594 6246
2.34595 6577
2.34628 6892
2.34661 2880
2.34693 3600
2.34722 4176
2.3475 4672
2.3478 5115
2.34812 5520
2.34844 5895
2.34877 6246
2.3491 6577
2.34943 2880
2.34976 3600
2.35007 4176
2.3504 4672
2.35073 5115
2.35106 5520
2.35136 5895
2.35167 6246
2.35168 6577
2.35198 6892
2.35199 7192
2.35229 7480
2.3523 7757
2.35261 8024
2.35262 8282
2.35294 8532
2.35295 8775
2.35328 9011
2.35361 3600
2.35451 4176
2.35477 4672
2.35509 5115
2.3554 5520
2.35573 5895
2.35606 6246
2.35639 6577
2.35672 2880
2.35705 3600
2.35739 4176
2.35768 4672
2.35796 5115
2.35824 5520
2.35857 5895
2.3589 6246
2.35921 6577
2.35954 2880
2.35988 3600
2.36021 4176
2.36054 4672
2.36082 5115
2.36109 5520
2.36139 5895
2.36172 6246
2.36203 6577
2.36231 2880
2.36259 3600
2.36291 4176
2.36324 4672
2.36357 5115
2.36413 2880
2.36438 3600
2.36466 4176
2.36498 4672
2.3653 5115
2.36562 5520
2.36593 5895
2.36625 6246
2.36626 6577
2.36659 6892
2.36692 2880
2.36724 3600
2.36753 4176
2.36785 4672
2.36817 5115
2.3685 5520
2.36883 5895
2.36914 6246
2.36915 6577
2.36941 6892
2.36942 7192
2.36965 7480
2.36965 7757
2.36989 8024
2.3699 8282
2.37018 8532
2.37019 8775
2.37047 9011
2.37048 9241
2.37049 9465
2.37078 9684
2.37079 9898
2.3708 10107
2.37111 10312
2.37112 10513
2.37113 10710
2.37144 10903
2.37145 11093
2.37146 11279
2.37176 11462
2.37177 11642
2.37178 11820
2.37207 11995
2.37207 12167
2.37208 12337
2.37209 12505
2.37233 12670
2.37234 12833
2.37234 12994
2.37235 13153
2.37262 13310
2.37263 13465
2.37264 13618
2.37264 13770
2.37293 13920
2.37294 14068
2.37295 14215
2.37296 14360
2.37327 14504
2.37328 6480
2.37391 6800
2.37423 7104
2.37424 7395
2.37457 7675
2.37489 2880
2.37542 3600
2.37569 4176
2.37597 4672
2.37628 5115
2.3766 5520
2.37693 5895
2.37726 6246
2.37759 6577
2.37787 2880
2.37812 3600
2.3784 4176
2.37871 4672
2.37905 5115
2.37937 5520
2.37967 5895
2.38 6246
2.38034 6577
2.3813 2880
2.38195 3600
2.38225 4176
2.38254 4672
2.38285 5115
2.38318 5520
2.38351 5895
2.38417 2880
2.38471 3600
2.38502 4176
2.38535 4672
2.38567 5115
2.386 5520
2.38631 5895
2.38664 6246
2.38726 2880
2.38793 3600
2.38881 2880
2.38913 3600
2.38946 4176
2.38979 4672
2.3901 5115
2.39038 5520
2.39069 5895
2.39103 6246
2.39136 6577
2.39167 2880
2.39195 3600
2.39224 4176
2.39253 4672
2.39287 5115
2.3935 2880
2.39381 3600
2.39414 4176
2.39446 4672
2.39478 5115
2.39511 5520
2.39543 5895
2.39576 6246
2.39577 6577
2.39609 6892
2.3961 7192
2.39639 7480
2.3964 7757
2.39668 8024
2.39669 8282
2.39699 8532
2.397 8775
2.3973 9011
2.39731 9241
2.39732 9465
2.39764 9684
2.39765 3600
2.39798 4176
2.39826 4672
2.39853 5115
2.39884 5520
2.39916 5895
2.3995 6246
2.4001 2880
2.40069 3600
2.40101 4176
2.40134 4672
2.40167 5115
2.40196 5520
2.40223 5895
2.40251 6246
2.40252 6577
2.40283 6892
2.40283 7192
2.40316 7480
2.40317 7757
2.40348 8024
2.40349 8282
2.40376 8532
2.40377 8775
2.40403 9011
2.40404 9241
2.40404 9465
2.40434 9684
2.40434 9898
2.40435 10107
2.40465 10312
2.40466 10513
2.40467 10710
2.40499 10903
2.40499 11093
2.405 11279
2.4053 11462
2.40531 11642
2.40532 11820
2.40561 11995
2.40562 12167
2.40563 12337
2.40563 12505
2.40595 12670
2.40596 5040
2.40628 5451
2.4066 5831
2.40693 6186
2.40693 6521
2.40724 6838
2.40725 7141
2.40757 7431
2.40758 7710
2.4079 7978
2.40791 8237
2.40823 8488
2.40824 8732
2.40855 8969
2.40856 9200
2.40857 9425
2.40889 9645
2.40891 3600
2.40924 4176
2.40954 4672
2.40987 5115
2.4102 5520
2.41053 5895
2.41086 6246
2.41116 6577
2.41148 2880
2.4118 3600
2.41213 4176
2.41246 4672
2.41273 5115
2.41298 5520
2.41323 5895
2.41353 6246
2.41353 6577
2.41385 6892
2.41385 7192
2.41418 7480
2.41418 7757
2.41451 8024
2.41451 8282
2.41482 8532
2.41483 8775
2.4151 9011
2.41511 9241
2.41512 9465
2.41536 9684
2.41537 9898
2.41538 10107
2.41561 10312
2.41562 10513
2.41563 10710
2.4159 10903
2.41591 11093
2.41592 11279
2.41623 11462
2.41624 11642
2.41625 11820
2.41655 11995
2.41656 12167
2.41657 12337
2.41658 12505
2.41689 12670
2.4169 12833
2.41691 12994
2.41691 13153
2.41722 13310
2.41723 13465
2.41724 13618
2.41724 13770
2.41753 13920
2.41753 14068
2.41754 14215
2.41755 14360
2.41784 14504
2.41785 14646
2.41785 14787
2.41786 14927
2.41815 15065
2.41816 15202
2.41817 15338
2.41818 15473
2.41818 15607
2.41849 15739
2.4185 6480
2.41883 6800
2.41914 7104
2.41915 7395
2.41946 7675
2.41947 7945
2.41978 8205
2.41979 8457
2.42012 8702
2.42044 3600
2.42078 4176
2.42109 4672
2.42136 5115
2.42162 5520
2.42192 5895
2.42225 6246
2.42258 6577
2.42292 2880
2.42324 3600
2.42357 4176
2.42391 4672
2.42423 5115
2.42455 5520
2.42487 5895
2.42516 6246
2.42517 6577
2.42549 6892
2.42549 7192
2.42582 7480
2.42583 7757
2.42615 8024
2.42616 8282
2.42647 8532
2.42648 8775
2.4268 9011
2.42681 9241
2.42681 9465
2.42714 9684
2.42715 3600
2.42747 4176
2.42779 4672
2.42811 5115
2.42841 5520
2.42873 5895
2.42907 6246
2.42972 2880
2.43039 3600
2.43136 2880
2.43169 3600
2.43201 4176
2.43235 4672
2.43267 5115
2.433 5520
2.43332 5895
2.43364 6246
2.43365 6577
2.43398 6892
2.43398 7192
2.43431 7480
2.43432 7757
2.43463 8024
2.43464 8282
2.43496 8532
2.43497 8775
2.43527 9011
2.43528 9241
2.43529 9465
2.4356 9684
2.43561 9898
2.43562 10107
2.43593 10312
2.43594 10513
2.43594 10710
2.43625 10903
2.43626 11093
2.43626 11279
2.43656 11462
2.43657 11642
2.43657 11820
2.43688 11995
2.43688 12167
2.43689 12337
2.4369 12505
2.43721 12670
2.43722 12833
2.43722 12994
2.43753 13153
2.43755 5760
2.43786 6120
2.43818 6458
2.43819 6779
2.43851 7084
2.43852 7376
2.43882 7657
2.43883 7927
2.43915 8188
2.43916 8441
2.43949 8686
2.4398 3600
2.44012 4176
2.44045 4672
2.44078 5115
2.44111 5520
2.44144 5895
2.44175 6246
2.44176 6577
2.44208 6892
2.44209 7192
2.44241 7480
2.44241 7757
2.44275 8024
2.44307 2880
2.44372 3600
2.44406 4176
2.44439 4672
2.44471 5115
2.44504 5520
2.44537 5895
2.4457 6246
2.44634 2880
2.44694 3600
2.44725 4176
2.44758 4672
2.44791 5115
2.44824 5520
2.44856 5895
2.44889 6246
2.44922 6577
2.44955 2880
2.44987 3600
2.4502 4176
2.45052 4672
2.45085 5115
2.45116 5520
2.45149 5895
2.45181 6246
2.45181 6577
2.45208 6892
2.45209 7192
2.45238 7480
2.45239 7757
2.45271 8024
2.45304 2880
2.45337 3600
2.45371 4176
2.45404 4672
2.45436 5115
2.45469 5520
2.455 5895
2.45533 6246
2.45533 6577
2.45567 6892
2.456 2880
2.45632 3600
2.45665 4176
2.45698 4672
2.45731 5115
2.45763 5520
2.45796 5895
2.45828 6246
2.45829 6577
2.45862 6892
2.45894 2880
2.45926 3600
2.4596 4176
2.4599 4672
2.46017 5115
2.46046 5520
2.46079 5895
2.46112 6246
2.46176 2880
2.46241 3600
2.46275 4176
2.46308 4672
2.46337 5115
2.46365 5520
2.46396 5895
2.4643 6246
2.46526 2880
2.46625 3600
2.46657 4176
2.4669 4672
2.46724 5115
2.46755 5520
2.46786 5895
2.46818 6246
2.46819 6577
2.46851 6892
2.46852 7192
2.46884 7480
2.46885 7757
2.46918 8024
2.46918 8282
2.46949 8532
2.4695 8775
2.4698 9011
2.46981 9241
2.46982 9465
2.47014 9684
2.47014 9898
2.47015 10107
2.47047 10312
2.47048 10513
2.47049 10710
2.4708 4320
2.47112 4800
2.47145 5232
2.47176 5628
2.4721 5996
2.47309 2880
2.47406 3600
2.47437 4176
2.47471 4672
2.47504 5115
2.47537 5520
2.4757 5895
2.47602 6246
2.47603 6577
2.47634 6892
2.47636 7192
2.47668 7480
2.47669 7757
2.477 8024
2.47701 8282
2.47731 8532
2.47733 8775
2.47764 9011
2.47765 9241
2.47766 9465
2.47797 9684
2.478 9898
2.47832 3600
2.47896 4176
2.6793 4672
2.67995 2880
2.68028 3600
2.68061 4176
2.68094 4672
2.68128 5115
2.68193 2880
2.68227 3600
2.6826 4176
2.68292 4672
2.68326 5115
2.68389 2880
2.68422 3600
2.68455 4176
2.68488 4672
2.68521 5115
2.68586 2880
2.6862 3600
2.6865 4176
2.68683 4672
2.68717 5115
2.68783 2880
2.68816 3600
2.68848 4176
2.68881 4672
2.68914 5115
2.68947 5520
2.68979 5895
2.69012 6246
2.69079 2880
2.69142 3600
2.69175 4176
2.89208 4672
2.89273 2880
2.89303 3600
2.89327 4176
2.89356 4672
2.8939 5115
2.89455 2880
2.89487 3600
2.89516 4176
2.89542 4672
2.89572 5115
2.89605 5520
2.89638 5895
2.89672 2880
2.89704 3600
2.89736 4176
2.8977 4672
2.89803 5115
2.89834 5520
2.89867 5895
2.899 6246
2.89965 2880
2.90029 3600
2.90062 4176
2.90095 4672
2.90129 5115
2.90193 2880
2.90226 3600
2.90259 4176
2.90292 4672
2.90322 5115
2.90354 5520
2.90387 5895
2.9042 2880
2.90453 3600
2.90486 4176
2.90519 4672
2.90551 5115
2.90583 5520
2.90616 5895
2.90649 6246
2.90649 6577
2.90679 6892
2.9068 7192
2.90713 7480
2.90714 7757
2.90746 8024
2.90747 8282
2.90779 8532
2.9078 8775
2.90813 3600
2.90876 4176
2.90909 4672
2.90943 5115
2.91008 2880
2.91041 3600
2.91074 4176
2.91105 4672
2.91138 5115
2.91203 2880
2.91235 3600
2.91268 4176
3.11301 4672
3.11367 2880
3.114 3600
3.11431 4176
3.11463 4672
3.11497 5115
3.11562 2880
3.11594 3600
3.11627 4176
3.1166 4672
3.11693 5115
3.11724 5520
3.11754 5895
3.11785 6246
3.11786 6577
3.11819 6892
3.11852 2880
3.11885 3600
3.11915 4176
3.11944 4672
3.11974 5115
3.12007 5520
3.12038 5895
3.12069 6246
3.1207 6577
3.12099 6892
3.12099 7192
3.1213 7480
3.12131 7757
3.12163 8024
3.12164 8282
3.12196 8532
3.12197 8775
3.12229 9011
3.1223 9241
3.1226 9465
3.12261 3600
3.12292 4176
3.12324 4672
3.12357 5115
3.12421 2880
3.12454 3600
3.12488 4176
3.32521 4672
3.32622 2880
3.32665 3600
3.32689 4176
3.32714 4672
3.32743 5115
3.32776 5520
3.32808 5895
3.3284 6246
3.32841 6577
3.32873 6892
3.32874 7192
3.32907 7480
3.32908 7757
3.32939 8024
3.3294 8282
3.32972 8532
3.32972 8775
3.33005 9011
3.33037 3600
3.33102 4176
3.33135 4672
3.33168 5115
3.33199 5520
3.33233 5895
3.33298 2880
3.33363 3600
3.33397 4176
3.33429 4672
3.33463 5115
3.33528 2880
3.33561 3600
3.33594 4176
3.33627 4672
3.33659 5115
3.33692 5520
3.33724 5895
3.33758 6246
3.33821 2880
3.33887 3600
3.33986 2880
3.34018 3600
3.34051 4176
3.34085 4672
3.34117 5115
3.34149 5520
3.34181 5895
3.34214 6246
3.34247 6577
3.34281 2880
3.34313 3600
3.34345 4176
3.34378 4672
3.34411 5115
3.34443 5520
3.34477 5895
3.34576 2880
3.34671 3600
3.34705 4176
3.34737 4672
3.3477 5115
3.34802 5520
3.34836 5895
3.34901 2880
3.34965 3600
3.34998 4176
3.3503 4672
3.35064 5115
3.35128 2880
3.35161 3600
3.35194 4176
3.55228 4672
3.55326 2880
3.5539 3600
3.55424 4176
3.55457 4672
3.55486 5115
3.55517 5520
3.55551 5895
3.55617 2880
3.55673 3600
3.55702 4176
3.55735 4672
3.55767 5115
3.558 5520
3.55833 5895
3.55866 2880
3.55898 3600
3.55931 4176
3.55962 4672
3.55992 5115
3.56024 5520
3.56057 5895
3.5609 2880
3.56123 3600
3.56154 4176
3.56186 4672
3.56219 5115
3.56251 5520
3.56284 5895
3.56316 6246
3.56317 6577
3.56349 6892
3.5635 7192
3.56383 7480
3.56383 7757
3.56416 8024
3.56448 2880
3.5648 3600
3.56512 4176
3.76546 4672
3.76611 2880
3.76642 3600
3.7667 4176
3.76702 4672
3.76735 5115
3.76795 2880
3.76822 3600
3.7685 4176
3.76881 4672
3.76914 5115
3.76946 5520
3.76975 5895
3.77008 6246
3.77008 6577
3.77038 6892
3.77039 7192
3.77072 7480
3.77073 7757
3.77104 8024
3.77105 8282
3.77135 8532
3.77136 8775
3.77162 9011
3.77163 9241
3.77163 9465
3.7719 9684
3.77191 9898
3.77191 10107
3.77221 10312
3.77222 10513
3.77222 10710
3.77253 10903
3.77254 11093
3.77255 11279
3.77286 11462
3.77287 11642
3.77288 11820
3.77318 11995
3.77319 12167
3.7732 12337
3.77321 12505
3.77351 12670
3.77352 12833
3.77353 12994
3.77353 13153
3.77384 13310
3.77385 13465
3.77385 13618
3.77386 13770
3.77417 13920
3.77418 14068
3.77418 14215
3.77419 14360
3.77449 14504
3.7745 14646
3.77451 14787
3.77451 14927
3.77481 15065
3.77481 15202
3.77482 15338
3.77483 15473
3.77484 15607
3.77511 15739
3.77512 15870
3.77512 16000
3.77513 16129
3.77514 16257
3.77544 16384
3.77545 16510
3.77546 7200
3.77579 7488
3.77609 7764
3.7761 8031
3.7764 8289
3.77641 8539
3.77672 8781
3.77673 9017
3.77705 9246
3.77706 9470
3.77739 3600
3.77799 4176
3.77832 4672
3.77865 5115
3.77931 2880
3.77958 3600
3.77987 4176
3.78017 4672
3.78049 5115
3.78081 5520
3.78114 5895
3.78147 2880
3.7818 3600
3.78208 4176
3.7824 4672
3.78272 5115
3.78305 5520
3.78338 5895
3.78367 6246
3.78368 6577
3.78398 6892
3.78399 7192
3.78432 7480
3.78433 7757
3.78465 8024
3.78495 2880
3.78524 3600
3.78553 4176
3.78585 4672
3.78618 5115
3.78683 2880
3.78716 3600
3.78749 4176
3.98782 4672
3.98879 2880
3.98934 3600
3.98966 4176
3.98999 4672
3.99032 5115
3.99065 5520
3.99095 5895
3.99129 6246
3.99225 2880
3.99315 3600
3.99347 4176
3.99376 4672
3.99407 5115
3.99439 5520
3.99471 5895
3.99503 6246
3.99504 6577
3.99536 6892
3.99537 7192
3.99565 7480
3.99566 7757
3.99591 8024
3.99592 8282
3.99619 8532
3.9962 8775
3.99648 9011
3.99649 9241
3.9965 9465
3.99681 9684
3.99682 9898
3.99683 10107
3.99714 10312
3.99715 10513
3.99716 10710
3.99746 10903
3.99747 11093
3.99748 11279
3.99776 11462
3.99777 11642
3.99778 11820
3.99807 11995
3.99808 12167
3.99809 12337
3.9981 12505
3.99841 12670
3.99842 5040
3.99875 5451
3.99908 5831
3.9994 6186
3.99941 6521
3.99971 6838
3.99972 7141
3.99996 7431
3.99997 7710
4.00023 7978
4.00024 8237
4.00053 8488
4.00054 8732
4.00085 8969
4.00086 9200
4.00087 9425
4.00118 9645
4.00119 9859
4.0012 10069
4.00152 10274
4.00152 10475
4.00153 10672
4.00183 10866
4.00184 11056
4.00185 11243
4.00215 11427
4.00216 11608
4.00216 11786
4.00248 11961
4.0025 5040
4.0031 5451
4.00341 5831
4.00374 6186
4.00407 6521
4.00501 2880
4.00562 3600
4.00586 4176
4.00607 4672
4.0063 5115
4.00656 5520
4.00685 5895
4.00714 6246
4.00715 6577
4.00748 6892
4.00748 7192
4.0078 7480
4.00781 7757
4.00812 8024
4.00813 8282
4.00844 8532
4.00845 8775
4.00877 9011
4.00878 9241
4.00879 9465
4.0091 9684
4.00911 9898
4.00912 10107
4.00943 10312
4.00944 10513
4.00945 10710
4.00971 10903
4.00972 11093
4.00973 11279
4.00997 11462
4.00998 11642
4.00999 11820
4.01027 11995
4.01028 12167
4.01028 12337
4.01029 12505
4.01059 12670
4.0106 12833
4.01061 12994
4.01061 13153
4.01092 13310
4.01093 13465
4.01094 13618
4.01095 13770
4.01124 13920
4.01125 14068
4.01126 14215
4.01126 14360
4.01156 14504
4.01157 14646
4.01157 14787
4.01158 14927
4.01186 15065
4.01187 15202
4.01188 15338
4.01189 15473
4.01189 15607
4.0122 15739
4.01221 6480
4.01254 6800
4.01282 7104
4.01283 7395
4.01312 7675
4.01313 7945
4.01343 8205
4.01344 8457
4.01376 8702
4.01407 3600
4.0144 4176
4.01469 4672
4.01495 5115
4.01525 5520
4.01559 5895
4.01591 2880
4.0162 3600
4.01652 4176
4.01685 4672
4.01718 5115
4.0178 2880
4.01807 3600
4.01835 4176
4.01865 4672
4.01899 5115
4.01964 2880
4.01996 3600
4.02023 4176
4.02052 4672
4.02084 5115
4.02117 5520
4.0215 5895
4.02179 6246
4.0218 6577
4.02212 6892
4.02213 7192
4.02244 7480
4.02244 7757
4.02277 8024
4.02277 8282
4.02308 8532
4.02309 8775
4.0234 9011
4.0234 9241
4.02341 9465
4.02372 9684
4.02373 9898
4.02374 10107
4.02405 10312
4.02406 10513
4.02407 10710
4.02438 10903
4.02438 11093
4.02439 11279
4.02471 11462
4.02472 4320
4.02504 4800
4.02531 5232
4.02563 5628
4.02596 5996
4.02629 2880
4.0266 3600
4.02693 4176
4.02726 4672
4.02758 5115
4.02789 5520
4.02817 5895
4.02847 6246
4.02847 6577
4.02879 6892
4.0288 7192
4.02912 7480
4.02913 7757
4.02943 8024
4.02944 8282
4.02976 8532
4.02977 8775
4.03009 9011
4.03041 3600
4.03101 4176
4.03134 4672
4.03167 5115
4.0323 2880
4.0326 3600
4.03293 4176
4.23326 4672
4.23382 2880
4.23415 3600
4.23447 4176
4.23481 4672
4.23514 5115
4.23546 5520
4.23579 5895
4.23611 6246
4.23612 6577
4.23641 6892
4.23642 7192
4.23675 7480
4.23675 7757
4.23708 8024
4.23739 2880
4.23769 3600
4.23799 4176
4.23831 4672
4.23865 5115
4.23928 2880
4.23961 3600
4.23994 4176
4.24026 4672
4.24054 5115
4.24085 5520
4.24117 5895
4.24151 6246
4.24214 2880
4.24279 3600
4.24312 4176
4.24344 4672
4.24377 5115
4.24408 5520
4.2444 5895
4.24474 6246
4.24568 2880
4.2466 3600
4.24754 2880
4.24787 3600
4.2482 4176
4.24853 4672
4.24885 5115
4.24914 5520
4.24947 5895
4.24979 6246
4.2498 6577
4.25013 6892
4.25044 2880
4.25075 3600
4.25108 4176
4.25141 4672
4.25174 5115
4.25205 5520
4.25231 5895
4.25261 6246
4.25262 6577
4.25295 6892
4.25328 2880
4.25361 3600
4.25394 4176
4.25426 4672
4.25459 5115
4.25522 2880
4.25555 3600
4.25588 4176
4.25621 4672
4.25653 5115
4.25686 5520
4.25718 5895
4.25752 6246
4.25784 6577
4.25817 2880
4.25849 3600
4.25881 4176
4.25914 4672
4.25946 5115
4.25978 5520
4.2601 5895
4.26044 6246
4.26108 2880
4.26173 3600
4.26205 4176
4.26238 4672
4.26271 5115
4.26338 2880
4.26371 3600
4.26403 4176
4.26435 4672
4.26467 5115
4.265 5520
4.26533 5895
4.26566 6246
4.26628 2880
4.2669 3600
4.26723 4176
4.26756 4672
4.26789 5115
4.26822 5520
4.26854 5895
4.26888 6246
4.26944 2880
4.27007 3600
4.27102 2880
4.27132 3600
4.27165 4176
4.47199 4672
4.47299 2880
4.47366 3600
4.47466 2880
4.47499 3600
4.47533 4176
4.67566 4672
4.67628 2880
4.67661 3600
4.67693 4176
4.67726 4672
4.6776 5115
4.67817 2880
4.67849 3600
4.67882 4176
4.87915 4672
4.88009 2880
4.88074 3600
4.8817 2880
4.88202 3600
4.88235 4176
4.88268 4672
4.88301 5115
4.88333 5520
4.88365 5895
4.88397 6246
4.88398 6577
4.88431 6892
4.88464 2880
4.88496 3600
4.88529 4176
4.88562 4672
4.88596 5115
4.88658 2880
4.88692 3600
4.88722 4176
5.08755 4672
5.08821 2880
5.08854 3600
5.08886 4176
5.08917 4672
5.08946 5115
5.08978 5520
5.09011 5895
5.09044 6246
5.09077 6577
5.09111 2880
5.09144 3600
5.09176 4176
5.09209 4672
5.09241 5115
5.09273 5520
5.09306 5895
5.09339 6246
5.09372 6577
5.09403 2880
5.09434 3600
5.09467 4176
5.095 4672
5.09532 5115
5.09563 5520
5.09594 5895
5.09627 6246
5.09628 6577
5.09661 6892
5.09661 7192
5.09694 7480
5.09694 7757
5.09725 8024
5.09726 8282
5.09754 8532
5.09755 8775
5.09787 9011
5.09788 9241
5.09788 9465
5.0982 9684
5.09821 9898
5.09822 10107
5.09854 10312
5.09855 10513
5.09855 10710
5.09885 4320
5.09916 4800
5.09945 5232
5.09977 5628
5.1001 5996
5.10044 6341
5.1011 2880
5.10165 3600
5.10194 4176
5.10223 4672
5.10255 5115
5.10287 5520
5.1032 5895
5.10353 6246
5.10353 6577
5.10382 6892
5.10382 7192
5.10412 7480
5.10413 7757
5.10445 8024
5.10445 8282
5.10477 8532
5.10478 8775
5.1051 9011
5.1051 9241
5.10511 9465
5.10542 9684
5.10543 9898
5.10544 10107
5.10575 10312
5.10576 10513
5.10576 10710
5.10607 10903
5.10608 11093
5.10608 11279
5.10639 11462
5.1064 11642
5.10641 11820
5.10672 11995
5.10673 12167
5.10674 12337
5.10705 5040
5.10737 5451
5.10767 5831
5.108 6186
5.10801 6521
5.10832 6838
5.10833 7141
5.10866 7431
5.10866 7710
5.10898 7978
5.10899 8237
5.10929 8488
5.1093 8732
5.10963 8969
5.10963 9200
5.10996 9425
5.10997 3600
5.11028 4176
5.11057 4672
5.11088 5115
5.11118 5520
5.11151 5895
5.11184 2880
5.11217 3600
5.11246 4176
5.11274 4672
5.113 5115
5.11333 5520
5.11365 5895
5.11398 6246
5.11431 6577
5.11464 2880
5.11493 3600
5.11521 4176
5.1155 4672
5.11583 5115
5.11649 2880
5.11682 3600
5.11715 4176
5.11748 4672
5.11781 5115
5.11845 2880
5.11875 3600
5.11908 4176
5.11942 4672
5.11974 5115
5.12006 5520
5.12035 5895
5.12062 6246
5.12062 6577
5.12093 6892
5.12094 7192
5.12126 7480
5.12127 7757
5.12159 8024
5.12159 8282
5.12192 8532
5.12192 8775
5.12222 9011
5.12223 9241
5.12224 9465
5.12252 9684
5.12253 9898
5.12253 10107
5.12284 10312
5.12285 10513
5.12286 10710
5.12316 10903
5.12317 11093
5.12318 11279
5.12349 11462
5.1235 11642
5.12351 11820
5.12381 11995
5.12382 12167
5.12382 12337
5.12383 12505
5.12413 12670
5.12414 12833
5.12415 12994
5.12416 13153
5.12447 13310
5.12447 13465
5.12448 13618
5.12449 13770
5.12478 13920
5.12479 14068
5.1248 14215
5.12481 14360
5.12511 14504
5.12512 14646
5.12513 14787
5.12513 14927
5.12543 15065
5.12544 15202
5.12545 15338
5.12545 15473
5.12546 15607
5.12577 15739
5.12578 6480
5.1261 6800
5.1264 7104
5.12641 7395
5.12672 7675
5.12673 7945
5.12705 8205
5.12706 8457
5.12737 8702
5.12738 8940
5.12766 9171
5.12767 9397
5.12768 9617
5.12794 9832
5.12794 10042
5.12795 10248
5.12821 10450
5.12822 10648
5.12823 10842
5.12854 11033
5.12855 11220
5.12855 11404
5.12887 11585
5.12888 5040
5.12953 5451
5.12982 5831
5.13016 6186
5.13078 2880
5.13135 3600
5.13168 4176
5.13201 4672
5.13235 5115
5.13291 2880
5.13321 3600
5.13353 4176
5.33386 4672
5.33453 2880
5.33485 3600
5.33512 4176
5.33542 4672
5.33574 5115
5.33607 5520
5.3364 5895
5.33673 6246
5.33673 6577
5.33705 6892
5.33706 7192
5.33736 7480
5.33737 7757
5.33769 8024
5.33769 8282
5.338 8532
5.33801 8775
5.33833 9011
5.33833 9241
5.33834 9465
5.33866 9684
5.33867 9898
5.33867 10107
5.33899 10312
5.339 10513
5.339 10710
5.33932 10903
5.33933 11093
5.33933 11279
5.33964 11462
5.33965 11642
5.33966 11820
5.33995 11995
5.33996 12167
5.33996 12337
5.33997 12505
5.34023 12670
5.34024 12833
5.34025 12994
5.34026 13153
5.34056 13310
5.34057 13465
5.34058 13618
5.34059 13770
5.34089 13920
5.3409 14068
5.34091 14215
5.34122 5760
5.34185 6120
5.34186 6458
5.34216 6779
5.34218 7084
5.34251 7376
5.34282 2880
5.34312 3600
5.3434 4176
5.34367 4672
5.344 5115
5.34432 5520
5.34465 5895
5.34498 6246
5.3453 6577
5.34562 2880
5.34596 3600
5.34628 4176
5.34661 4672
5.34692 5115
5.34723 5520
5.34757 5895
5.3479 2880
5.34823 3600
5.34851 4176
5.34876 4672
5.34901 5115
5.34931 5520
5.34964 5895
5.34997 6246
5.35063 2880
5.35127 3600
5.35225 2880
5.35258 3600
5.35289 4176
5.3532 4672
5.35351 5115
5.35384 5520
5.35417 5895
5.3545 6246
5.35451 6577
5.35482 6892
5.35482 7192
5.35515 7480
5.35516 7757
5.35547 8024
5.35548 8282
5.35573 8532
5.35574 8775
5.35604 9011
5.35605 9241
5.35606 9465
5.35634 9684
5.35635 9898
5.35635 10107
5.35667 10312
5.35668 10513
5.35669 10710
5.357 4320
5.35733 4800
5.35766 5232
5.35798 5628
5.3583 5996
5.35863 6341
5.35895 6668
5.35927 2880
5.35956 3600
5.35989 4176
5.36022 4672
5.36055 5115
5.36087 5520
5.36116 5895
5.36148 6246
5.36149 6577
5.36182 6892
5.36215 2880
5.36249 3600
5.36278 4176
5.36308 4672
5.36336 5115
5.36367 5520
5.364 5895
5.36433 6246
5.36531 2880
5.36628 3600
5.36661 4176
5.56695 4672
5.56754 2880
5.56785 3600
5.56817 4176
5.5685 4672
5.56881 5115
5.56913 5520
5.56946 5895
5.56979 6246
5.57012 6577
5.57043 2880
5.57073 3600
5.57105 4176
5.57138 4672
5.57171 5115
5.572 5520
5.57226 5895
5.57254 6246
5.57255 6577
5.57286 6892
5.57286 7192
5.57317 7480
5.57318 7757
5.5735 8024
5.57351 8282
5.57383 8532
5.57384 8775
5.57413 9011
5.57414 9241
5.57415 9465
5.57444 9684
5.57445 9898
5.57445 10107
5.57475 10312
5.57476 10513
5.57477 10710
5.57508 10903
5.57509 11093
5.57541 4320
5.57571 4800
5.57572 5232
5.576 5628
5.57631 5996
5.57663 6341
5.57664 6668
5.57697 6978
5.57729 2880
5.57761 3600
5.57794 4176
5.57827 4672
5.5786 5115
5.57889 5520
5.57918 5895
5.57945 6246
5.57946 6577
5.57979 6892
5.5798 7192
5.58012 7480
5.58013 7757
5.58045 8024
5.58047 8282
5.58079 2880
5.58112 3600
5.58144 4176
5.58178 4672
5.58209 5115
5.58241 5520
5.58275 5895
5.58307 6246
5.58308 6577
5.5834 6892
5.58341 7192
5.58373 7480
5.58374 7757
5.58405 8024
5.58406 8282
5.58437 8532
5.58438 8775
5.5847 9011
5.58471 9241
5.58503 9465
5.58504 3600
5.58536 4176
5.58568 4672
5.58601 5115
5.58634 5520
5.58664 5895
5.58697 6246
5.58763 2880
5.58827 3600
5.5886 4176
5.58893 4672
5.58926 5115
5.58958 5520
5.58991 5895
5.59023 6246
5.59024 6577
5.59057 6892
5.59058 7192
5.5909 7480
5.59091 7757
5.59122 8024
5.59123 8282
5.59154 8532
5.59155 8775
5.59186 9011
5.59187 9241
5.59188 9465
5.5922 9684
5.59221 3600
5.59255 4176
5.59286 4672
5.59318 5115
5.59351 5520
5.59384 5895
5.59416 6246
5.59416 6577
5.59447 6892
5.59447 7192
5.5948 7480
5.59481 7757
5.59512 8024
5.59513 8282
5.59545 8532
5.59546 8775
5.59578 9011
5.59579 9241
5.5958 9465
5.59611 9684
5.59612 9898
5.59613 10107
5.59642 10312
5.59644 10513
5.59645 10710
5.59674 10903
5.59676 11093
5.59676 11279
5.59708 11462
5.5971 4320
5.59772 4800
5.59805 5232
5.59838 5628
5.5987 5996
5.59904 6341
5.59966 2880
5.60031 3600
5.60065 4176
5.60094 4672
5.60123 5115
5.60154 5520
5.60188 5895
5.60285 2880
5.60383 3600
5.60416 4176
5.60447 4672
5.60481 5115
5.60545 2880
5.60578 3600
5.60612 4176
5.60644 4672
5.60672 5115
5.60702 5520
5.60735 5895
5.608 2880
5.60863 3600
5.60896 4176
5.60929 4672
5.60962 5115
5.60994 5520
5.61027 5895
5.6106 6246
5.61092 6577
5.61122 2880
5.61149 3600
5.61181 4176
5.61214 4672
5.61247 5115
5.6131 2880
5.61342 3600
5.61375 4176
5.81408 4672
5.81474 2880
5.81505 3600
5.81536 4176
5.81569 4672
5.81602 5115
5.81668 2880
5.817 3600
5.81731 4176
6.01765 4672
6.01863 2880
6.01921 3600
6.01952 4176
6.21986 4672
6.22048 2880
6.22081 3600
6.22112 4176
6.22139 4672
6.22168 5115
6.22198 5520
6.2223 5895
6.22264 6246
6.22297 6577
6.22328 2880
6.22358 3600
6.22391 4176
6.22424 4672
6.22456 5115
6.22489 5520
6.22523 5895
6.22554 2880
6.22587 3600
6.22618 4176
6.22651 4672
6.22685 5115
6.22749 2880
6.22779 3600
6.22809 4176
6.2284 4672
6.22874 5115
6.22932 2880
6.2296 3600
6.2299 4176
6.43024 4672
6.43089 2880
6.43123 3600
6.43155 4176
6.43189 4672
6.43221 5115
6.43254 5520
6.43284 5895
6.43313 6246
6.43314 6577
6.43342 6892
6.43343 7192
6.43375 7480
6.43376 7757
6.43409 8024
6.43438 2880
6.43468 3600
6.435 4176
6.43532 4672
6.43566 5115
6.43629 2880
6.43662 3600
6.43695 4176
6.43729 4672
6.43759 5115
6.43789 5520
6.43821 5895
6.43854 6246
6.4392 2880
6.4398 3600
6.44009 4176
6.64043 4672
6.64109 2880
6.64141 3600
6.64174 4176
6.84207 4672
6.84306 2880
6.84362 3600
6.84394 4176
6.84427 4672
6.84461 5115
6.8449 5520
6.84519 5895
6.84548 6246
6.84549 6577
6.84582 6892
6.84615 2880
6.84646 3600
6.84676 4176
6.8471 4672
6.8474 5115
6.8477 5520
6.84797 5895
6.84827 6246
6.84827 6577
6.84859 6892
6.8486 7192
6.84893 7480
6.84925 7757
6.84957 2880
6.84987 3600
6.85016 4176
6.8505 4672
6.85083 5115
6.85148 2880
6.8518 3600
6.85212 4176
7.05246 4672
7.05312 2880
7.05345 3600
7.05377 4176
7.0541 4672
7.05443 5115
7.05507 2880
7.0554 3600
7.05573 4176
7.05606 4672
7.05638 5115
7.05669 5520
7.05703 5895
7.05801 2880
7.05898 3600
7.0593 4176
7.25963 4672
7.26026 2880
7.26054 3600
7.26088 4176
7.46121 4672
7.4622 2880
7.46278 3600
7.46311 4176
7.66345 4672
7.66443 2880
7.66508 3600
7.66542 4176
7.66575 4672
7.66604 5115
7.66635 5520
7.66668 5895
7.66701 2880
7.66734 3600
7.66766 4176
7.66797 4672
7.66829 5115
7.66861 5520
7.66894 5895
7.66928 6246
7.66993 2880
7.67056 3600
7.67089 4176
7.67119 4672
7.6715 5115
7.67183 5520
7.67215 5895
7.67249 6246
7.67311 2880
7.67362 3600
7.67392 4176
7.67426 4672
7.67459 5115
7.67491 5520
7.67523 5895
7.67555 6246
7.67556 6577
7.67587 6892
7.67588 7192
7.67621 7480
7.67621 7757
7.67652 8024
7.67653 8282
7.67685 8532
7.67686 8775
7.67716 9011
7.67717 9241
7.67718 9465
7.67749 9684
7.6775 9898
7.6775 10107
7.67782 10312
7.67783 10513
7.67784 10710
7.67815 4320
7.67847 4800
7.67878 5232
7.67908 5628
7.6794 5996
7.67972 6341
7.67973 6668
7.68006 6978
7.68007 7275
7.68037 7560
7.68038 7834
7.68067 8098
7.68068 8354
7.68097 8602
7.68098 8843
7.6813 9077
7.68131 9305
7.68131 9527
7.68163 9744
7.68164 9956
7.68165 10164
7.68195 10368
7.68195 10568
7.68196 10764
7.68225 10956
7.68225 11145
7.68226 11331
7.68258 11514
7.68259 4320
7.68292 4800
7.68323 5232
7.68356 5628
7.68388 5996
7.68421 6341
7.68485 2880
7.68551 3600
7.68647 2880
7.68678 3600
7.68712 4176
7.68745 4672
7.68777 5115
7.68809 5520
7.68841 5895
7.68873 6246
7.68874 6577
7.68906 6892
7.68907 7192
7.68938 7480
7.68939 7757
7.68971 8024
7.68972 8282
7.69002 8532
7.69003 8775
7.69031 9011
7.69032 9241
7.69033 9465
7.69065 9684
7.69066 9898
7.69066 10107
7.69098 10312
7.69099 10513
7.69099 10710
7.69129 10903
7.6913 11093
7.6913 11279
7.6916 11462
7.69161 11642
7.69162 11820
7.69191 11995
7.69192 12167
7.69193 12337
7.69193 12505
7.69224 12670
7.69225 12833
7.69225 12994
7.69226 13153
7.69257 13310
7.69258 13465
7.69259 13618
7.69289 5760
7.69319 6120
7.69319 6458
7.69346 6779
7.69347 7084
7.69374 7376
7.69374 7657
7.69407 7927
7.69438 2880
7.6947 3600
7.69502 4176
7.89536 4672
7.89602 2880
7.89632 3600
7.89664 4176
7.89694 4672
7.89725 5115
7.89758 5520
7.89792 5895
7.89825 2880
7.89856 3600
7.89888 4176
7.89917 4672
7.8995 5115
7.90014 2880
7.90046 3600
7.90078 4176
7.90111 4672
7.90144 5115
7.90174 5520
7.90207 5895
7.9024 6246
7.90304 2880
7.90367 3600
7.90399 4176
8.10432 4672
8.10497 2880
8.10529 3600
8.10562 4176
8.30595 4672
8.30659 2880
8.30692 3600
8.30725 4176
8.30757 4672
8.30787 5115
8.3082 5520
8.30853 5895
8.30886 6246
8.30918 6577
8.3095 2880
8.30983 3600
8.31016 4176
8.31048 4672
8.31081 5115
8.31111 5520
8.31137 5895
8.31166 6246
8.31167 6577
8.31199 6892
8.312 7192
8.31232 7480
8.31233 7757
8.31265 8024
8.31266 8282
8.31297 8532
8.31298 8775
8.31328 9011
8.31329 9241
8.31329 9465
8.31361 9684
8.31362 9898
8.31363 10107
8.31394 10312
8.31395 10513
8.31396 10710
8.31427 10903
8.31428 11093
8.31429 11279
8.31459 11462
8.3146 11642
8.31461 11820
8.31492 11995
8.31492 12167
8.31493 12337
8.31494 12505
8.31522 12670
8.31522 12833
8.31523 12994
8.31524 13153
8.31554 13310
8.31555 13465
8.31556 13618
8.31557 13770
8.31587 13920
8.31588 14068
8.31588 14215
8.31589 14360
8.3162 14504
8.3162 14646
8.31621 14787
8.31622 14927
8.31653 15065
8.31654 6480
8.31749 6800
8.3175 7104
8.31782 7395
8.31782 7675
8.31814 7945
8.31815 8205
8.31845 8457
8.31845 8702
8.31878 8940
8.31912 3600
8.32006 4176
8.3204 4672
8.32073 5115
8.32105 5520
8.32137 5895
8.32168 6246
8.32169 6577
8.32199 6892
8.322 7192
8.32232 7480
8.32233 7757
8.32265 8024
8.32265 8282
8.32295 8532
8.32296 8775
8.32324 9011
8.32324 9241
8.32325 9465
8.32353 9684
8.32354 9898
8.32355 10107
8.32384 10312
8.32385 10513
8.32386 10710
8.32418 10903
8.32418 11093
8.32419 11279
8.32451 11462
8.32451 11642
8.32452 11820
8.32483 11995
8.32484 12167
8.32484 12337
8.32485 12505
8.32514 12670
8.32515 12833
8.32516 12994
8.32517 13153
8.32547 13310
8.32548 13465
8.32549 13618
8.3255 13770
8.3258 13920
8.32581 14068
8.32582 14215
8.32582 14360
8.32614 14504
8.32615 6480
8.32646 6800
8.32676 7104
8.32676 7395
8.32707 7675
8.32708 7945
8.32739 8205
8.3274 8457
8.32772 8702
8.32772 8940
8.32805 9171
8.32837 3600
8.32899 4176
8.32932 4672
8.32964 5115
8.32997 5520
8.33024 5895
8.33047 6246
8.33048 6577
8.3308 6892
8.33081 7192
8.33113 7480
8.33114 7757
8.33145 8024
8.33146 8282
8.33178 8532
8.33179 8775
8.3321 9011
8.33211 9241
8.33212 9465
8.33244 9684
8.33245 9898
8.33245 10107
8.33275 10312
8.33276 10513
8.33277 10710
8.33305 10903
8.33306 11093
8.33307 11279
8.33334 11462
8.33335 11642
8.33336 11820
8.33366 11995
8.33367 12167
8.33368 12337
8.33369 12505
8.334 12670
8.334 12833
8.33401 12994
8.33402 13153
8.33433 13310
8.33433 13465
8.33434 13618
8.33435 13770
8.33466 13920
8.33467 14068
8.33467 14215
8.33468 14360
8.33499 14504
8.335 14646
8.335 14787
8.33501 14927
8.3353 15065
8.33531 15202
8.33531 15338
8.33532 15473
8.33533 15607
8.33562 15739
8.33563 15870
8.33563 16000
8.33564 16129
8.33565 16257
8.33595 16384
8.33596 16510
8.33596 16635
8.33597 16759
8.33598 16882
8.33628 17004
8.33629 17125
8.33629 17246
8.3363 17366
8.33631 17485
8.33661 17603
8.33661 17720
8.33662 17837
8.33663 17953
8.33664 18068
8.33665 18182
8.33691 18296
8.33692 18409
8.33693 18521
8.33694 18632
8.33694 18743
8.33695 18853
8.33723 18962
8.33724 19071
8.33725 19179
8.33726 19287
8.33727 19394
8.33727 19500
8.33756 19606
8.33757 19711
8.33757 19816
8.33758 19920
8.33759 20024
8.3376 20127
8.33789 20230
8.3379 9360
8.33824 9581
8.33855 9797
8.33856 10008
8.33857 10215
8.33888 10417
8.33889 10616
8.3389 10811
8.33921 11002
8.33921 11190
8.33922 11375
8.33953 11557
8.33954 11736
8.33955 11912
8.33987 12086
8.33988 5040
8.3405 5451
8.34083 5831
8.34114 6186
8.34114 6521
8.34147 6838
8.34148 7141
8.3418 7431
8.34181 7710
8.34214 7978
8.34246 2880
8.34279 3600
8.34312 4176
8.34342 4672
8.34372 5115
8.34406 5520
8.34439 5895
8.34472 2880
8.34502 3600
8.34534 4176
8.34562 4672
8.34595 5115
8.34628 5520
8.34661 5895
8.34694 6246
8.34727 6577
8.34758 2880
8.34792 3600
8.34824 4176
8.34856 4672
8.34886 5115
8.34919 5520
8.34953 5895
8.35049 2880
8.35146 3600
8.35243 2880
8.35269 3600
8.35301 4176
8.35334 4672
8.35366 5115
8.35398 5520
8.3543 5895
8.35464 6246
8.35529 2880
8.35588 3600
8.35619 4176
8.35653 4672
8.35686 5115
8.35743 2880
8.35769 3600
8.35796 4176
8.55829 4672
8.55925 2880
8.55986 3600
8.56014 4176
8.76047 4672
8.76147 2880
8.7621 3600
8.76242 4176
8.96275 4672
8.96373 2880
8.96439 3600
8.96537 2880
8.96569 3600
8.96603 4176
8.96636 4672
8.96669 5115
8.96732 2880
8.96765 3600
8.96798 4176
9.16831 4672
9.16925 2880
9.16982 3600
9.17016 4176
9.17049 4672
9.17081 5115
9.1711 5520
9.17142 5895
9.17176 6246
9.17209 6577
9.17298 2880
9.17362 3600
9.17395 4176
9.17428 4672
9.1746 5115
9.17493 5520
9.17526 5895
9.17559 6246
9.17625 2880
9.17689 3600
9.17723 4176
9.37756 4672
9.37817 2880
9.37848 3600
9.3788 4176
9.57914 4672
9.58012 2880
9.58071 3600
9.58105 4176
9.58138 4672
9.58171 5115
9.58232 2880
9.58265 3600
9.58298 4176
9.58331 4672
9.58361 5115
9.58389 5520
9.58422 5895
9.58456 6246
9.5852 2880
9.58578 3600
9.58612 4176
9.58645 4672
9.58676 5115
9.58709 5520
9.5874 5895
9.5877 6246
9.58771 6577
9.58804 6892
9.58837 2880
9.5887 3600
9.58902 4176
9.58935 4672
9.58968 5115
9.59032 2880
9.59065 3600
9.59094 4176
9.59123 4672
9.59156 5115
9.59189 5520
9.59221 5895
9.59253 6246
9.59254 6577
9.59286 6892
9.59287 7192
9.59319 7480
9.5932 7757
9.59351 8024
9.59352 8282
9.5938 8532
9.59381 8775
9.5941 9011
9.59411 9241
9.59412 9465
9.59444 9684
9.59445 9898
9.59445 10107
9.59477 10312
9.59478 10513
9.59478 10710
9.5951 10903
9.59511 11093
9.59512 11279
9.59543 11462
9.59545 4320
9.59577 4800
9.59606 5232
9.59639 5628
9.59672 5996
9.59705 6341
9.59736 6668
9.59767 2880
9.598 3600
9.59833 4176
9.59866 4672
9.59893 5115
9.59917 5520
9.59942 5895
9.59968 6246
9.59968 6577
9.6 6892
9.60001 7192
9.60034 7480
9.60035 7757
9.60066 8024
9.60067 8282
9.60099 8532
9.601 8775
9.60129 9011
9.6013 9241
9.60131 9465
9.6016 9684
9.60161 9898
9.60162 10107
9.60193 10312
9.60194 10513
9.60194 10710
9.60226 10903
9.60227 11093
9.60227 11279
9.60257 11462
9.60258 11642
9.60259 11820
9.60288 11995
9.60289 12167
9.6029 12337
9.6029 12505
9.60321 12670
9.60321 12833
9.60322 12994
9.60323 13153
9.60354 13310
9.60355 13465
9.60355 13618
9.60356 13770
9.60387 13920
9.60388 14068
9.60388 14215
9.60389 14360
9.60419 14504
9.6042 14646
9.60421 14787
9.60422 14927
9.60451 15065
9.60451 15202
9.60452 15338
9.60453 15473
9.60454 15607
9.60484 15739
9.60485 15870
9.60486 16000
9.60486 16129
9.60487 16257
9.60517 16384
9.60518 16510
9.60519 16635
9.60519 16759
9.6052 16882
9.6055 17004
9.60551 17125
9.60551 17246
9.60552 17366
9.60553 17485
9.60577 17603
9.60578 17720
9.60578 17837
9.60579 17953
9.6058 18068
9.60581 18182
9.60605 18296
9.60606 18409
9.60607 18521
9.60608 18632
9.60608 18743
9.60609 18853
9.60636 18962
9.60637 19071
9.60638 19179
9.60639 19287
9.60639 19394
9.6064 19500
9.60668 19606
9.60669 19711
9.6067 19816
9.60671 19920
9.60672 20024
9.60672 20127
9.60702 20230
9.60703 9360
9.60736 9581
9.60765 9797
9.60766 10008
9.60766 10215
9.60798 10417
9.60799 10616
9.608 10811
9.60831 4320
9.60864 4800
9.60896 5232
9.60929 5628
9.60962 5996
9.60996 6341
9.61058 2880
9.61113 3600
9.61144 4176
9.61174 4672
9.61207 5115
9.6124 5520
9.61273 5895
9.61304 6246
9.61305 6577
9.61336 6892
9.61337 7192
9.61369 7480
9.6137 7757
9.61402 8024
9.61403 8282
9.61431 8532
9.61432 8775
9.61462 9011
9.61463 9241
9.61464 9465
9.61495 9684
9.61496 9898
9.61497 10107
9.61528 10312
9.61529 10513
9.6153 10710
9.61561 10903
9.61562 11093
9.61562 11279
9.61589 11462
9.6159 11642
9.6159 11820
9.6162 11995
9.61621 12167
9.61622 12337
9.61623 12505
9.61653 12670
9.61654 12833
9.61655 12994
9.61655 13153
9.61686 13310
9.61687 13465
9.61688 13618
9.61719 5760
9.61746 6120
9.61747 6458
9.61769 6779
9.6177 7084
9.61792 7376
9.61793 7657
9.6182 7927
9.61821 8188
9.6185 8441
9.61851 8686
9.61883 8924
9.61917 3600
9.62046 4176
9.62079 4672
9.62111 5115
9.62143 5520
9.62176 5895
9.62208 6246
9.62209 6577
9.62242 6892
9.62274 2880
9.62305 3600
9.62337 4176
9.6237 4672
9.62403 5115
9.62469 2880
9.62498 3600
9.62528 4176
9.62561 4672
9.62594 5115
9.62627 5520
9.62658 5895
9.62692 6246
9.62725 6577
9.62822 2880
9.62886 3600
9.62913 4176
9.62943 4672
9.62976 5115
9.63007 5520
9.63039 5895
9.6307 6246
9.6307 6577
9.63103 6892
9.63104 7192
9.63136 7480
9.63137 7757
9.63169 8024
9.6317 8282
9.63199 8532
9.632 8775
9.6323 9011
9.63231 9241
9.63232 9465
9.63264 9684
9.63264 9898
9.63265 10107
9.63296 10312
9.63297 10513
9.63298 10710
9.63328 10903
9.63329 11093
9.6333 11279
9.63357 11462
9.63358 11642
9.63359 11820
9.6338 11995
9.63381 12167
9.63382 12337
9.63383 12505
9.63408 12670
9.63409 12833
9.6341 12994
9.63411 13153
9.6344 13310
9.63441 13465
9.63442 13618
9.63443 13770
9.63473 13920
9.63474 14068
9.63474 14215
9.63476 14360
9.63505 14504
9.63506 14646
9.63507 14787
9.63509 14927
9.63537 15065
9.63538 15202
9.63539 15338
9.63539 15473
9.63541 15607
9.63568 15739
9.63568 15870
9.63569 16000
9.6357 16129
9.63572 16257
9.636 16384
9.63602 16510
9.63603 7200
9.63637 7488
9.63664 7764
9.63665 8031
9.63689 8289
9.6369 8539
9.63716 8781
9.63717 9017
9.63745 9246
9.63745 9470
9.63746 9688
9.63778 9902
9.63778 10111
9.63779 10316
9.6381 10517
9.63811 10714
9.63811 10907
9.63843 11097
9.63843 11283
9.63844 11466
9.63875 11646
9.63876 11824
9.63877 11999
9.63908 12171
9.63909 12341
9.6391 5040
9.63943 5451
9.63975 5831
9.64003 6186
9.64004 6521
9.64031 6838
9.64032 7141
9.64061 7431
9.64062 7710
9.64094 7978
9.64127 2880
9.6416 3600
9.64191 4176
9.64218 4672
9.64245 5115
9.64278 5520
9.64312 5895
9.64344 2880
9.64377 3600
9.64409 4176
9.64442 4672
9.64475 5115
9.64508 5520
9.64541 5895
9.64571 2880
9.64601 3600
9.64632 4176
9.64665 4672
9.64697 5115
9.64729 5520
9.64763 5895
9.64862 2880
9.64954 3600
9.65052 2880
9.65082 3600
9.65112 4176
9.85145 4672
9.85211 2880
9.85244 3600
9.85275 4176
9.85306 4672
9.85337 5115
9.8537 5520
9.85403 5895
9.85435 6246
9.85436 6577
9.85467 6892
9.85468 7192
9.855 7480
9.85501 7757
9.85533 8024
9.85566 2880
9.856 3600
9.85632 4176
9.85664 4672
9.85697 5115
9.85729 5520
9.85763 5895
9.85828 2880
9.8589 3600
9.85924 4176
9.85956 4672
9.85988 5115
9.86021 5520
9.86054 5895
9.86086 6246
9.86086 6577
9.86115 6892
9.86115 7192
9.86147 7480
9.86148 7757
9.8618 8024
9.86181 8282
9.86213 8532
9.86213 8775
9.86246 9011
9.86278 3600
9.86339 4176
9.86372 4672
10.0641 5115
10.065 2880
10.0657 3600
10.066 4176
10.0663 4672
10.0666 5115
10.0669 5520
10.0672 5895
10.0675 6246
10.0675 6577
10.0678 6892
10.0678 7192
10.0682 7480
10.0682 7757
10.0685 8024
10.0685 8282
10.0688 8532
10.0688 8775
10.0691 9011
10.0692 9241
10.0694 9465
10.0694 3600
10.0697 4176
10.07 4672
10.0702 5115
10.0706 5520
10.0709 5895
10.0712 6246
10.0715 6577
10.0719 2880
10.0722 3600
10.0725 4176
10.0729 4672
10.0732 5115
10.0735 5520
10.0738 5895
10.0741 6246
10.0741 6577
10.0744 6892
10.0744 7192
10.0748 7480
10.0748 7757
10.0751 8024
10.0751 8282
10.0754 8532
10.0754 8775
10.0757 9011
10.0757 9241
10.0757 9465
10.076 9684
10.0761 9898
10.0761 10107
10.0764 10312
10.0764 10513
10.0764 10710
10.0767 10903
10.0767 11093
10.0767 11279
10.077 11462
10.077 11642
10.077 11820
10.0773 11995
10.0773 12167
10.0774 12337
10.0774 12505
10.0776 12670
10.0777 12833
10.0777 12994
10.0777 13153
10.078 13310
10.078 13465
10.078 13618
10.078 13770
10.0783 13920
10.0783 14068
10.0783 14215
10.0783 14360
10.0786 14504
10.0786 14646
10.0787 14787
10.0787 14927
10.079 15065
10.079 15202
10.079 15338
10.079 15473
10.079 15607
10.0793 15739
10.0793 15870
10.0793 16000
10.0793 16129
10.0793 16257
10.0796 16384
10.0796 16510
10.0796 16635
10.0796 16759
10.0796 16882
10.0799 17004
10.0799 17125
10.08 17246
10.08 17366
10.08 17485
10.0803 17603
10.0803 17720
10.0803 17837
10.0803 17953
10.0803 18068
10.0803 18182
10.0806 18296
10.0806 18409
10.0806 18521
10.0806 18632
10.0806 18743
10.0806 18853
10.0809 18962
10.0809 19071
10.0809 19179
10.0809 19287
10.0809 19394
10.0809 19500
10.0812 19606
10.0812 19711
10.0812 19816
10.0812 19920
10.0812 20024
10.0812 20127
10.0815 20230
10.0815 9360
10.0819 9581
10.0821 9797
10.0821 10008
10.0822 10215
10.0825 10417
10.0825 10616
10.0825 10811
10.0828 11002
10.0828 11190
10.0828 11375
10.0831 11557
10.0832 5040
10.0838 5451
10.0841 5831
10.0844 6186
10.0844 6521
10.0847 6838
10.085 2880
10.0854 3600
10.0857 4176
10.0859 4672
10.0862 5115
10.0866 5520
10.0869 5895
10.0872 6246
10.0872 6577
10.0875 6892
10.0875 7192
10.0879 7480
10.0879 7757
10.0882 8024
10.0882 8282
10.0885 8532
10.0885 8775
10.0889 3600
10.0894 4176
10.0897 4672
10.0901 5115
10.0904 5520
10.0907 5895
10.091 6246
10.091 6577
10.0913 6892
10.0914 7192
10.0916 7480
10.0916 7757
10.0919 8024
10.0923 2880
10.0926 3600
10.0929 4176
10.0932 4672
10.0936 5115
10.0939 5520
10.0942 5895
10.0945 6246
10.0945 6577
10.0949 6892
10.0952 2880
10.0955 3600
10.0958 4176
10.0962 4672
10.0965 5115
10.0971 2880
10.0974 3600
10.0978 4176
10.2981 4672
10.2988 2880
10.2991 3600
10.2994 4176
10.2997 4672
10.3001 5115
10.3004 5520
10.3007 5895
10.301 6246
10.301 6577
10.3014 6892
10.3014 7192
10.3017 7480
10.3017 7757
10.302 8024
10.302 8282
10.3024 8532
10.3024 8775
10.3027 9011
10.303 3600
10.3037 4176
10.304 4672
10.3043 5115
10.3046 5520
10.305 5895
10.3053 6246
10.3056 6577
10.3065 2880
10.3071 3600
10.5075 4176
10.5085 2880
10.5088 3600
10.5091 4176
10.5094 4672
10.5098 5115
10.5104 2880
10.5108 3600
10.5111 4176
10.5114 4672
10.5117 5115
10.512 5520
10.5123 5895
10.5127 6246
10.5127 6577
10.513 6892
10.513 7192
10.5133 7480
10.5133 7757
10.5137 8024
10.514 2880
10.5143 3600
10.5146 4176
10.515 4672
10.5153 5115
10.5156 5520
10.516 5895
10.5163 2880
10.5166 3600
10.5169 4176
10.5172 4672
10.5176 5115
10.5182 2880
10.5185 3600
10.5188 4176
10.5191 4672
10.5195 5115
10.5198 5520
10.5201 5895
10.5204 6246
10.5204 6577
10.5207 6892
10.5207 7192
10.5211 7480
10.5211 7757
10.5214 8024
10.5214 8282
10.5217 8532
10.5217 8775
10.522 9011
10.5223 3600
10.523 4176
10.5239 2880
10.5241 3600
10.5244 4176
10.5248 4672
10.5251 5115
10.5254 5520
10.5257 5895
10.5261 6246
10.5261 6577
10.5264 6892
10.5267 2880
10.527 3600
10.5273 4176
10.5276 4672
10.528 5115
10.5283 5520
10.5286 5895
10.529 6246
10.5293 6577
10.5296 2880
10.5299 3600
10.5302 4176
10.5306 4672
10.5309 5115
10.5312 5520
10.5316 5895
10.5319 6246
10.5319 6577
10.5322 6892
10.5322 7192
10.5325 7480
10.5325 7757
10.5328 8024
10.5328 8282
10.5331 8532
10.5331 8775
10.5334 9011
10.5334 9241
10.5334 9465
10.5338 9684
10.5338 9898
10.5338 10107
10.5341 10312
10.5341 10513
10.5341 10710
10.5344 10903
10.5344 11093
10.5344 11279
10.5347 4320
10.5351 4800
10.5354 5232
10.5357 5628
10.536 5996
10.5364 6341
10.5367 6668
10.537 2880
10.5374 3600
10.5377 4176
10.538 4672
10.5383 5115
10.5387 5520
10.5389 5895
10.5392 6246
10.5392 6577
10.5396 6892
10.5396 7192
10.5399 7480
10.5399 7757
10.5402 8024
10.5402 8282
10.5406 8532
10.5406 8775
10.5408 9011
10.5408 9241
10.5409 9465
10.5411 9684
10.5411 9898
10.5411 10107
10.5414 10312
10.5415 10513
10.5415 10710
10.5418 10903
10.5418 11093
10.5418 11279
10.5421 11462
10.5421 4320
10.5424 4800
10.5427 5232
10.543 5628
10.5434 5996
10.5437 6341
10.544 6668
10.5443 2880
10.5446 3600
10.545 4176
10.5453 4672
10.5456 5115
10.5459 5520
10.5462 5895
10.5465 6246
10.5465 6577
10.5468 6892
10.5469 7192
10.5472 7480
10.5472 7757
10.5475 8024
10.5475 8282
10.5478 8532
10.5478 8775
10.5481 9011
10.5481 9241
10.5481 9465
10.5485 9684
10.5485 9898
10.5485 10107
10.5488 10312
10.5488 10513
10.5488 10710
10.5491 10903
10.5491 11093
10.5491 11279
10.5494 11462
10.5494 11642
10.5494 11820
10.5498 11995
10.5498 12167
10.5498 12337
10.5501 5040
10.5504 5451
10.5507 5831
10.551 6186
10.5514 6521
10.5517 2880
10.552 3600
10.5523 4176
10.5527 4672
10.553 5115
10.5536 2880
10.5539 3600
10.5543 4176
10.5546 4672
10.5549 5115
10.5553 5520
10.5556 5895
10.5559 6246
10.5559 6577
10.5562 6892
10.5562 7192
10.5566 7480
10.5566 7757
10.5569 8024
10.5569 8282
10.5572 8532
10.5572 8775
10.5575 9011
10.5575 9241
10.5575 9465
10.5578 9684
10.5578 9898
10.5578 10107
10.5582 10312
10.5582 10513
10.5582 10710
10.5585 4320
10.5588 4800
10.5591 5232
10.5594 5628
10.5597 5996
10.56 6341
10.56 6668
10.5604 6978
10.5604 7275
10.5607 7560
10.5607 7834
10.561 8098
10.561 8354
10.5613 8602
10.5613 8843
10.5616 9077
10.5616 9305
10.562 9527
10.5623 3600
10.5629 4176
10.5632 4672
10.5636 5115
10.5642 2880
10.5644 3600
10.5647 4176
10.565 4672
10.5654 5115
10.566 2880
10.5663 3600
10.5666 4176
10.7669 4672
10.7679 2880
10.7686 3600
10.7696 2880
10.7699 3600
10.7702 4176
10.9705 4672
10.9712 2880
10.9715 3600
10.9719 4176
10.9722 4672
10.9725 5115
10.9728 5520
10.9731 5895
10.9734 6246
10.9734 6577
10.9737 6892
10.974 2880
10.9744 3600
10.9747 4176
10.975 4672
10.9753 5115
10.9757 5520
10.976 5895
10.9763 6246
10.9763 6577
10.9766 6892
10.9766 7192
10.9769 7480
10.977 7757
10.9773 8024
10.9773 8282
10.9776 8532
10.9779 2880
10.9785 3600
10.9788 4176
10.9792 4672
10.9795 5115
10.9798 5520
10.9801 5895
10.9805 6246
10.9808 6577
10.9811 2880
10.9814 3600
10.9817 4176
10.982 4672
10.9823 5115
10.9827 5520
10.983 5895
10.9833 6246
10.9833 6577
10.9836 6892
10.9836 7192
10.9839 7480
10.9839 7757
10.9842 8024
10.9842 8282
10.9844 8532
10.9845 8775
10.9848 9011
10.9851 3600
10.9857 4176
10.986 4672
10.9864 5115
10.9867 5520
10.987 5895
10.9873 6246
10.9873 6577
10.9876 6892
10.9877 7192
10.988 7480
10.988 7757
10.9883 8024
10.9883 8282
10.9886 8532
10.9886 8775
10.9889 9011
10.989 9241
10.989 9465
10.9893 9684
10.9893 9898
10.9893 10107
10.9896 10312
10.9896 10513
10.9896 10710
10.9899 4320
10.9902 4800
10.9905 5232
10.9909 5628
10.9912 5996
10.9915 6341
10.9922 2880
10.9928 3600
10.9932 4176
10.9935 4672
10.9938 5115
10.9945 2880
10.9948 3600
10.995 4176
10.9953 4672
10.9956 5115
10.9959 5520
10.9963 5895
10.9966 6246
10.9966 6577
10.9969 6892
10.9969 7192
10.9972 7480
10.9973 7757
10.9975 8024
10.9975 8282
10.9978 8532
10.9979 8775
10.9982 9011
10.9982 9241
10.9982 9465
10.9985 9684
10.9985 9898
10.9985 10107
10.9988 10312
10.9988 10513
10.9988 10710
10.9992 10903
10.9992 11093
10.9992 11279
10.9995 11462
10.9995 11642
10.9995 11820
10.9998 11995
10.9998 12167
10.9998 12337
10.9998 12505
11.0002 12670
11.0002 12833
11.0002 12994
11.0002 13153
11.0008 5760
11.0029 6120
11.0032 2880
11.0035 3600
11.0038 4176
11.0041 4672
11.0044 5115
11.0047 5520
11.0051 5895
11.0054 6246
11.006 2880
11.0067 3600
11.007 4176
11.0073 4672
11.0075 5115
11.0078 5520
11.008 5895
11.0083 6246
11.0083 6577
11.0086 6892
11.0087 7192
11.009 7480
11.009 7757
11.0093 8024
11.0096 2880
11.0099 3600
11.0102 4176
11.0105 4672
11.0108 5115
11.0112 5520
11.0115 5895
11.0118 6246
11.0118 6577
11.0121 6892
11.0121 7192
11.0125 7480
11.0125 7757
11.0127 8024
11.0128 8282
11.013 8532
11.013 8775
11.0133 9011
11.0133 9241
11.0133 9465
11.0136 9684
11.0136 9898
11.0136 10107
11.0139 10312
11.0139 10513
11.0139 10710
11.0142 10903
11.0142 11093
11.0142 11279
11.0145 11462
11.0145 11642
11.0145 11820
11.0149 11995
11.0149 12167
11.0149 12337
11.0152 5040
11.0155 5451
11.0158 5831
11.0162 6186
11.0164 6521
11.0167 2880
11.0169 3600
11.0172 4176
11.0174 4672
11.0177 5115
11.018 5520
11.0183 5895
11.0187 6246
11.0187 6577
11.019 6892
11.019 7192
11.0193 7480
11.0193 7757
11.0196 8024
11.0196 8282
11.0199 8532
11.0199 8775
11.0202 9011
11.0202 9241
11.0202 9465
11.0205 9684
11.0205 9898
11.0205 10107
11.0208 10312
11.0208 10513
11.0208 10710
11.0211 10903
11.0211 11093
11.0212 11279
11.0215 11462
11.0215 11642
11.0215 11820
11.0218 11995
11.0218 12167
11.0218 12337
11.0218 12505
11.0221 12670
11.0221 12833
11.0221 12994
11.0221 13153
11.0223 13310
11.0223 13465
11.0224 13618
11.0224 13770
11.0226 13920
11.0226 14068
11.0226 14215
11.0226 14360
11.0229 14504
11.0229 14646
11.0229 14787
11.0229 14927
11.0232 15065
11.0232 15202
11.0232 15338
11.0232 15473
11.0232 15607
11.0235 15739
11.0235 15870
11.0235 16000
11.0235 16129
11.0235 16257
11.0238 16384
11.0238 16510
11.0238 16635
11.0238 16759
11.0239 16882
11.0241 17004
11.0242 17125
11.0242 17246
11.0242 17366
11.0242 17485
11.0245 17603
11.0245 17720
11.0245 17837
11.0245 17953
11.0245 18068
11.0245 18182
11.0248 18296
11.0248 18409
11.0248 18521
11.0248 18632
11.0248 18743
11.0248 18853
11.0251 18962
11.0251 19071
11.0251 19179
11.0251 19287
11.0252 19394
11.0255 8640
11.0257 8880
11.0258 9113
11.0258 9340
11.026 9562
11.026 9778
11.026 9990
11.0263 10197
11.0263 10400
11.0263 10599
11.0265 10794
11.0265 10986
11.0265 11174
11.0268 11359
11.0268 11541
11.0268 11720
11.0271 11896
11.0271 12070
11.0271 12241
11.0271 12410
11.0274 12577
11.0274 12741
11.0274 12903
11.0274 13063
11.0277 13221
11.0277 13377
11.0277 13532
11.0277 13685
11.028 13836
11.0281 13985
11.0281 14133
11.0281 14279
11.0284 14424
11.0284 14567
11.0284 14709
11.0284 14849
11.0287 14988
11.0287 15126
11.0287 15263
11.0287 15398
11.0287 15532
11.029 15665
11.029 15797
11.029 15928
11.029 16058
11.029 16187
11.0293 16315
11.0293 16442
11.0293 16568
11.0293 16693
11.0293 16817
11.0296 16940
11.0296 17062
11.0296 17183
11.0296 17303
11.0296 17422
11.0299 17541
11.0299 17659
11.03 17776
11.03 17892
11.03 18007
11.03 18122
11.0303 18236
11.0303 18349
11.0303 18462
11.0303 18574
11.0303 18685
11.0303 18795
11.0306 18905
11.0306 19014
11.0306 19123
11.0306 19231
11.0306 19338
11.0306 19445
11.0309 19551
11.0309 19657
11.0309 19762
11.031 19866
11.031 19970
11.031 20073
11.0312 20176
11.0313 20278
11.0313 20380
11.0313 20481
11.0313 20582
11.0313 20682
11.0316 20782
11.0316 20881
11.0316 20980
11.0316 21078
11.0316 21176
11.0316 21273
11.0316 21370
11.0319 21467
11.0319 21563
11.0319 21659
11.0319 21754
11.0319 21849
11.0319 21943
11.0319 22037
11.0322 22131
11.0322 22224
11.0322 22317
11.0322 10080
11.0326 10285
11.0329 10486
11.0329 10683
11.0329 10877
11.0331 11067
11.0332 11254
11.0332 11438
11.0335 11619
11.0335 11797
11.0335 11972
11.0338 12145
11.0338 12315
11.0338 12483
11.0338 12649
11.0341 12812
11.0341 5040
11.0345 5451
11.0347 5831
11.0349 6186
11.0349 6521
11.0352 6838
11.0352 7141
11.0354 7431
11.0354 7710
11.0357 7978
11.0357 8237
11.036 8488
11.036 8732
11.0363 8969
11.0363 9200
11.0363 9425
11.0366 9645
11.0366 3600
11.037 4176
11.0373 4672
11.0376 5115
11.0379 5520
11.0382 5895
11.0385 2880
11.0389 3600
11.0392 4176
11.0395 4672
11.0398 5115
11.0405 2880
11.0408 3600
11.041 4176
11.0413 4672
11.0416 5115
11.0419 5520
11.0422 5895
11.0425 6246
11.0425 6577
11.0428 6892
11.0431 2880
11.0434 3600
11.0437 4176
11.044 4672
11.0443 5115
11.0446 5520
11.0448 5895
11.0451 6246
11.0451 6577
11.0454 6892
11.0454 7192
11.0458 7480
11.0458 7757
11.0461 8024
11.0464 2880
11.0467 3600
11.0469 4176
11.0472 4672
11.0475 5115
11.0478 5520
11.048 5895
11.0483 6246
11.0484 6577
11.0487 6892
11.0487 7192
11.049 7480
11.049 7757
11.0493 8024
11.0493 8282
11.0496 8532
11.0496 8775
11.0498 9011
11.0499 9241
11.0499 9465
11.0502 9684
11.0502 9898
11.0502 10107
11.0505 10312
11.0505 10513
11.0505 10710
11.0507 10903
11.0507 11093
11.0507 11279
11.051 11462
11.051 11642
11.051 11820
11.0513 11995
11.0513 12167
11.0513 12337
11.0513 12505
11.0516 12670
11.0516 12833
11.0516 12994
11.0516 13153
11.0519 13310
11.0519 13465
11.0519 13618
11.052 13770
11.0523 13920
11.0523 14068
11.0523 14215
11.0523 14360
11.0526 14504
11.0526 14646
11.0526 14787
11.0526 14927
11.0528 15065
11.0529 15202
11.0529 15338
11.0529 15473
11.0529 15607
11.0531 15739
11.0531 15870
11.0531 16000
11.0531 16129
11.0532 16257
11.0534 16384
11.0534 16510
11.0534 16635
11.0534 16759
11.0535 16882
11.0537 17004
11.0538 17125
11.0538 17246
11.0538 17366
11.0538 17485
11.0541 17603
11.0541 17720
11.0541 17837
11.0541 17953
11.0541 18068
11.0541 18182
11.0544 18296
11.0544 18409
11.0544 18521
11.0544 18632
11.0544 18743
11.0544 18853
11.0547 18962
11.0547 19071
11.0547 19179
11.0547 19287
11.0547 19394
11.0547 19500
11.055 19606
11.055 19711
11.055 19816
11.055 19920
11.055 20024
11.055 20127
11.0552 20230
11.0552 20332
11.0552 20433
11.0552 20534
11.0552 20634
11.0552 20734
11.0554 20834
11.0554 20933
11.0554 21032
11.0554 21130
11.0554 21228
11.0554 21325
11.0554 21422
11.0556 21518
11.0556 21614
11.0556 21709
11.0556 21804
11.0556 21899
11.0556 21993
11.0557 22087
11.0558 22180
11.0558 22273
11.0558 22366
11.0558 22458
11.0559 22550
11.0559 22641
11.0559 22732
11.0561 22823
11.0561 22913
11.0561 23003
11.0561 23093
11.0561 23182
11.0561 23271
11.0561 23360
11.0563 23448
11.0563 23536
11.0563 23624
11.0563 23711
11.0563 23798
11.0563 23885
11.0563 23971
11.0563 24057
11.0565 24143
11.0565 24228
11.0566 24313
11.0566 24398
11.0566 24482
11.0566 24566
11.0566 24650
11.0566 24734
11.0568 24817
11.0568 24900
11.0568 24983
11.0568 25066
11.0568 25148
11.0568 25230
11.0569 25312
11.0569 25393
11.0571 25474
11.0571 25555
11.0571 25636
11.0571 25716
11.0571 25796
11.0571 25876
11.0571 25956
11.0571 26035
11.0574 26114
11.0574 26193
11.0574 26272
11.0574 26350
11.0574 26428
11.0574 26506
11.0574 26584
11.0574 26662
11.0574 26739
11.0577 26816
11.0577 26893
11.0577 26970
11.0577 27046
11.0577 27122
11.0577 27198
11.0577 27274
11.0577 27350
11.0577 27425
11.058 27500
11.058 27575
11.058 27650
11.058 27724
11.058 27798
11.0581 27872
11.0581 27946
11.0581 28020
11.0581 28094
11.0583 28167
11.0583 28240
11.0584 28313
11.0584 28386
11.0584 28459
11.0584 28531
11.0584 28603
11.0584 28675
11.0584 28747
11.0587 28819
11.0587 13680
11.059 13831
11.059 13980
11.0592 14128
11.0592 14274
11.0592 14419
11.0592 14562
11.0594 14704
11.0594 14845
11.0594 14984
11.0594 15122
11.0594 15259
11.0596 15394
11.0596 15528
11.0597 15661
11.0597 15793
11.0597 15924
11.0598 16054
11.0599 16183
11.0599 16311
11.0599 16438
11.0599 16564
11.06 16689
11.0601 16813
11.0601 16936
11.0601 17058
11.0601 17179
11.0603 17299
11.0603 17418
11.0603 17537
11.0603 17655
11.0603 17772
11.0605 17888
11.0605 18003
11.0605 18118
11.0605 18232
11.0605 18345
11.0605 18458
11.0607 18570
11.0607 18681
11.0607 18792
11.0607 18902
11.0607 19011
11.0608 19120
11.061 19228
11.061 19335
11.061 19442
11.061 19548
11.061 19654
11.061 19759
11.0612 19863
11.0612 19967
11.0612 20070
11.0612 20173
11.0612 20275
11.0612 20377
11.0615 20478
11.0615 20579
11.0615 20679
11.0615 20779
11.0615 20878
11.0615 20977
11.0615 21075
11.0618 21173
11.0618 21270
11.0618 21367
11.0618 21464
11.0618 21560
11.0618 21656
11.0618 21751
11.062 21846
11.0621 21940
11.0621 22034
11.0621 22128
11.0621 22221
11.0621 22314
11.0621 22406
11.0623 22498
11.0623 22590
11.0624 22681
11.0624 22772
11.0624 22863
11.0624 22953
11.0624 23043
11.0626 23132
11.0626 23221
11.0627 23310
11.0627 23398
11.0627 23486
11.0627 23574
11.0627 23661
11.0627 23748
11.063 23835
11.063 23921
11.063 24007
11.063 24093
11.063 24179
11.063 24264
11.063 24349
11.063 24434
11.0633 24518
11.0633 24602
11.0633 24686
11.0633 24769
11.0633 24852
11.0634 24935
11.0634 25018
11.0634 25100
11.0636 25182
11.0636 25264
11.0636 25346
11.0636 25427
11.0636 25508
11.0636 25589
11.0636 25670
11.0637 25750
11.0639 25830
11.0639 25910
11.0639 25990
11.0639 26069
11.0639 26148
11.0639 26227
11.0639 26306
11.0639 26384
11.0642 26462
11.0642 26540
11.0642 26618
11.0642 26695
11.0642 26772
11.0642 26849
11.0642 26926
11.0642 27003
11.0642 27079
11.0645 27155
11.0645 27231
11.0645 27307
11.0645 27382
11.0645 27457
11.0645 27532
11.0645 27607
11.0645 27682
11.0645 27756
11.0648 27830
11.0648 27904
11.0648 27978
11.0648 28052
11.0648 28125
11.0648 28198
11.0648 28271
11.0648 28344
11.0648 28417
11.0651 28489
