1 10107
1.00668 10312
1.01732 10513
1.02939 10710
1.04684 4320
1.08198 4800
1.09333 5232
1.10457 5628
1.1158 5996
1.12727 6341
1.13863 6668
1.14986 6978
1.1611 7275
1.17233 7560
1.18345 7834
1.19456 8098
1.20604 8354
1.21763 8602
1.22887 8843
1.24022 9077
1.25146 9305
1.26233 9527
1.27369 9744
1.2854 9956
1.29663 10164
1.31349 4320
1.34683 4800
1.35831 5232
1.36954 5628
1.38113 5996
1.39237 6341
1.4036 6668
1.41508 6978
1.42667 7275
1.43767 7560
1.44819 7834
1.46085 8098
1.47209 8354
1.48332 8602
1.49456 8843
1.50579 9077
1.51703 9305
1.52826 9527
1.53974 9744
1.55109 9956
1.56794 3600
1.59543 4176
1.60679 4672
1.61814 5115
1.62938 5520
1.64061 5895
1.65185 6246
1.6577 6577
1.66846 6892
1.67922 7192
1.69021 7480
1.70097 7757
1.71197 8024
1.72308 8282
1.73372 8532
1.74436 8775
1.75428 9011
1.76467 9241
1.77531 9465
1.78487 9684
1.79348 9898
1.80471 10107
1.81583 10312
1.82599 10513
1.83603 10710
1.84678 10903
1.85706 11093
1.87236 4320
1.9026 4800
1.91372 5232
1.92495 5628
1.93619 5996
1.94742 6341
1.95244 6668
1.95877 6978
1.96881 7275
1.97897 7560
1.98913 7834
1.99905 8098
2.00957 8354
2.01961 8602
2.02977 8843
2.04005 9077
2.04997 9305
2.06073 9527
2.071 9744
2.08152 9956
2.09264 10164
2.10268 10368
2.11296 10568
2.12383 10764
2.13543 10956
2.14618 11145
2.16148 4320
2.18682 4800
2.19805 5232
2.20929 5628
2.22052 5996
2.23176 6341
2.23762 6668
2.24311 6978
2.24897 7275
2.25447 7560
2.26032 7834
2.27036 8098
2.28088 8354
2.2908 8602
2.30108 8843
2.31124 9077
2.32116 9305
2.33144 9527
2.34148 9744
2.35152 9956
2.36156 10164
2.37172 10368
2.38295 10568
2.39275 10764
2.40375 10956
2.41498 11145
2.43124 4320
2.4616 4800
2.47175 5232
2.48299 5628
2.49422 5996
2.50546 6341
2.51144 6668
2.52267 6978
2.53307 7275
2.54359 7560
2.5541 7834
2.56474 8098
2.57514 8354
2.58566 8602
2.59629 8843
2.60681 9077
2.61685 9305
2.62701 9527
2.63801 9744
2.64864 9956
2.6594 10164
2.67076 10368
2.68163 10568
2.69275 10764
2.7041 10956
2.71546 11145
2.73195 4320
2.75884 4800
2.7702 5232
2.78143 5628
2.79267 5996
2.8039 6341
2.80964 6668
2.81526 6978
2.82661 7275
2.83761 7560
2.84896 7834
2.86019 8098
2.87143 8354
2.88278 8602
2.89414 8843
2.90549 9077
2.91673 9305
2.92796 9527
2.9392 9744
2.95605 3600
2.98462 4176
2.99633 4672
3.00768 5115
3.01904 5520
3.03087 5895
3.04234 6246
3.05394 6577
3.06529 6892
3.07653 7192
3.08776 7480
3.099 7757
3.11023 8024
3.12147 8282
3.1327 8532
3.14394 8775
3.15517 9011
3.16664 9241
3.17788 9465
3.18923 9684
3.2013 9898
3.21816 3600
3.23979 4176
3.25114 4672
3.2625 5115
3.27373 5520
3.28616 5895
3.29764 6246
3.30887 6577
3.32011 6892
3.33134 7192
3.34258 7480
3.35357 7757
3.36505 8024
3.37652 8282
3.38776 8532
3.39899 8775
3.40939 9011
3.42062 9241
3.43282 9465
3.44345 9684
3.4554 9898
3.46771 10107
3.47871 10312
3.49018 10513
3.50154 10710
3.51265 10903
3.52987 4320
3.56369 4800
3.57469 5232
3.5864 5628
3.59763 5996
3.60887 6341
3.61998 6668
3.63146 6978
3.64269 7275
3.65417 7560
3.66564 7834
3.67687 8098
3.68823 8354
3.69958 8602
3.71082 8843
3.72205 9077
3.73341 9305
3.74464 9527
3.75612 9744
3.76735 9956
3.7842 3600
3.80667 4176
3.81803 4672
3.82938 5115
3.84062 5520
3.85209 5895
3.86345 6246
3.87444 6577
3.8858 6892
3.89703 7192
3.90874 7480
3.91998 7757
3.93109 8024
3.94245 8282
3.95404 8532
3.96528 8775
3.97651 9011
3.98811 9241
3.99946 9465
4.01069 9684
4.02217 9898
4.0334 10107
4.05026 4320
4.08396 4800
4.09531 5232
4.10655 5628
4.11778 5996
4.12926 6341
4.14049 6668
4.15185 6978
4.16308 7275
4.1748 7560
4.18639 7834
4.19774 8098
4.20898 8354
4.22045 8602
4.23145 8843
4.24268 9077
4.25416 9305
4.26527 9527
4.27675 9744
4.28822 9956
4.29969 10164
4.31093 10368
4.32216 10568
4.3334 10764
4.35061 4320
4.38431 4800
4.39555 5232
4.40678 5628
4.41814 5996
4.42961 6341
4.44109 6668
4.45256 6978
4.46379 7275
4.47563 7560
4.48686 7834
4.49834 8098
4.50957 8354
4.52081 8602
4.53216 8843
4.54351 9077
4.55487 9305
4.56622 9527
4.57746 9744
4.59443 3600
4.61702 4176
4.62837 4672
4.63973 5115
4.65096 5520
4.6622 5895
4.67343 6246
4.67941 6577
4.69064 6892
4.70224 7192
4.71347 7480
4.7253 7757
4.73666 8024
4.74825 8282
4.75973 8532
4.77096 8775
4.78243 9011
4.79367 9241
4.80502 9465
4.81626 9684
4.82749 9898
4.84423 3600
4.86717 4176
4.87853 4672
4.88988 5115
4.90112 5520
4.91235 5895
4.92359 6246
4.9304 6577
4.93494 6892
4.94689 7192
4.95885 7480
4.9702 7757
4.98156 8024
4.99291 8282
5.00426 8532
5.0155 8775
5.02673 9011
5.03809 9241
5.04944 9465
5.06068 9684
5.07203 9898
5.08912 3600
5.11135 4176
5.12271 4672
5.13406 5115
5.1453 5520
5.15653 5895
5.16777 6246
5.17303 6577
5.17912 6892
5.19072 7192
5.20315 7480
5.2145 7757
5.22585 8024
5.23757 8282
5.24952 8532
5.26075 8775
5.27199 9011
5.28334 9241
5.29458 9465
5.30581 9684
5.31705 9898
5.3339 3600
5.35649 4176
5.36796 4672
5.37932 5115
5.39103 5520
5.40227 5895
5.4135 6246
5.42545 6577
5.43717 6892
5.4484 7192
5.46023 7480
5.47159 7757
5.4827 8024
5.49406 8282
5.50541 8532
5.51677 8775
5.528 9011
5.53936 9241
5.55059 9465
5.56182 9684
5.57294 9898
5.58465 10107
5.60186 4320
5.63569 4800
5.64704 5232
5.65852 5628
5.66999 5996
5.68134 6341
5.6927 6668
5.70405 6978
5.71541 7275
5.72676 7560
5.73812 7834
5.74935 8098
5.76059 8354
5.77182 8602
5.78282 8843
5.79417 9077
5.80565 9305
5.817 9527
5.82823 9744
5.83995 9956
5.85142 10164
5.86266 10368
5.87389 10568
5.88572 10764
5.90317 4320
5.93688 4800
5.94811 5232
5.95935 5628
5.9707 5996
5.98194 6341
5.99341 6668
6.00501 6978
6.01612 7275
6.02747 7560
6.03895 7834
6.05042 8098
6.06166 8354
6.07301 8602
6.08437 8843
6.0956 9077
6.10684 9305
6.11879 9527
6.13014 9744
6.14723 3600
6.16946 4176
6.18082 4672
6.19217 5115
6.20341 5520
6.21464 5895
6.22588 6246
6.23138 6577
6.24237 6892
6.25361 7192
6.2652 7480
6.27655 7757
6.28779 8024
6.29938 8282
6.31062 8532
6.32173 8775
6.33297 9011
6.34432 9241
6.35484 9465
6.36631 9684
6.37874 9898
6.38998 10107
6.40121 10312
6.41245 10513
6.42333 10710
6.44101 4320
6.47484 4800
6.48607 5232
6.49731 5628
6.50854 5996
6.51978 6341
6.52551 6668
6.53675 6978
6.54798 7275
6.55922 7560
6.57045 7834
6.58073 8098
6.59197 8354
6.60416 8602
6.61539 8843
6.62663 9077
6.63774 9305
6.64886 9527
6.66021 9744
6.67157 9956
6.68304 10164
6.70025 4320
6.73408 4800
6.74471 5232
6.75619 5628
6.76814 5996
6.77961 6341
6.79097 6668
6.80232 6978
6.81344 7275
6.82491 7560
6.83627 7834
6.84762 8098
6.85909 8354
6.87033 8602
6.88156 8843
6.8928 9077
6.90403 9305
6.91527 9527
6.92662 9744
6.94395 3600
6.96642 4176
6.97778 4672
6.98913 5115
7.00037 5520
7.0116 5895
7.02284 6246
7.02845 6577
7.03419 6892
7.04555 7192
7.0569 7480
7.06825 7757
7.07961 8024
7.09084 8282
7.1022 8532
7.11343 8775
7.12467 9011
7.13602 9241
7.14726 9465
7.15849 9684
7.16973 9898
7.18658 3600
7.20833 4176
7.21981 4672
7.23116 5115
7.2424 5520
7.25363 5895
7.26498 6246
7.27658 6577
7.28793 6892
7.29893 7192
7.31016 7480
7.32188 7757
7.33311 8024
7.34447 8282
7.3557 8532
7.3667 8775
7.37781 9011
7.38952 9241
7.40088 9465
7.41235 9684
7.42407 9898
7.4353 10107
7.44654 10312
7.45777 10513
7.46913 10710
7.48048 10903
7.49721 4320
7.53104 4800
7.54227 5232
7.55375 5628
7.56522 5996
7.57669 6341
7.58793 6668
7.59916 6978
7.61076 7275
7.62175 7560
7.63311 7834
7.6447 8098
7.65605 8354
7.66753 8602
7.67876 8843
7.69012 9077
7.70135 9305
7.71283 9527
7.72418 9744
7.74103 3600
7.769 4176
7.78059 4672
7.79207 5115
7.8033 5520
7.81454 5895
7.82577 6246
7.83175 6577
7.84298 6892
7.85422 7192
7.86545 7480
7.87693 7757
7.88828 8024
7.89952 8282
7.91075 8532
7.92199 8775
7.93322 9011
7.94446 9241
7.95557 9465
7.96669 9684
7.9784 9898
7.99561 3600
8.01689 4176
8.02824 4672
8.03959 5115
8.05083 5520
8.06206 5895
8.0733 6246
8.07892 6577
8.08465 6892
8.09027 7192
8.10127 7480
8.11298 7757
8.12421 8024
8.13545 8282
8.1468 8532
8.15804 8775
8.16927 9011
8.18051 9241
8.19162 9465
8.20322 9684
8.21457 9898
8.2313 3600
8.25389 4176
8.26525 4672
8.27744 5115
8.28867 5520
8.29991 5895
8.31114 6246
8.31712 6577
8.32847 6892
8.34007 7192
8.35118 7480
8.36242 7757
8.37377 8024
8.38501 8282
8.39624 8532
8.4076 8775
8.41895 9011
8.43007 9241
8.4413 9465
8.45301 9684
8.46437 9898
8.48134 3600
8.50381 4176
8.51516 4672
8.52652 5115
8.53775 5520
8.54899 5895
8.56022 6246
8.56584 6577
8.57708 6892
8.58831 7192
8.59883 7480
8.61018 7757
8.62225 8024
8.63361 8282
8.6452 8532
8.65644 8775
8.66767 9011
8.67843 9241
8.69002 9465
8.70138 9684
8.71273 9898
8.72946 3600
8.75205 4176
8.76341 4672
8.77476 5115
8.786 5520
8.79723 5895
8.80847 6246
8.81408 6577
8.81982 6892
8.83106 7192
8.8411 7480
8.85137 7757
8.86285 8024
8.8748 8282
8.88639 8532
8.89763 8775
8.90934 9011
8.92058 9241
8.93169 9465
8.94293 9684
8.9544 9898
8.97149 3600
8.9997 4176
9.01093 4672
9.02241 5115
9.034 5520
9.04547 5895
9.05671 6246
9.06806 6577
9.0793 6892
9.0897 7192
9.09986 7480
9.11336 7757
9.12472 8024
9.13595 8282
9.14731 8532
9.15866 8775
9.17001 9011
9.18137 9241
9.19272 9465
9.20432 9684
9.21519 9898
9.23276 3600
9.25535 4176
9.26671 4672
9.27806 5115
9.2893 5520
9.30053 5895
9.31176 6246
9.31738 6577
9.32862 6892
9.33973 7192
9.35133 7480
9.36268 7757
9.37415 8024
9.38551 8282
9.39674 8532
9.4081 8775
9.41933 9011
9.43033 9241
9.44192 9465
9.45328 9684
9.46475 9898
9.4816 3600
9.50395 4176
9.51531 4672
9.52666 5115
9.53802 5520
9.54925 5895
9.56049 6246
9.56598 6577
9.57734 6892
9.58857 7192
9.59993 7480
9.61128 7757
9.62252 8024
9.63375 8282
9.64499 8532
9.65622 8775
9.66758 9011
9.67821 9241
9.68945 9465
9.70128 9684
9.71263 9898
9.72973 3600
9.7522 4176
9.76355 4672
9.7749 5115
9.78614 5520
9.79737 5895
9.80861 6246
9.81435 6577
9.82534 6892
9.83658 7192
9.84686 7480
9.85893 7757
9.87016 8024
9.88164 8282
9.89287 8532
9.90148 8775
9.91271 9011
9.92514 9241
9.9365 9465
9.94773 9684
9.95932 9898
9.97068 10107
9.98191 10312
9.99315 10513
10.0044 10710
10.021 4320
10.0557 4800
10.0668 5232
10.0781 5628
10.0894 5996
10.1006 6341
10.1068 6668
10.1183 6978
10.1294 7275
10.1406 7560
10.1519 7834
10.1632 8098
10.1745 8354
10.1859 8602
10.1972 8843
10.2084 9077
10.2198 9305
10.231 9527
10.2422 9744
10.2591 3600
10.2817 4176
10.293 4672
10.3044 5115
10.3156 5520
10.3268 5895
10.3381 6246
10.3447 6577
10.3549 6892
10.3672 7192
10.3785 7480
10.3897 7757
10.401 8024
10.4112 8282
10.4225 8532
10.4349 8775
10.4461 9011
10.4574 9241
10.4691 9465
10.4802 9684
10.4913 9898
10.5028 10107
10.5143 10312
10.5312 4320
10.5654 4800
10.5766 5232
10.5879 5628
10.5991 5996
10.6103 6341
10.6216 6668
10.6328 6978
10.6441 7275
10.6553 7560
10.6654 7834
10.6767 8098
10.6901 8354
10.7013 8602
10.7133 8843
10.724 9077
10.7354 9305
10.7455 9527
10.7571 9744
10.769 9956
10.7801 10164
10.7918 10368
10.803 10568
10.8143 10764
10.8255 10956
10.8423 4320
10.8765 4800
10.8878 5232
10.899 5628
10.9102 5996
10.9215 6341
10.928 6668
10.9394 6978
10.9511 7275
10.9623 7560
10.9736 7834
10.9843 8098
10.9954 8354
11.0123 8602
11.0233 8843
11.0348 9077
11.0466 9305
11.0579 9527
11.0692 9744
11.0805 9956
11.0916 10164
11.1027 10368
11.1139 10568
11.1252 10764
11.1419 4320
11.1749 4800
11.1862 5232
11.1975 5628
11.2088 5996
11.22 6341
11.2311 6668
11.2423 6978
11.2535 7275
11.2644 7560
11.2756 7834
11.287 8098
11.2983 8354
11.3094 8602
11.3205 8843
11.3317 9077
11.343 9305
11.3542 9527
11.3654 9744
11.3767 9956
11.388 10164
11.3991 10368
11.4103 10568
11.4215 10764
11.4383 4320
11.4716 4800
11.4828 5232
11.4943 5628
11.5055 5996
11.5168 6341
11.5225 6668
11.5281 6978
11.5393 7275
11.5506 7560
11.5618 7834
11.5729 8098
11.5839 8354
11.5949 8602
11.606 8843
11.6176 9077
11.6287 9305
11.6397 9527
11.6516 9744
11.6628 9956
11.674 10164
11.6853 10368
11.6964 10568
11.7076 10764
11.7245 4320
11.7578 4800
11.7688 5232
11.7801 5628
11.7913 5996
11.8025 6341
11.8085 6668
11.8197 6978
11.831 7275
11.8422 7560
11.8536 7834
11.8648 8098
11.8759 8354
11.8869 8602
11.8981 8843
11.9091 9077
11.9204 9305
11.9312 9527
11.9425 9744
11.9537 9956
11.9651 10164
11.9763 10368
11.9874 10568
11.9988 10764
12.01 10956
12.0266 4320
12.0596 4800
12.071 5232
12.0822 5628
12.0936 5996
12.1049 6341
12.1163 6668
12.1275 6978
12.1389 7275
12.15 7560
12.1613 7834
12.1724 8098
12.1834 8354
12.1944 8602
12.2054 8843
12.2164 9077
12.2274 9305
12.2387 9527
12.2499 9744
12.262 9956
12.2732 10164
12.2842 10368
12.2952 10568
12.3064 10764
12.3177 10956
12.3344 4320
12.3674 4800
12.3784 5232
12.3896 5628
12.4008 5996
12.4121 6341
12.4177 6668
12.4288 6978
12.4399 7275
12.4509 7560
12.462 7834
12.473 8098
12.484 8354
12.495 8602
12.5061 8843
12.5171 9077
12.5285 9305
12.5397 9527
12.551 9744
12.5622 9956
12.5733 10164
12.5845 10368
12.5957 10568
12.6067 10764
12.6178 10956
12.6343 4320
12.6676 4800
12.6786 5232
12.6901 5628
12.7013 5996
12.7129 6341
12.7243 6668
12.7355 6978
12.7467 7275
12.7577 7560
12.7687 7834
12.7797 8098
12.7908 8354
12.8018 8602
12.8129 8843
12.8241 9077
12.8353 9305
12.8465 9527
12.8578 9744
12.8689 9956
12.8801 10164
12.8915 10368
12.9026 10568
12.9136 10764
12.9246 10956
12.9411 4320
12.9738 4800
12.9851 5232
12.9963 5628
13.0079 5996
13.0197 6341
13.031 6668
13.0419 6978
13.0529 7275
13.0642 7560
13.0752 7834
13.0862 8098
13.0974 8354
13.1084 8602
13.1195 8843
13.1308 9077
13.142 9305
13.1532 9527
13.1645 9744
13.1756 9956
13.1867 10164
13.1977 10368
13.2087 10568
13.2197 10764
13.2362 4320
13.2689 4800
13.28 5232
13.2916 5628
13.3031 5996
13.3146 6341
13.3257 6668
13.3369 6978
13.3482 7275
13.3593 7560
13.3703 7834
13.3815 8098
13.3927 8354
13.4037 8602
13.415 8843
13.4262 9077
13.4373 9305
13.4486 9527
13.4543 9744
13.4655 9956
13.4766 10164
13.4879 10368
13.499 10568
13.51 10764
13.5265 4320
13.554 4800
13.5653 5232
13.5766 5628
13.5879 5996
13.5994 6341
13.6107 6668
13.622 6978
13.6331 7275
13.6441 7560
13.6551 7834
13.6661 8098
13.6771 8354
13.6883 8602
13.6993 8843
13.7103 9077
13.7217 9305
13.7327 9527
13.744 9744
13.7555 9956
13.7666 10164
13.7778 10368
13.7891 10568
13.8001 10764
13.8111 10956
13.8276 4320
13.8607 4800
13.8718 5232
13.883 5628
13.8945 5996
13.9064 6341
13.9178 6668
13.9289 6978
13.9399 7275
13.9509 7560
13.9619 7834
13.9729 8098
13.9841 8354
13.9951 8602
14.0061 8843
14.0174 9077
14.0286 9305
14.0396 9527
14.0512 9744
14.0628 9956
14.074 10164
14.085 10368
14.096 10568
14.107 10764
14.1235 4320
14.1566 4800
14.1678 5232
14.1791 5628
14.1903 5996
14.2015 6341
14.207 6668
14.2129 6978
14.2238 7275
14.2348 7560
14.2458 7834
14.2567 8098
14.2677 8354
14.279 8602
14.29 8843
14.301 9077
14.3122 9305
14.3232 9527
14.3347 9744
14.3459 9956
14.3571 10164
14.3687 10368
14.3797 10568
14.3907 10764
14.4017 10956
14.4182 4320
14.4513 4800
14.4624 5232
14.4743 5628
14.4859 5996
14.4971 6341
14.5083 6668
14.5195 6978
14.5305 7275
14.5414 7560
14.5524 7834
14.5634 8098
14.5747 8354
14.5854 8602
14.5964 8843
14.6077 9077
14.6188 9305
14.6302 9527
14.6415 9744
14.6527 9956
14.6641 10164
14.6753 10368
14.6863 10568
14.6973 10764
14.7138 4320
14.7469 4800
14.758 5232
14.7695 5628
14.7807 5996
14.792 6341
14.8032 6668
14.8143 6978
14.8253 7275
14.8363 7560
14.8473 7834
14.8583 8098
14.8694 8354
14.8804 8602
14.8912 8843
14.9024 9077
14.9138 9305
14.9249 9527
14.9362 9744
14.9473 9956
14.9589 10164
14.9703 10368
14.9813 10568
14.9923 10764
15.0088 4320
15.0419 4800
15.053 5232
15.0642 5628
15.0757 5996
15.0869 6341
15.0926 6668
15.0983 6978
15.1093 7275
15.1203 7560
15.1313 7834
15.1425 8098
15.1537 8354
15.165 8602
15.1762 8843
15.1875 9077
15.1988 9305
15.2099 9527
15.2209 9744
15.232 9956
15.2492 3600
15.2776 4176
15.2888 4672
15.3002 5115
15.3114 5520
15.3226 5895
15.3339 6246
15.3396 6577
15.3506 6892
15.3618 7192
15.3731 7480
15.3843 7757
15.3955 8024
15.4064 8282
15.4175 8532
15.4286 8775
15.4396 9011
15.4506 9241
15.4616 9465
15.4727 9684
15.4836 9898
15.495 10107
15.5062 10312
15.5174 10513
15.5287 10710
15.541 10903
15.5576 4320
15.5915 4800
15.6028 5232
15.614 5628
15.6253 5996
15.6365 6341
15.6422 6668
15.6535 6978
15.6646 7275
15.6757 7560
15.6873 7834
15.6985 8098
15.7095 8354
15.7205 8602
15.7316 8843
15.7429 9077
15.7541 9305
15.7653 9527
15.7758 9744
15.7872 9956
15.7984 10164
15.8098 10368
15.8215 10568
15.8329 10764
15.8495 4320
15.8831 4800
15.8941 5232
15.9053 5628
15.9165 5996
15.9278 6341
15.9329 6668
15.9446 6978
15.9558 7275
15.9668 7560
15.9789 7834
15.9901 8098
16.0014 8354
16.0126 8602
16.0237 8843
16.0348 9077
16.0458 9305
16.0567 9527
16.0678 9744
16.0791 9956
16.0903 10164
16.1015 10368
16.1128 10568
16.124 10764
16.1356 10956
16.1525 4320
16.1858 4800
16.1969 5232
16.2082 5628
16.2194 5996
16.2306 6341
16.2367 6668
16.248 6978
16.2591 7275
16.2703 7560
16.2815 7834
16.293 8098
16.3041 8354
16.3152 8602
16.3264 8843
16.3375 9077
16.3486 9305
16.3596 9527
16.3706 9744
16.3818 9956
16.3934 10164
16.4049 10368
16.4162 10568
16.4272 10764
16.4385 10956
16.4551 4320
16.4885 4800
16.4995 5232
16.5108 5628
16.522 5996
16.5334 6341
16.539 6668
16.5448 6978
16.556 7275
16.5673 7560
16.5785 7834
16.5897 8098
16.6008 8354
16.6118 8602
16.6228 8843
16.634 9077
16.645 9305
16.656 9527
16.6672 9744
16.6785 9956
16.6897 10164
16.7009 10368
16.7122 10568
16.7233 10764
16.7401 4320
16.7735 4800
16.7846 5232
16.7958 5628
16.8071 5996
16.8183 6341
16.8239 6668
16.8298 6978
16.841 7275
16.8522 7560
16.8636 7834
16.8748 8098
16.8861 8354
16.8972 8602
16.9082 8843
16.9192 9077
16.9304 9305
16.9414 9527
16.9524 9744
16.9636 9956
16.9749 10164
16.9861 10368
16.9973 10568
17.0087 10764
17.0203 10956
17.037 4320
17.07 4800
17.0811 5232
17.0924 5628
17.1036 5996
17.1148 6341
17.1208 6668
17.1262 6978
17.1373 7275
17.1487 7560
17.1599 7834
17.1711 8098
17.1825 8354
17.1935 8602
17.2045 8843
17.2157 9077
17.2269 9305
17.2379 9527
17.2491 9744
17.2603 9956
17.2718 10164
17.2832 10368
17.2944 10568
17.3056 10764
17.3222 4320
17.3555 4800
17.3665 5232
17.3778 5628
17.389 5996
17.4002 6341
17.406 6668
17.4116 6978
17.4228 7275
17.4344 7560
17.446 7834
17.4573 8098
17.4685 8354
17.4795 8602
17.4905 8843
17.5015 9077
17.5127 9305
17.5239 9527
17.5349 9744
17.5462 9956
17.5573 10164
17.5685 10368
17.5798 10568
17.591 10764
17.6022 10956
17.6191 4320
17.6521 4800
17.6631 5232
17.6743 5628
17.6855 5996
17.6968 6341
17.7026 6668
17.7139 6978
17.7251 7275
17.7363 7560
17.7476 7834
17.7588 8098
17.77 8354
17.7813 8602
17.7924 8843
17.8036 9077
17.8149 9305
17.8257 9527
17.8372 9744
17.8483 9956
17.8593 10164
17.8709 10368
17.8821 10568
17.8931 10764
17.9105 4320
17.9435 4800
17.9545 5232
17.9657 5628
17.9769 5996
17.9882 6341
17.9937 6668
17.9995 6978
18.0104 7275
18.0216 7560
18.0329 7834
18.0441 8098
18.0551 8354
18.0666 8602
18.0778 8843
18.0888 9077
18.0998 9305
18.1109 9527
18.122 9744
18.1331 9956
18.1444 10164
18.1557 10368
18.167 10568
18.1786 10764
18.1898 10956
18.2065 4320
18.2396 4800
18.2506 5232
18.2619 5628
18.2731 5996
18.2843 6341
18.2901 6668
18.2957 6978
18.3067 7275
18.3182 7560
18.3295 7834
18.3407 8098
18.3519 8354
18.3631 8602
18.3742 8843
18.3854 9077
18.3966 9305
18.4078 9527
18.4189 9744
18.4299 9956
18.4411 10164
18.452 10368
18.4633 10568
18.475 10764
18.4925 4320
18.5256 4800
18.5366 5232
18.5479 5628
18.5591 5996
18.5703 6341
18.576 6668
18.5817 6978
18.5927 7275
18.6041 7560
18.6153 7834
18.6265 8098
18.6378 8354
18.6489 8602
18.6601 8843
18.6712 9077
18.6822 9305
18.6932 9527
18.7044 9744
18.7154 9956
18.7264 10164
18.7377 10368
18.7489 10568
18.7599 10764
18.7715 10956
18.7884 4320
18.8217 4800
18.8327 5232
18.8439 5628
18.8552 5996
18.8664 6341
18.8717 6668
18.8778 6978
18.8882 7275
18.8992 7560
18.908 7834
18.9201 8098
18.9314 8354
18.9427 8602
