1 9241
1.02277 3600
1.0629 4176
1.07895 4672
1.09278 5115
1.10968 5520
1.12522 5895
1.14229 6246
1.15885 6577
1.17507 6892
1.19112 7192
1.20717 7480
1.22305 7757
1.23859 8024
1.25652 8282
1.2724 8532
1.28845 8775
1.3045 9011
1.32072 9241
1.34496 3600
1.38492 4176
1.40114 4672
1.4148 5115
1.43187 5520
1.44792 5895
1.46431 6246
1.47985 6577
1.4959 6892
1.51178 7192
1.52731 7480
1.54319 7757
1.55924 8024
1.57495 8282
1.59066 8532
1.60603 8775
1.62105 9011
1.63608 9241
1.65844 3600
1.69618 4176
1.71103 4672
1.72469 5115
1.74262 5520
1.75799 5895
1.77352 6246
1.78855 6577
1.80443 6892
1.81945 7192
1.83448 7480
1.8495 7757
1.86453 8024
1.87955 8282
1.89458 8532
1.90926 8775
1.92395 9011
1.93863 9241
1.95332 9465
1.97534 3600
2.00471 4176
2.01837 4672
2.03254 5115
2.04722 5520
2.06327 5895
2.07779 6246
2.09281 6577
2.10818 6892
2.12286 7192
2.13755 7480
2.15223 7757
2.16691 8024
2.1816 8282
2.19628 8532
2.21097 8775
2.22565 9011
2.24033 9241
2.25502 9465
2.27704 3600
2.30624 4176
2.3199 4672
2.33356 5115
2.34978 5520
2.366 5895
2.38034 6246
2.39605 6577
2.41193 6892
2.42712 7192
2.44215 7480
2.45718 7757
2.4722 8024
2.48723 8282
2.50242 8532
2.51745 8775
2.53316 9011
2.54886 9241
2.56457 9465
2.58796 3600
2.61955 4176
2.63338 4672
2.64704 5115
2.66497 5520
2.68153 5895
2.69724 6246
2.71346 6577
2.72968 6892
2.74539 7192
2.76093 7480
2.7768 7757
2.79251 8024
2.80822 8282
2.82427 8532
2.83981 8775
2.85569 9011
2.87242 9241
2.89649 3600
2.93662 4176
2.95267 4672
2.96633 5115
2.9834 5520
3.00031 5895
3.01601 6246
3.0324 6577
3.0488 6892
3.06485 7192
3.08107 7480
3.09712 7757
3.11317 8024
3.12922 8282
3.14544 8532
3.16114 8775
3.17719 9011
3.19341 9241
3.21783 3600
3.25796 4176
3.27383 4672
3.28749 5115
3.30525 5520
3.32215 5895
3.33786 6246
3.35391 6577
3.3703 6892
3.38635 7192
3.4024 7480
3.41845 7757
3.4345 8024
3.45055 8282
3.4666 8532
3.48265 8775
3.49853 9011
3.51475 9241
3.53865 3600
3.57895 4176
3.595 4672
3.60883 5115
3.62812 5520
3.64451 5895
3.66005 6246
3.67644 6577
3.69301 6892
3.70888 7192
3.72511 7480
3.74115 7757
3.7572 8024
3.77325 8282
3.7893 8532
3.80552 8775
3.82175 9011
3.83814 9241
3.86221 3600
3.90234 4176
3.91821 4672
3.93187 5115
3.95134 5520
3.96739 5895
3.98275 6246
3.99915 6577
4.01588 6892
4.03176 7192
4.04798 7480
4.06403 7757
4.08008 8024
4.09613 8282
4.11235 8532
4.12806 8775
4.14411 9011
4.16084 9241
4.18491 3600
4.22521 4176
4.24126 4672
4.25492 5115
4.27455 5520
4.2906 5895
4.3058 6246
4.32287 6577
4.33909 6892
4.35497 7192
4.37136 7480
4.38741 7757
4.40363 8024
4.41968 8282
4.43556 8532
4.45127 8775
4.46698 9011
4.48405 9241
4.50813 3600
4.54808 4176
4.5643 4672
4.57796 5115
4.59743 5520
4.61331 5895
4.62918 6246
4.64558 6577
4.66163 6892
4.67767 7192
4.69372 7480
4.70977 7757
4.72565 8024
4.74187 8282
4.75792 8532
4.7738 8775
4.78951 9011
4.80659 9241
4.83066 3600
4.87061 4176
4.88683 4672
4.90066 5115
4.92013 5520
4.93601 5895
4.95223 6246
4.96811 6577
4.98433 6892
5.00038 7192
5.01643 7480
5.03248 7757
5.04853 8024
5.06458 8282
5.08046 8532
5.09633 8775
5.11221 9011
5.1286 9241
5.15268 3600
5.19297 4176
5.20919 4672
5.22302 5115
5.24249 5520
5.25854 5895
5.27442 6246
5.29081 6577
5.30686 6892
5.32291 7192
5.33896 7480
5.35501 7757
5.37106 8024
5.38711 8282
5.40282 8532
5.41887 8775
5.43526 9011
5.45131 9241
5.47521 3600
5.51551 4176
5.53156 4672
5.54539 5115
5.56485 5520
5.58107 5895
5.59678 6246
5.61334 6577
5.62939 6892
5.64544 7192
5.66149 7480
5.67754 7757
5.69359 8024
5.70964 8282
5.72535 8532
5.74089 8775
5.75779 9011
5.77384 9241
5.79774 3600
5.83804 4176
5.85426 4672
5.86809 5115
5.88755 5520
5.90326 5895
5.91948 6246
5.9357 6577
5.95192 6892
5.96797 7192
5.98419 7480
6.00024 7757
6.01629 8024
6.03234 8282
6.04805 8532
6.06342 8775
6.08049 9011
6.09654 9241
6.12044 3600
6.16074 4176
6.17679 4672
6.19062 5115
6.21008 5520
6.22545 5895
6.24218 6246
6.25823 6577
6.27428 6892
6.29033 7192
6.30621 7480
6.32226 7757
6.33831 8024
6.35436 8282
6.37024 8532
6.38561 8775
6.40319 9011
6.41924 9241
6.44315 3600
6.48361 4176
6.49966 4672
6.51349 5115
6.53296 5520
6.54832 5895
6.5654 6246
6.58145 6577
6.5975 6892
6.61355 7192
6.6296 7480
6.64565 7757
6.6617 8024
6.67758 8282
6.69345 8532
6.70848 8775
6.7259 9011
6.74195 9241
6.76602 3600
6.80632 4176
6.82237 4672
6.8362 5115
6.85566 5520
6.87051 5895
6.88793 6246
6.90398 6577
6.92003 6892
6.93608 7192
6.95213 7480
6.96818 7757
6.98423 8024
7.00028 8282
7.01582 8532
7.03118 8775
7.04843 9011
7.06431 9241
7.08855 3600
7.12868 4176
7.1449 4672
7.15873 5115
7.17802 5520
7.19288 5895
7.21029 6246
7.22634 6577
7.24239 6892
7.25844 7192
7.27449 7480
7.29054 7757
7.30659 8024
7.32264 8282
7.33801 8532
7.35354 8775
7.37079 9011
7.38684 9241
7.41091 3600
7.45087 4176
7.46709 4672
7.48092 5115
7.50021 5520
7.51524 5895
7.53248 6246
7.54853 6577
7.56458 6892
7.58063 7192
7.59668 7480
7.61273 7757
7.62878 8024
7.64483 8282
7.6602 8532
7.67556 8775
7.69298 9011
7.70903 9241
7.7331 3600
7.77323 4176
7.78928 4672
7.80311 5115
7.8224 5520
7.83777 5895
7.85467 6246
7.87072 6577
7.88677 6892
7.90282 7192
7.91904 7480
7.93526 7757
7.95131 8024
7.96736 8282
7.9829 8532
7.99827 8775
8.01568 9011
8.03173 9241
8.05598 3600
8.0961 4176
8.11215 4672
8.12598 5115
8.14527 5520
8.16098 5895
8.17754 6246
8.19359 6577
8.20964 6892
8.22569 7192
8.24174 7480
8.25796 7757
8.27367 8024
8.28972 8282
8.30526 8532
8.3208 8775
8.33804 9011
8.35409 9241
8.37817 3600
8.41829 4176
8.43434 4672
8.44817 5115
8.46746 5520
8.48351 5895
8.49973 6246
8.51578 6577
8.53183 6892
8.54788 7192
8.56393 7480
8.57998 7757
8.59603 8024
8.61208 8282
8.62779 8532
8.64282 8775
8.66006 9011
8.67611 9241
8.70036 3600
8.74065 4176
8.7567 4672
8.77053 5115
8.78983 5520
8.80605 5895
8.8221 6246
8.83815 6577
8.85419 6892
8.87024 7192
8.88629 7480
8.90234 7757
8.91839 8024
8.93444 8282
8.94981 8532
8.96535 8775
8.98259 9011
8.99864 9241
9.02272 3600
9.06267 4176
9.07872 4672
9.09272 5115
9.11236 5520
9.12858 5895
9.14463 6246
9.16068 6577
9.17673 6892
9.19278 7192
9.20883 7480
9.22488 7757
9.24093 8024
9.25698 8282
9.27234 8532
9.28771 8775
9.30512 9011
9.32117 9241
9.34508 3600
9.38537 4176
9.40142 4672
9.41525 5115
9.43455 5520
9.45077 5895
9.46682 6246
9.48287 6577
9.49892 6892
9.51514 7192
9.53153 7480
9.54775 7757
9.5638 8024
9.57985 8282
9.59522 8532
9.61058 8775
9.628 9011
9.64405 9241
9.66795 3600
9.70808 4176
9.7243 4672
9.73813 5115
9.75742 5520
9.77415 5895
9.7902 6246
9.80625 6577
9.8223 6892
9.83835 7192
9.8544 7480
9.87045 7757
9.88667 8024
9.90272 8282
9.91809 8532
9.93363 8775
9.95104 9011
9.96692 9241
9.99117 3600
10.0311 4176
10.0473 4672
10.061 5115
10.0798 5520
10.0965 5895
10.1126 6246
10.1286 6577
10.1447 6892
10.1607 7192
10.1768 7480
10.1928 7757
10.209 8024
10.2247 8282
10.2399 8532
10.2556 8775
10.2732 9011
10.2896 9241
10.3142 3600
10.3543 4176
10.3704 4672
10.384 5115
10.4028 5520
10.4197 5895
10.4358 6246
10.4518 6577
10.4679 6892
10.4839 7192
10.5 7480
10.516 7757
10.5321 8024
10.5481 8282
10.5633 8532
10.5787 8775
10.5961 9011
10.612 9241
10.6364 3600
10.6772 4176
10.6933 4672
10.7071 5115
10.7259 5520
10.7428 5895
10.7588 6246
10.7749 6577
10.7909 6892
10.807 7192
10.823 7480
10.8391 7757
10.8551 8024
10.8712 8282
10.8864 8532
10.9019 8775
10.9193 9011
10.9354 9241
10.9594 3600
10.9994 4176
11.0156 4672
11.0294 5115
11.0429 5520
11.0564 5895
11.0699 6246
11.0768 6577
11.0836 6892
11.0962 7192
11.1071 7480
11.1169 7757
11.1264 8024
11.1358 8282
11.1456 8532
11.1551 8775
11.1647 9011
11.1742 9241
11.1838 9465
11.1934 9684
11.2029 9898
11.2125 10107
11.2221 10312
11.2316 10513
11.2395 10710
11.2485 10903
11.256 11093
11.2646 11279
11.2738 11462
11.2878 4320
11.3125 4800
11.326 5232
11.3395 5628
11.353 5996
11.3665 6341
11.3725 6668
11.3802 6978
11.3863 7275
11.3938 7560
11.4 7834
11.4097 8098
11.4193 8354
11.4288 8602
11.4384 8843
11.4481 9077
11.4575 9305
11.4672 9527
11.4768 9744
11.4864 9956
11.4959 10164
11.5055 10368
11.515 10568
11.5244 10764
11.5331 10956
11.5425 11145
11.5499 11331
11.5632 4320
11.5946 4800
11.6043 5232
11.6178 5628
11.6317 5996
11.6452 6341
11.6484 6668
11.6588 6978
11.6675 7275
11.6788 7560
11.6883 7834
11.6988 8098
11.7083 8354
11.7179 8602
11.7274 8843
11.737 9077
11.7464 9305
11.7561 9527
11.7657 9744
11.7754 9956
11.785 10164
11.7946 10368
11.8024 10568
11.8113 10764
11.8191 10956
11.8287 11145
11.8359 11331
11.849 4320
11.8792 4800
11.8885 5232
11.9021 5628
11.9156 5996
11.9291 6341
11.9354 6668
11.9428 6978
11.954 7275
11.9636 7560
11.9733 7834
11.9829 8098
11.9924 8354
12.002 8602
12.0116 8843
12.0211 9077
12.0307 9305
12.0401 9527
12.0498 9744
12.0594 9956
12.0689 10164
12.0785 10368
12.0879 10568
12.0963 10764
12.1065 10956
12.1126 11145
12.1219 11331
12.1297 11514
12.1447 4320
12.1714 4800
12.185 5232
12.1985 5628
12.212 5996
12.2255 6341
12.2323 6668
12.2392 6978
12.2462 7275
12.2528 7560
12.2598 7834
12.2694 8098
12.2789 8354
12.2885 8602
12.2979 8843
12.3076 9077
12.3172 9305
12.3266 9527
12.3363 9744
12.3459 9956
12.3554 10164
12.365 10368
12.3746 10568
12.3841 10764
12.3933 10956
12.401 11145
12.4091 11331
12.4227 4320
12.4531 4800
12.4627 5232
12.4762 5628
12.4896 5996
12.5035 6341
12.5065 6668
12.5171 6978
12.5257 7275
12.5378 7560
12.5501 7834
12.5596 8098
12.5692 8354
12.5788 8602
12.5883 8843
12.5979 9077
12.6075 9305
12.617 9527
12.6266 9744
12.636 9956
12.6457 10164
12.6553 10368
12.6643 10568
12.674 10764
12.6824 10956
12.6918 11145
12.7002 11331
12.7138 4320
12.7432 4800
12.7528 5232
12.7666 5628
12.7801 5996
12.7936 6341
12.799 6668
12.8072 6978
12.8135 7275
12.8212 7560
12.8272 7834
12.8371 8098
12.8467 8354
12.8562 8602
12.8658 8843
12.8753 9077
12.8849 9305
12.8945 9527
12.904 9744
12.9136 9956
12.9232 10164
12.9327 10368
12.9423 10568
12.9512 10764
12.96 10956
12.9681 11145
12.9778 11331
12.9911 4320
13.0203 4800
13.0299 5232
13.0434 5628
13.0568 5996
13.0703 6341
13.0748 6668
13.084 6978
13.0934 7275
13.1043 7560
13.1152 7834
13.1248 8098
13.1344 8354
13.1439 8602
13.1535 8843
13.1629 9077
13.1724 9305
13.1823 9527
13.1919 9744
13.2015 9956
13.211 10164
13.2206 10368
13.2295 10568
13.2387 10764
13.2465 10956
13.2559 11145
13.2628 11331
13.2756 4320
13.3066 4800
13.3169 5232
13.3305 5628
13.344 5996
13.3575 6341
13.3613 6668
13.3712 6978
13.3813 7275
13.3912 7560
13.4014 7834
13.4108 8098
13.4205 8354
13.4301 8602
13.4397 8843
13.4492 9077
13.4588 9305
13.4683 9527
13.4779 9744
13.4875 9956
13.497 10164
13.5066 10368
13.5144 10568
13.5238 10764
13.5312 10956
13.5409 11145
13.5459 11331
13.5561 11514
13.5704 4320
13.5954 4800
13.609 5232
13.6227 5628
13.6362 5996
13.6497 6341
13.6546 6668
13.6633 6978
13.6729 7275
13.6824 7560
13.6922 7834
13.7009 8098
13.7113 8354
13.7209 8602
13.7304 8843
13.74 9077
13.7494 9305
13.7591 9527
13.7687 9744
13.7781 9956
13.7878 10164
13.7962 10368
13.8059 10568
13.8132 10764
13.8216 10956
13.8296 11145
13.838 11331
13.8474 11514
13.8607 4320
13.886 4800
13.8996 5232
13.9133 5628
13.9268 5996
13.9403 6341
13.945 6668
13.9539 6978
13.9637 7275
13.9732 7560
13.9828 7834
13.9923 8098
14.001 8354
14.0111 8602
14.0191 8843
14.0296 9077
14.039 9305
14.0487 9527
14.0594 9744
14.0697 9956
14.0792 10164
14.0886 10368
14.097 10568
14.1066 10764
14.1139 10956
14.1231 11145
14.1293 11331
14.1421 4320
14.1725 4800
14.1832 5232
14.1967 5628
14.2102 5996
14.2237 6341
14.2288 6668
14.2374 6978
14.2474 7275
14.258 7560
14.2676 7834
14.2771 8098
14.2867 8354
14.2963 8602
14.3058 8843
14.3147 9077
14.3249 9305
14.3342 9527
14.3441 9744
14.3536 9956
14.3632 10164
14.3726 10368
14.3813 10568
14.3905 10764
14.398 10956
14.4059 11145
14.4131 11331
14.4223 11514
14.4356 4320
14.4641 4800
14.4776 5232
14.4911 5628
14.5046 5996
14.5181 6341
14.523 6668
14.5317 6978
14.5413 7275
14.5508 7560
14.5604 7834
14.57 8098
14.5795 8354
14.5891 8602
14.5981 8843
14.6075 9077
14.6183 9305
14.6278 9527
14.6383 9744
14.6482 9956
14.6572 10164
14.6657 10368
14.6746 10568
14.683 10764
14.692 10956
14.6989 11145
14.7076 11331
14.7166 11514
14.7265 11694
14.738 11871
14.7474 12045
14.7574 12217
14.767 12386
14.7762 12553
14.7902 5040
14.8192 5451
14.8327 5831
14.8462 6186
14.8512 6521
14.8599 6838
14.8694 7141
14.879 7431
14.8881 7710
14.8976 7978
14.907 8237
14.9167 8488
14.926 8732
14.9357 8969
14.9444 9200
14.9545 9425
14.9627 9645
14.9719 9859
14.9799 10069
14.9876 10274
14.9973 10475
15.0052 10672
15.0171 10866
15.0277 11056
15.0373 11243
15.0472 11427
15.0564 11608
15.0656 11786
15.075 11961
15.0849 12134
15.0947 12304
15.1042 12472
15.1189 5040
15.1524 5451
15.1619 5831
15.1756 6186
15.1804 6521
15.1892 6838
15.1988 7141
15.208 7431
15.2172 7710
15.2268 7978
15.2357 8237
15.2449 8488
15.2536 8732
15.2628 8969
15.2707 9200
15.2789 9425
15.2872 9645
15.2985 9859
15.3089 10069
15.3185 10274
15.3277 10475
15.3374 10672
15.3463 10866
15.3562 11056
15.3656 11243
15.3754 11427
15.3849 11608
15.3945 11786
15.4088 5040
15.4421 5451
15.4518 5831
15.4653 6186
15.4693 6521
15.479 6838
15.4879 7141
15.4979 7431
15.5077 7710
15.5172 7978
15.5268 8237
15.535 8488
15.5451 8732
15.5524 8969
15.5603 9200
15.5673 9425
15.576 9645
15.5862 9859
15.5963 10069
15.6057 10274
15.6159 10475
15.6248 10672
15.6344 10866
15.6439 11056
15.6537 11243
15.6632 11427
15.6728 11608
15.6823 11786
15.6967 5040
15.73 5451
15.7394 5831
15.7529 6186
15.7575 6521
15.7665 6838
15.7756 7141
15.7853 7431
15.7945 7710
15.8044 7978
15.814 8237
15.8234 8488
15.8329 8732
15.8403 8969
15.8481 9200
15.8553 9425
15.8652 9645
15.8746 9859
15.885 10069
15.8944 10274
15.9038 10475
15.9132 10672
15.9222 10866
15.932 11056
15.9419 11243
15.9513 11427
15.9612 11608
15.9755 5040
16.009 5451
16.0182 5831
16.0317 6186
16.0353 6521
16.0453 6838
16.0549 7141
16.0641 7431
16.0735 7710
16.0836 7978
16.0932 8237
16.1019 8488
16.1114 8732
16.1205 8969
16.1282 9200
16.136 9425
16.1433 9645
16.1541 9859
16.1625 10069
16.1749 10274
16.185 10475
16.1942 10672
16.2035 10866
16.2135 11056
16.2231 11243
16.2326 11427
16.2422 11608
16.2518 11786
16.2661 5040
16.2992 5451
16.3088 5831
16.3228 6186
16.3267 6521
16.3365 6838
16.3453 7141
16.3549 7431
16.365 7710
16.3745 7978
16.3841 8237
16.3935 8488
16.403 8732
16.4094 8969
16.4189 9200
16.4258 9425
16.435 9645
16.4452 9859
16.455 10069
16.4652 10274
16.4758 10475
16.4853 10672
16.4947 10866
16.5045 11056
16.5139 11243
16.5238 11427
16.5333 11608
16.5477 5040
16.5811 5451
16.5905 5831
16.6042 6186
16.6091 6521
16.6178 6838
16.6276 7141
16.6371 7431
16.6469 7710
16.6566 7978
16.6663 8237
16.6761 8488
16.6851 8732
16.6947 8969
16.701 9200
16.7102 9425
16.7167 9645
16.7268 9859
16.7386 10069
16.7483 10274
16.7577 10475
16.7679 10672
16.7777 10866
16.7872 11056
16.7971 11243
16.8067 11427
16.8162 11608
16.8258 11786
16.8401 5040
16.8736 5451
16.8825 5831
16.896 6186
16.9011 6521
16.9096 6838
16.9194 7141
16.9291 7431
16.9383 7710
16.9484 7978
16.9581 8237
16.9674 8488
16.9757 8732
16.9849 8969
16.9906 9200
16.9998 9425
17.0056 9645
17.0165 9859
17.0263 10069
17.0384 10274
17.0491 10475
17.0594 10672
17.0688 10866
17.0783 11056
17.0882 11243
17.0978 11427
17.1077 11608
17.1173 11786
17.1316 5040
17.1599 5451
17.1734 5831
17.1873 6186
17.1914 6521
17.2009 6838
17.2103 7141
17.2197 7431
17.2296 7710
17.2392 7978
17.2487 8237
17.2571 8488
17.2665 8732
17.2757 8969
17.2829 9200
17.2933 9425
17.3027 9645
17.3124 9859
17.3213 10069
17.3312 10274
17.3403 10475
17.3502 10672
17.3604 10866
17.3701 11056
17.38 11243
17.3896 11427
17.4039 4320
17.4326 4800
17.442 5232
17.4557 5628
17.4692 5996
17.4827 6341
17.4873 6668
17.4963 6978
17.5066 7275
17.5159 7560
17.5264 7834
17.5351 8098
17.5446 8354
17.553 8602
17.5624 8843
17.5706 9077
17.5796 9305
17.5897 9527
17.5994 9744
17.61 9956
17.6201 10164
17.6297 10368
17.6385 10568
17.6481 10764
17.6566 10956
17.6669 11145
17.6771 11331
17.6867 11514
17.701 4320
17.7249 4800
17.7384 5232
17.7521 5628
17.7656 5996
17.7791 6341
17.7842 6668
17.7927 6978
17.8024 7275
17.8122 7560
17.8214 7834
17.8298 8098
17.8378 8354
17.8457 8602
17.8537 8843
17.8622 9077
17.8716 9305
17.8795 9527
17.8884 9744
17.8951 9956
17.9038 10164
17.9089 10368
17.9171 10568
17.9205 10764
17.9224 10956
