1 14400
1.07977 1440
1.08012 2880
1.08048 4320
1.08084 5760
2.08184 1440
2.08219 2880
2.08219 3600
2.08252 4176
2.08288 4672
2.08323 5115
2.08356 5520
2.08392 5895
2.08427 2880
2.08462 3600
2.08496 4176
2.08532 4672
2.08568 5115
2.08631 2880
2.08667 3600
2.08703 4176
2.08739 4672
2.08775 5115
2.08842 2880
2.08876 3600
2.08912 4176
2.28948 4672
2.29018 2880
2.29052 3600
2.29085 4176
2.29118 4672
2.29152 5115
2.29186 5520
2.29221 5895
2.29257 6246
2.29327 2880
2.29398 3600
2.29434 4176
2.49469 4672
2.4954 2880
2.4957 3600
2.49603 4176
2.69639 4672
2.69744 2880
2.69812 3600
2.69848 4176
2.69882 4672
2.69916 5115
2.69948 5520
2.69983 5895
2.70017 6246
2.70053 6577
2.7015 2880
2.70222 3600
2.70257 4176
2.70291 4672
2.70326 5115
2.7036 5520
2.70395 5895
2.70431 6246
2.70498 2880
2.70562 3600
2.7066 2880
2.70695 3600
2.70726 4176
2.70762 4672
2.70798 5115
2.70861 2880
2.70896 3600
2.70929 4176
2.90965 4672
2.91069 2880
2.9114 3600
2.9124 2880
2.91273 3600
2.91306 4176
2.91342 4672
2.91378 5115
2.91447 2880
2.91482 3600
2.91514 4176
2.91549 4672
2.91583 5115
2.91616 5520
2.91649 5895
2.91683 6246
2.91685 6577
2.9172 6892
2.91755 2880
2.91787 3600
2.91822 4176
2.91857 4672
2.91892 5115
2.91926 5520
2.91961 5895
2.91995 6246
2.91997 6577
2.9203 6892
2.92033 7192
2.92066 7480
2.92069 7757
2.921 8024
2.92102 8282
2.92133 8532
2.92136 8775
2.92168 9011
2.9217 9241
2.92202 9465
2.92206 3600
2.92242 4176
2.92272 4672
2.92302 5115
2.92335 5520
2.92367 5895
2.92401 6246
2.92403 6577
2.92438 6892
2.92471 2880
2.92502 3600
2.92537 4176
2.92573 4672
2.92606 5115
2.92639 5520
2.92675 5895
2.92742 2880
2.92806 3600
2.92838 4176
2.92873 4672
2.92909 5115
2.92978 2880
2.93013 3600
2.93045 4176
2.93075 4672
2.93104 5115
2.93135 5520
2.9317 5895
2.93205 2880
2.9324 3600
2.93273 4176
2.93304 4672
2.93335 5115
2.9337 5520
2.93402 5895
2.93436 6246
2.93438 6577
2.93473 6892
2.93506 2880
2.93542 3600
2.93578 4176
2.93611 4672
2.93645 5115
2.93678 5520
2.93711 5895
2.93743 6246
2.93745 6577
2.93779 6892
2.93781 7192
2.93811 7480
2.93813 7757
2.93846 8024
2.93848 8282
2.93879 8532
2.93882 8775
2.9391 9011
2.93913 9241
2.93915 9465
2.93947 9684
2.93951 3600
2.93984 4176
2.94018 4672
2.94051 5115
2.94086 5520
2.94117 5895
2.94149 6246
2.94152 6577
2.94185 6892
2.94188 7192
2.9422 7480
2.94222 7757
2.94256 8024
2.94289 2880
2.94325 3600
2.94361 4176
3.14397 4672
3.14467 2880
3.14501 3600
3.14536 4176
3.14571 4672
3.14607 5115
3.14675 2880
3.14709 3600
3.14742 4176
3.14777 4672
3.14811 5115
3.14846 5520
3.14881 5895
3.14912 2880
3.14942 3600
3.14971 4176
3.14999 4672
3.15033 5115
3.15068 5520
3.15097 5895
3.1513 6246
3.15132 6577
3.15166 6892
3.15168 7192
3.15201 7480
3.15204 7757
3.15237 8024
3.15265 2880
3.15293 3600
3.15326 4176
3.15359 4672
3.15395 5115
3.15459 2880
3.15495 3600
3.15526 4176
3.15559 4672
3.15591 5115
3.15622 5520
3.15655 5895
3.1569 6246
3.15725 6577
3.1576 2880
3.15794 3600
3.15829 4176
3.15858 4672
3.15892 5115
3.15927 5520
3.1596 5895
3.15995 6246
3.16029 6577
3.16066 2880
3.16101 3600
3.16135 4176
3.16164 4672
3.16194 5115
3.16229 5520
3.16261 5895
3.16292 6246
3.16295 6577
3.16328 6892
3.16331 7192
3.16363 7480
3.16365 7757
3.16397 8024
3.164 8282
3.16432 8532
3.16435 8775
3.16466 9011
3.16468 9241
3.1647 9465
3.16499 9684
3.16501 9898
3.16504 10107
3.16535 10312
3.16537 10513
3.1654 10710
3.16572 4320
3.16607 4800
3.16634 5232
3.16664 5628
3.16697 5996
3.16731 6341
3.16733 6668
3.16767 6978
3.16769 7275
3.168 7560
3.16803 7834
3.16832 8098
3.16835 8354
3.16862 8602
3.16865 8843
3.16892 9077
3.16894 9305
3.16897 9527
3.16923 9744
3.16926 9956
3.16928 10164
3.16959 10368
3.16961 10568
3.16964 10764
3.16996 4320
3.17026 4800
3.17053 5232
3.17082 5628
3.17109 5996
3.1714 6341
3.17143 6668
3.17176 6978
3.17179 7275
3.1721 7560
3.17212 7834
3.17244 8098
3.17247 8354
3.17279 8602
3.17281 8843
3.17314 9077
3.17316 9305
3.17348 9527
3.17352 3600
3.17388 4176
3.17421 4672
3.17455 5115
3.17488 5520
3.17518 5895
3.17545 6246
3.17548 6577
3.17575 6892
3.17578 7192
3.17607 7480
3.1761 7757
3.17643 8024
3.17678 2880
3.1771 3600
3.17738 4176
3.17766 4672
3.17795 5115
3.17822 5520
3.17851 5895
3.17879 6246
3.17882 6577
3.17914 6892
3.17916 7192
3.17949 7480
3.17951 7757
3.17983 8024
3.17986 8282
3.18014 8532
3.18017 8775
3.18044 9011
3.18047 9241
3.18049 9465
3.18075 9684
3.18078 9898
3.1808 10107
3.18105 10312
3.18107 10513
3.1811 10710
3.18136 10903
3.18139 11093
3.18141 11279
3.18171 11462
3.18173 11642
3.18176 11820
3.18204 11995
3.18207 12167
3.18209 12337
3.18211 12505
3.18237 12670
3.18239 12833
3.18241 12994
3.18244 13153
3.18272 13310
3.18275 13465
3.18277 13618
3.18307 5760
3.18341 6120
3.18343 6458
3.1837 6779
3.18373 7084
3.18403 7376
3.18405 7657
3.18436 7927
3.18439 8188
3.18467 8441
3.1847 8686
3.18497 8924
3.185 9156
3.18502 9382
3.18529 9603
3.18532 9818
3.18534 10029
3.18565 10235
3.18568 10437
3.1857 10635
3.18594 10829
3.18596 11020
3.18599 11208
3.18621 11393
3.18624 11575
3.18626 11754
3.18652 11930
3.18655 12103
3.18657 12274
3.18659 12442
3.18687 12608
3.1869 12772
3.18693 12934
3.18695 13094
3.18723 13252
3.18725 13408
3.18728 13562
3.1873 13714
3.18757 13865
3.1876 14014
3.18762 14161
3.18765 14307
3.18791 14451
3.18793 14594
3.18796 14736
3.18798 14876
3.18824 15015
3.18827 15153
3.18829 15289
3.18832 15424
3.18834 15558
3.1886 15691
3.18863 15823
3.18865 15954
3.18867 16083
3.1887 16211
3.18896 16338
3.18898 16464
3.18901 16589
3.18904 7200
3.18939 7488
3.18963 7764
3.18965 8031
3.1899 8289
3.18993 8539
3.19018 8781
3.1902 9017
3.19045 9246
3.19047 9470
3.1905 9688
3.19074 9902
3.19076 10111
3.19078 10316
3.19102 10517
3.19104 10714
3.19107 10907
3.1913 11097
3.19132 11283
3.19134 11466
3.19157 11646
3.19159 11824
3.19162 11999
3.19187 12171
3.19189 12341
3.19191 12509
3.19194 12674
3.19219 12837
3.19221 12998
3.19224 13157
3.19226 13314
3.19255 13469
3.19257 13622
3.19261 5760
3.19297 6120
3.19323 6458
3.19325 6779
3.19351 7084
3.19354 7376
3.1938 7657
3.19382 7927
3.19407 8188
3.1941 8441
3.19435 8686
3.19437 8924
3.19465 9156
3.19467 9382
3.19469 9603
3.19494 9818
3.19497 10029
3.19499 10235
3.19527 10437
3.19529 10635
3.19531 10829
3.1956 11020
3.19563 11208
3.19565 11393
3.19594 11575
3.19596 11754
3.19598 11930
3.19626 12103
3.19628 12274
3.19631 12442
3.19633 12608
3.19663 12772
3.19666 5040
3.19698 5451
3.19725 5831
3.19752 6186
3.19755 6521
3.19781 6838
3.19783 7141
3.1981 7431
3.19812 7710
3.1984 7978
3.19843 8237
3.19868 8488
3.1987 8732
3.199 8969
3.19903 9200
3.19905 9425
3.19937 9645
3.19941 3600
3.19973 4176
3.20002 4672
3.2003 5115
3.20058 5520
3.20086 5895
3.20115 6246
3.20117 6577
3.20145 6892
3.20147 7192
3.20177 7480
3.20179 7757
3.20213 8024
3.20245 2880
3.20278 3600
3.20307 4176
3.20339 4672
3.20375 5115
3.20446 2880
3.20474 3600
3.20502 4176
3.20533 4672
3.20565 5115
3.20594 5520
3.20625 5895
3.20659 6246
3.20694 6577
3.20723 2880
3.20751 3600
3.20781 4176
3.20812 4672
3.20846 5115
3.20877 5520
3.2091 5895
3.20945 6246
3.20977 6577
3.21007 2880
3.21035 3600
3.21066 4176
3.21096 4672
3.21129 5115
3.2116 5520
3.21191 5895
3.21222 6246
3.21225 6577
3.21259 6892
3.21295 2880
3.21329 3600
3.21362 4176
3.21397 4672
3.2143 5115
3.21465 5520
3.21494 5895
3.21523 6246
3.21526 6577
3.21556 6892
3.21558 7192
3.21588 7480
3.2159 7757
3.21622 8024
3.21625 8282
3.21656 8532
3.21658 8775
3.21689 9011
3.21692 9241
3.21694 9465
3.21718 9684
3.2172 9898
3.21723 10107
3.21749 10312
3.21754 10513
3.21756 10710
3.21782 10903
3.21787 11093
3.2179 11279
3.21815 11462
3.2182 11642
3.21822 11820
3.21849 11995
3.21853 12167
3.21855 12337
3.21858 12505
3.21883 12670
3.21888 12833
3.2189 12994
3.21892 13153
3.21916 13310
3.21925 13465
3.21928 5760
3.21992 6120
3.2202 6458
3.22023 6779
3.22054 7084
3.22056 7376
3.2209 7657
3.22092 7927
3.22125 2880
3.2216 3600
3.22194 4176
3.22227 4672
3.22258 5115
3.22293 5520
3.22324 5895
3.2236 6246
3.22423 2880
3.22484 3600
3.22518 4176
3.22553 4672
3.22589 5115
3.22656 2880
3.22687 3600
3.22723 4176
3.22758 4672
3.22791 5115
3.22826 5520
3.22859 5895
3.22893 6246
3.22895 6577
3.22927 6892
3.2293 7192
3.22962 7480
3.22964 7757
3.22997 8024
3.23 8282
3.23034 2880
3.23068 3600
3.23102 4176
3.43138 4672
3.4324 2880
3.43312 3600
3.43412 2880
3.43445 3600
3.43479 4176
3.43515 4672
3.4355 5115
3.43586 5520
3.43692 2880
3.43761 3600
3.43796 4176
3.63832 4672
3.63898 2880
3.63934 3600
3.63969 4176
3.64004 4672
3.6404 5115
3.6411 2880
3.64143 3600
3.64175 4176
3.64208 4672
3.64243 5115
3.64309 2880
3.64344 3600
3.64378 4176
3.64414 4672
3.6445 5115
3.64514 2880
3.64549 3600
3.64582 4176
3.64615 4672
3.64651 5115
3.64719 2880
3.64751 3600
3.64786 4176
3.84822 4672
3.84925 2880
3.84997 3600
3.85102 2880
3.85131 3600
3.85166 4176
3.85199 4672
3.85235 5115
3.85304 2880
3.85339 3600
3.85374 4176
3.85406 4672
3.85438 5115
3.8547 5520
3.85505 5895
3.8554 6246
3.85572 6577
3.85608 2880
3.85644 3600
3.8568 4176
3.85713 4672
3.85748 5115
3.8578 5520
3.85816 5895
3.85884 2880
3.85955 3600
3.8599 4176
3.86026 4672
3.86058 5115
3.8609 5520
3.86125 5895
3.86195 2880
3.86263 3600
3.86296 4176
3.86332 4672
3.86363 5115
3.86398 5520
3.8643 5895
3.86466 6246
3.86572 2880
3.86679 3600
3.86782 2880
3.86816 3600
3.86844 4176
3.86878 4672
3.86914 5115
3.86983 2880
3.87016 3600
3.8705 4176
4.07086 4672
4.07153 2880
4.07187 3600
4.07223 4176
4.07252 4672
4.07287 5115
4.07321 5520
4.07356 5895
4.07389 6246
4.07392 6577
4.07426 6892
4.07456 2880
4.07491 3600
4.07527 4176
4.0756 4672
4.07593 5115
4.07627 5520
4.07663 5895
4.07731 2880
4.078 3600
4.07833 4176
4.07869 4672
4.07903 5115
4.07938 5520
4.07973 5895
4.08007 6246
4.08043 6577
4.08145 2880
4.08213 3600
4.08247 4176
4.08283 4672
4.08317 5115
4.0835 5520
4.08381 5895
4.08417 6246
4.08487 2880
4.08555 3600
4.08586 4176
4.08622 4672
4.08656 5115
4.08691 5520
4.08726 5895
4.08759 6246
4.08761 6577
4.08793 6892
4.08795 7192
4.08828 7480
4.08831 7757
4.08864 8024
4.08898 2880
4.08928 3600
4.08961 4176
4.08993 4672
4.09028 5115
4.0906 5520
4.09095 5895
4.09129 6246
4.09164 6577
4.09199 2880
4.09235 3600
4.0927 4176
4.09299 4672
4.09328 5115
4.09361 5520
4.09393 5895
4.09429 6246
4.09494 2880
4.09558 3600
4.09593 4176
4.09629 4672
4.09662 5115
4.09694 5520
4.09724 5895
4.09759 6246
4.09795 6577
4.09887 2880
4.09954 3600
4.09987 4176
4.10023 4672
4.10055 5115
4.1009 5520
4.10123 5895
4.10157 6246
4.10159 6577
4.10193 6892
4.10195 7192
4.10227 7480
4.1023 7757
4.10263 8024
4.10298 2880
4.10331 3600
4.10367 4176
4.10402 4672
4.10435 5115
4.10469 5520
4.10502 5895
4.10533 6246
4.10536 6577
4.10569 6892
4.10572 7192
4.10605 7480
4.10607 7757
4.1064 8024
4.10642 8282
4.10673 8532
4.10676 8775
4.10708 9011
4.1071 9241
4.10742 9465
4.10746 3600
4.10782 4176
4.10815 4672
4.10851 5115
4.10922 2880
4.10955 3600
4.10991 4176
4.11027 4672
4.11062 5115
4.11095 5520
4.11131 5895
4.11166 2880
4.11201 3600
4.11232 4176
4.11268 4672
4.11303 5115
4.11333 5520
4.11369 5895
4.11468 2880
4.11571 3600
4.11607 4176
4.11641 4672
4.11672 5115
4.11705 5520
4.1174 5895
4.1181 2880
4.11874 3600
4.1191 4176
4.11946 4672
4.11982 5115
4.1204 2880
4.1207 3600
4.12105 4176
4.12137 4672
4.12171 5115
4.12204 5520
4.12235 5895
4.12266 6246
4.12269 6577
4.12301 6892
4.12303 7192
4.12337 7480
4.12339 7757
4.1237 8024
4.12373 8282
4.12405 8532
4.12407 8775
4.12441 9011
4.12475 3600
4.12545 4176
4.12578 4672
4.32614 5115
4.32717 2880
4.32773 3600
4.32805 4176
4.32841 4672
4.32873 5115
4.32906 5520
4.32942 5895
4.32976 2880
4.3301 3600
4.33044 4176
4.33079 4672
4.33114 5115
4.33181 2880
4.33216 3600
4.33252 4176
4.53288 4672
5.53288 1440
5.73324 2880
5.73391 3600
5.73427 4176
5.73459 4672
5.73488 5115
5.7352 5520
5.73556 5895
5.73586 2880
5.73622 3600
5.73657 4176
5.7369 4672
5.73723 5115
5.73758 5520
5.73792 5895
5.73825 6246
5.73827 6577
5.73861 6892
5.73863 7192
5.73896 7480
5.73898 7757
5.7393 8024
5.73933 8282
5.73964 8532
5.73966 8775
5.73998 9011
5.74001 9241
5.74034 9465
5.74064 3600
5.74131 4176
5.74167 4672
5.74203 5115
5.74267 2880
5.74298 3600
5.74334 4176
5.7437 4672
5.74406 5115
5.74469 2880
5.74502 3600
5.74537 4176
5.74573 4672
5.74604 5115
5.74638 5520
5.74672 5895
5.74706 6246
5.74708 6577
5.74741 6892
5.74743 7192
5.74775 7480
5.74778 7757
5.74809 8024
5.74811 8282
5.74841 8532
5.74843 8775
5.74876 9011
5.74878 9241
5.74911 9465
5.74945 3600
5.75004 4176
5.7504 4672
5.75074 5115
5.75107 5520
5.75142 5895
5.75177 6246
5.75211 6577
5.75246 2880
5.75282 3600
5.75315 4176
5.75349 4672
5.75381 5115
5.75415 5520
5.75449 5895
5.75484 6246
5.75517 6577
5.75553 2880
5.75588 3600
5.75621 4176
5.75656 4672
5.75692 5115
5.7575 2880
5.75786 3600
5.75821 4176
5.75851 4672
5.75885 5115
5.75919 5520
5.75951 5895
5.75987 6246
5.76093 2880
5.76197 3600
5.76298 2880
5.76331 3600
5.7636 4176
5.76397 4672
5.76431 5115
5.76462 5520
5.76497 5895
5.76533 6246
5.76602 2880
5.76668 3600
5.76704 4176
5.76737 4672
5.76772 5115
5.76807 5520
5.76841 5895
5.76875 6246
5.76877 6577
5.76911 6892
5.76913 7192
5.76943 7480
5.76945 7757
5.76976 8024
5.76979 8282
5.77011 8532
5.77013 8775
5.77046 9011
5.77048 9241
5.77078 9465
5.77082 3600
5.77116 4176
5.77151 4672
5.77184 5115
5.77215 5520
5.77249 5895
5.77282 6246
5.77285 6577
5.77319 6892
5.77354 2880
5.77384 3600
5.77413 4176
5.77447 4672
5.77483 5115
5.7755 2880
5.77581 3600
5.77613 4176
5.77649 4672
5.77685 5115
5.77748 2880
5.7778 3600
5.77813 4176
5.77849 4672
5.77882 5115
5.77915 5520
5.77949 5895
5.77978 6246
5.7798 6577
5.78009 6892
5.78011 7192
5.7804 7480
5.78042 7757
5.78076 8024
5.78106 2880
5.78137 3600
5.78165 4176
5.78198 4672
5.78234 5115
5.78297 2880
5.7833 3600
5.78365 4176
5.98401 4672
6.98401 1440
7.1843 2880
7.18496 3600
7.18532 4176
7.18564 4672
7.18599 5115
7.18632 5520
7.1866 5895
7.18688 6246
7.18691 6577
7.18724 6892
7.18726 7192
7.18759 7480
7.18761 7757
7.18793 8024
7.18796 8282
7.18827 8532
7.18829 8775
7.18858 9011
7.1886 9241
7.18863 9465
7.18888 9684
7.1889 9898
7.18892 10107
7.18921 10312
7.18924 10513
7.18926 10710
7.18956 10903
7.18958 11093
7.18961 11279
7.18989 11462
7.18992 11642
7.18994 11820
7.19025 11995
7.19029 5040
7.19093 5451
7.19127 5831
7.19161 6186
7.19192 6521
7.19222 2880
7.19255 3600
7.19288 4176
7.19324 4672
7.19357 5115
7.1939 5520
7.19424 5895
7.19456 6246
7.19459 6577
7.19494 6892
7.19527 2880
7.19562 3600
7.19594 4176
7.1963 4672
7.1966 5115
7.19691 5520
7.19722 5895
7.19756 6246
7.19791 6577
7.19827 2880
7.19859 3600
7.19889 4176
7.19919 4672
7.19955 5115
7.20025 2880
7.2006 3600
7.20088 4176
7.2012 4672
7.20152 5115
7.20187 5520
7.2022 5895
7.20255 6246
7.20287 6577
7.20319 2880
7.20355 3600
7.20391 4176
7.20424 4672
7.20455 5115
7.20488 5520
7.20516 5895
7.20552 6246
7.20619 2880
7.2068 3600
7.20716 4176
7.20746 4672
7.20782 5115
7.20847 2880
7.20883 3600
7.20919 4176
7.20951 4672
7.2098 5115
7.21007 5520
7.21035 5895
7.2107 6246
7.21103 6577
7.21139 2880
7.21174 3600
7.21206 4176
7.21234 4672
7.4127 5115
7.41373 2880
7.4144 3600
7.41472 4176
7.41508 4672
7.41543 5115
7.41576 5520
7.41605 5895
7.41635 6246
7.41637 6577
7.41672 6892
7.41705 2880
7.41739 3600
7.41774 4176
7.41808 4672
7.4184 5115
7.41872 5520
7.41907 5895
7.41943 6246
7.42009 2880
7.42074 3600
7.42175 2880
7.42208 3600
7.42244 4176
7.4228 4672
7.42311 5115
7.42346 5520
7.4238 5895
7.42414 6246
7.42416 6577
7.42445 6892
7.42447 7192
7.42478 7480
7.42481 7757
7.42514 8024
7.42547 2880
7.42582 3600
7.42615 4176
7.42647 4672
7.42683 5115
7.42747 2880
7.42782 3600
7.42817 4176
7.4285 4672
7.42881 5115
7.42915 5520
7.42943 5895
7.42975 6246
7.42978 6577
7.43012 6892
7.43045 2880
7.43079 3600
7.43112 4176
7.43143 4672
7.43177 5115
7.43208 5520
7.43244 5895
7.4328 2880
7.43315 3600
7.43349 4176
7.43385 4672
7.43415 5115
7.43447 5520
7.43482 5895
7.43517 6246
7.43551 6577
7.43586 2880
7.43622 3600
7.43654 4176
7.4369 4672
7.4372 5115
7.43752 5520
7.43787 5895
7.43822 6246
7.43856 6577
7.43891 2880
7.43924 3600
7.43958 4176
7.43994 4672
7.4403 5115
7.44092 2880
7.4412 3600
7.44148 4176
7.44184 4672
7.44219 5115
7.44288 2880
7.44321 3600
7.44356 4176
7.64392 4672
7.6446 2880
7.64496 3600
7.64529 4176
7.64559 4672
7.64591 5115
7.64625 5520
7.64659 5895
7.64692 6246
7.64694 6577
7.64726 6892
7.64729 7192
7.6476 7480
7.64762 7757
7.64796 8024
7.6483 2880
7.64866 3600
7.64895 4176
7.64924 4672
7.64955 5115
7.64989 5520
7.65022 5895
7.65057 6246
7.65089 6577
7.65126 2880
7.65161 3600
7.65197 4176
7.65229 4672
7.65265 5115
7.65334 2880
7.65367 3600
7.65394 4176
7.65426 4672
7.65461 5115
7.65493 5520
7.65527 5895
7.65562 6246
7.6562 2880
7.65687 3600
7.65723 4176
7.65757 4672
7.65792 5115
7.65823 5520
7.65858 5895
7.65894 6246
7.65998 2880
7.66094 3600
7.66129 4176
7.66165 4672
7.66198 5115
7.66233 5520
7.66266 5895
7.66302 6246
7.66406 2880
7.66511 3600
7.66614 2880
7.66649 3600
7.66681 4176
7.86717 4672
7.86816 2880
7.86887 3600
7.86921 4176
8.06957 4672
8.07059 2880
8.07128 3600
8.07162 4176
8.07191 4672
8.07224 5115
8.07258 5520
8.07293 5895
8.07326 6246
8.07329 6577
8.07362 6892
8.07365 7192
8.07396 7480
8.07398 7757
8.0743 8024
8.07433 8282
8.07465 8532
8.07467 8775
8.07501 9011
8.07536 3600
8.07602 4176
8.07637 4672
8.27673 5115
8.27776 2880
8.27843 3600
8.47844 4176
8.47944 2880
8.47977 3600
8.48012 4176
8.48048 4672
8.48083 5115
8.48117 5520
8.48147 5895
8.48178 6246
8.4818 6577
8.48215 6892
8.48245 2880
8.48274 3600
8.48308 4176
8.48344 4672
8.48374 5115
8.48406 5520
8.48442 5895
8.4851 2880
8.48577 3600
8.48679 2880
8.48713 3600
8.48749 4176
8.48785 4672
8.48819 5115
8.48852 5520
8.48887 5895
8.48921 6246
8.48954 6577
8.48991 2880
8.49025 3600
8.69061 4176
8.69167 2880
8.69201 3600
8.69237 4176
8.69273 4672
8.89309 5115
8.89412 2880
8.89478 3600
8.89512 4176
8.89548 4672
8.89579 5115
8.89607 5520
8.8964 5895
8.89676 6246
8.89744 2880
8.89813 3600
8.89843 4176
8.89876 4672
8.89908 5115
8.8994 5520
8.89969 5895
8.9 6246
8.90002 6577
8.90034 6892
8.90037 7192
8.90069 7480
8.90071 7757
8.90105 8024
8.90137 2880
8.90167 3600
8.90198 4176
8.90234 4672
8.90267 5115
8.90301 5520
8.90335 5895
8.90368 6246
8.9037 6577
8.904 6892
8.90402 7192
8.90435 7480
8.90437 7757
8.90472 8024
8.90508 2880
8.90571 3600
8.90604 4176
8.90638 4672
8.90674 5115
8.90739 2880
8.90774 3600
8.90809 4176
9.10845 4672
9.10949 2880
9.11017 3600
9.11051 4176
9.11087 4672
9.11123 5115
9.1119 2880
9.11225 3600
9.1126 4176
9.11295 4672
9.11329 5115
9.11363 5520
9.11398 5895
9.11431 6246
9.11434 6577
9.11467 6892
9.1147 7192
9.11502 7480
9.11504 7757
9.11538 8024
9.11569 2880
9.11603 3600
9.11636 4176
9.11672 4672
9.11707 5115
9.11768 2880
9.11802 3600
9.11838 4176
9.31874 4672
9.31943 2880
9.31979 3600
9.32015 4176
9.32048 4672
9.32079 5115
9.32112 5520
9.32145 5895
9.32181 6246
9.32247 2880
9.32316 3600
9.32348 4176
9.32382 4672
9.32412 5115
9.32443 5520
9.32479 5895
9.32584 2880
9.32687 3600
9.32787 2880
9.32819 3600
9.32855 4176
9.52891 4672
9.52961 2880
9.52993 3600
9.53022 4176
9.53056 4672
9.53091 5115
9.53126 5520
9.53159 5895
9.53194 6246
9.53229 6577
9.53266 2880
9.533 3600
9.53335 4176
9.53368 4672
9.53403 5115
9.53434 5520
9.53464 5895
9.53499 6246
9.53534 6577
9.53635 2880
9.53697 3600
9.73733 4176
9.73837 2880
9.7387 3600
9.73904 4176
9.9394 4672
10.9394 1440
12.9398 2880
13.1401 3600
14.1401 1440
14.3407 2880
14.5411 3600
14.5421 2880
14.5424 3600
14.5427 4176
14.5431 4672
14.5434 5115
14.5438 5520
14.5445 2880
14.5448 3600
14.5451 4176
14.5454 4672
14.5458 5115
14.5461 5520
14.5464 5895
14.5468 6246
14.5468 6577
14.5471 6892
14.5472 7192
14.5475 7480
14.5475 7757
14.5478 8024
14.5478 8282
14.5481 8532
14.5482 8775
14.5485 9011
14.5485 9241
14.5488 9465
14.5492 3600
14.5499 4176
14.5502 4672
14.5505 5115
14.5509 5520
14.5512 5895
14.5515 6246
14.5515 6577
14.5519 6892
14.5519 7192
14.5522 7480
14.5522 7757
14.5525 8024
14.5525 8282
14.5529 8532
14.5529 8775
14.5532 9011
14.5532 9241
14.5535 9465
14.5536 3600
14.5539 4176
14.5542 4672
14.5545 5115
14.5549 5520
14.5552 5895
14.5559 2880
14.5566 3600
14.5569 4176
14.5573 4672
14.5576 5115
14.5583 2880
14.5586 3600
14.5589 4176
14.5593 4672
14.5596 5115
14.56 5520
14.5603 5895
14.5607 6246
14.5614 2880
14.562 3600
14.5624 4176
14.5627 4672
14.5631 5115
14.5634 5520
14.5638 5895
14.5641 6246
14.5641 6577
14.5648 2880
14.5655 3600
14.5658 4176
14.5662 4672
14.5665 5115
14.5671 2880
14.5674 3600
14.5678 4176
14.7682 4672
14.7688 2880
14.7692 3600
14.7695 4176
14.7698 4672
14.7701 5115
14.7705 5520
14.7708 5895
14.7712 6246
14.7718 2880
14.7725 3600
14.7729 4176
14.7732 4672
14.7736 5115
14.7739 5520
14.7743 5895
14.7746 6246
14.7749 6577
14.7753 2880
14.7757 3600
14.776 4176
14.7763 4672
14.7767 5115
14.7774 2880
14.7777 3600
14.778 4176
14.7784 4672
14.7788 5115
14.7794 2880
14.7797 3600
14.78 4176
14.9804 4672
14.981 2880
14.9814 3600
14.9817 4176
14.982 4672
14.9824 5115
14.9827 5520
14.983 5895
14.9833 6246
14.9833 6577
14.9836 6892
14.9837 7192
14.984 7480
14.984 7757
14.9843 8024
14.9843 8282
14.9846 8532
14.9847 8775
14.985 9011
14.985 9241
14.985 9465
14.9853 9684
14.9853 9898
14.9854 10107
14.9857 10312
14.9857 10513
14.9857 10710
14.986 4320
14.9863 4800
14.9866 5232
14.9869 5628
14.9872 5996
14.9876 6341
14.9882 2880
14.9889 3600
14.9899 2880
14.9902 3600
14.9905 4176
15.1908 4672
15.1919 2880
15.1926 3600
15.1935 2880
15.1938 3600
15.1941 4176
15.3945 4672
15.3955 2880
15.396 3600
15.3964 4176
15.3967 4672
15.397 5115
15.3973 5520
15.3977 5895
15.398 6246
15.3984 6577
15.3987 2880
15.3991 3600
15.3994 4176
15.3997 4672
15.4001 5115
15.4004 5520
15.4007 5895
15.4011 6246
15.4014 6577
15.4017 2880
15.4021 3600
15.4024 4176
15.4028 4672
15.4031 5115
15.4037 2880
15.4041 3600
15.4044 4176
15.4048 4672
15.4051 5115
15.4054 5520
15.4056 5895
15.406 6246
15.4063 6577
15.4067 2880
15.407 3600
15.4074 4176
15.4077 4672
15.4081 5115
15.4087 2880
15.409 3600
15.4094 4176
15.4096 4672
15.41 5115
15.4103 5520
15.4107 5895
15.411 6246
15.4113 6577
15.4117 2880
15.412 3600
15.4124 4176
15.4127 4672
15.4131 5115
15.4134 5520
15.4137 5895
15.4141 6246
15.4145 6577
15.4154 2880
15.4161 3600
15.6165 4176
15.6175 2880
15.6179 3600
15.6189 2880
15.6192 3600
15.6195 4176
15.6199 4672
15.6202 5115
15.6205 5520
15.6208 5895
15.6212 6246
15.6215 6577
15.6226 2880
15.6233 3600
15.6236 4176
15.624 4672
15.6243 5115
15.6246 5520
15.6249 5895
15.6253 6246
15.6256 6577
15.6259 2880
15.6263 3600
15.6266 4176
15.627 4672
15.6273 5115
15.6276 5520
15.628 5895
15.6283 2880
15.6287 3600
15.629 4176
15.6293 4672
15.6297 5115
15.6303 2880
15.6307 3600
15.631 4176
15.6314 4672
15.6317 5115
15.6321 5520
15.6331 2880
15.6338 3600
15.6341 4176
15.6344 4672
15.6348 5115
15.6351 5520
15.6354 5895
15.6358 6246
15.6365 2880
15.6371 3600
15.6374 4176
15.6378 4672
15.6381 5115
15.6384 5520
15.6388 5895
15.6391 6246
15.6401 2880
15.6411 3600
15.6414 4176
15.6417 4672
15.6421 5115
15.6424 5520
15.6427 5895
15.6431 6246
15.6434 6577
15.6437 2880
15.644 3600
15.6443 4176
15.6447 4672
15.645 5115
15.6457 2880
15.646 3600
15.6464 4176
15.8468 4672
15.8478 2880
15.8485 3600
15.8488 4176
16.0492 4672
16.0499 2880
16.0502 3600
16.0505 4176
16.0508 4672
16.0512 5115
16.0518 2880
16.0522 3600
16.0525 4176
16.0528 4672
16.0531 5115
16.0534 5520
16.0538 5895
16.0541 6246
16.0545 6577
16.0548 2880
16.0551 3600
16.0555 4176
16.0558 4672
16.0561 5115
16.0565 5520
16.0568 5895
16.0572 6246
16.0572 6577
16.0575 6892
16.0576 7192
16.0579 7480
16.0579 7757
16.0582 8024
16.0586 2880
16.0589 3600
16.0593 4176
16.0596 4672
16.06 5115
16.0606 2880
16.0609 3600
16.0612 4176
16.0615 4672
16.2619 5115
16.2629 2880
16.2636 3600
16.2639 4176
16.2642 4672
16.2646 5115
16.2653 2880
16.2656 3600
16.266 4176
16.4663 4672
16.4669 2880
16.4672 3600
16.4676 4176
16.4679 4672
16.4683 5115
16.469 2880
16.4693 3600
16.4696 4176
16.4699 4672
16.4703 5115
16.4706 5520
16.471 5895
16.4713 2880
16.4716 3600
16.472 4176
16.4723 4672
16.4726 5115
16.4733 2880
16.4737 3600
16.4739 4176
16.4742 4672
16.4746 5115
16.4749 5520
16.4752 5895
16.4756 6246
16.4759 6577
16.4768 2880
16.4775 3600
16.4778 4176
16.4781 4672
16.4785 5115
16.4792 2880
16.4794 3600
16.4797 4176
16.48 4672
16.4803 5115
16.4807 5520
16.481 5895
16.4813 6246
16.4817 6577
16.4827 2880
16.4834 3600
16.4837 4176
16.484 4672
16.4843 5115
16.4846 5520
16.485 5895
16.4853 6246
16.4853 6577
16.4856 6892
16.4856 7192
16.4859 7480
16.4859 7757
16.4862 8024
16.4862 8282
16.4865 8532
16.4865 8775
16.4869 9011
16.4869 9241
16.4872 9465
16.4876 3600
16.4883 4176
16.4886 4672
16.4889 5115
16.4892 5520
16.4895 5895
16.4899 6246
16.4899 6577
16.4902 6892
16.4902 7192
16.4906 7480
16.4906 7757
16.4909 8024
16.4909 8282
16.4912 8532
16.4912 8775
16.4915 9011
16.4915 9241
16.4919 9465
16.4922 3600
16.4929 4176
16.6932 4672
16.6938 2880
16.6942 3600
16.6945 4176
16.6949 4672
16.6952 5115
16.6955 5520
16.6958 5895
16.6962 6246
16.6962 6577
16.6965 6892
16.6966 7192
16.6969 7480
16.6969 7757
16.6972 8024
16.6972 8282
16.6975 8532
16.6975 8775
16.6978 9011
16.6978 9241
16.6978 9465
16.6981 9684
16.6982 9898
16.6982 10107
16.6985 10312
16.6985 10513
16.6986 10710
16.6989 4320
16.6992 4800
16.6994 5232
16.6997 5628
16.7001 5996
16.7004 6341
16.7004 6668
16.7007 6978
16.7008 7275
16.7011 7560
16.7011 7834
16.7014 8098
16.7014 8354
16.7017 8602
16.7017 8843
16.702 9077
16.702 9305
16.7021 9527
16.7024 9744
16.7024 9956
16.7024 10164
16.7027 10368
16.7027 10568
16.7027 10764
16.703 10956
16.703 11145
16.703 11331
16.7033 11514
16.7033 11694
16.7033 11871
16.7036 12045
16.7036 12217
16.7037 12386
16.7037 12553
16.704 12718
16.704 12881
16.704 13041
16.704 13200
16.7043 13357
16.7043 13512
16.7044 13665
16.7044 13816
16.7047 13966
16.7047 14114
16.7047 14260
16.7047 14405
16.705 14548
16.705 14690
16.7051 14831
16.7051 14970
16.7053 15108
16.7054 6480
16.7057 6800
16.706 7104
16.706 7395
16.7063 7675
16.7063 7945
16.7066 8205
16.7067 8457
16.707 8702
16.707 8940
16.7073 9171
16.7073 9397
16.7073 9617
16.7076 9832
16.7076 10042
16.7077 10248
16.7079 10450
16.708 10648
16.708 10842
16.7082 11033
16.7082 11220
16.7083 11404
16.7085 11585
16.7086 11763
16.7086 11939
16.7089 12112
16.7089 12283
16.7089 12451
16.7089 12617
16.7092 12781
16.7092 12943
16.7093 13103
16.7093 13261
16.7096 13417
16.7096 13571
16.7096 13723
16.7096 13874
16.7099 14023
16.7099 14170
16.7099 14316
16.7099 14460
16.7101 14603
16.7102 14744
16.7102 14884
16.7102 15023
16.7102 15161
16.7104 15297
16.7105 15432
16.7105 15566
16.7105 15699
16.7105 15831
16.7107 15961
16.7107 16090
16.7108 16218
16.7108 16345
16.7108 16471
16.711 16596
16.711 16720
16.711 16844
16.7111 16967
16.7111 17089
16.7113 17210
16.7113 17330
16.7113 17449
16.7113 17567
16.7114 17685
16.7116 17802
16.7116 17918
16.7116 18033
16.7116 18147
16.7117 18261
16.7117 18374
16.7118 18486
16.7119 18598
16.7119 18709
16.7119 18819
16.7119 18929
16.712 19038
16.7121 19146
16.7122 19254
16.7122 19361
16.7122 19468
16.7122 19574
16.7122 19679
16.7124 19784
16.7124 19888
16.7125 19992
16.7125 20095
16.7125 20198
16.7125 20300
16.7127 20402
16.7127 20503
16.7127 20604
16.7127 20704
16.7128 20804
16.7128 20903
16.7128 21002
16.713 21100
16.713 21198
16.713 21295
16.713 21392
16.7131 21488
16.7131 21584
16.7131 21680
16.7133 21775
16.7133 21870
16.7133 21964
16.7134 22058
16.7134 22152
16.7134 22245
16.7134 22338
16.7136 22430
16.7136 22522
16.7136 22614
16.7137 22705
16.7137 22796
16.7137 22886
16.7137 22976
16.7139 23066
16.7139 23155
16.714 23244
16.714 23333
16.714 23421
16.714 23509
16.714 23597
16.7142 23684
16.7142 23771
16.7143 23858
16.7143 23944
16.7144 10800
16.715 10992
16.7152 11180
16.7152 11365
16.7153 11547
16.7154 11726
16.7155 11902
16.7155 12076
16.7156 12247
16.7157 12416
16.7158 12583
16.7158 12747
16.7159 12909
16.716 13069
16.7161 13227
16.7161 13383
16.7162 13537
16.7163 13690
16.7164 13841
16.7164 13990
16.7165 14138
16.7166 14284
16.7167 14429
16.7167 14572
16.7168 14714
16.717 14854
16.7171 14993
16.7171 15131
16.7171 15268
16.7171 15403
16.7173 15537
16.7174 15670
16.7175 6480
16.7178 6800
16.718 7104
16.718 7395
16.7183 7675
16.7184 7945
16.7187 8205
16.7187 8457
16.719 8702
16.719 8940
16.7193 9171
16.7194 9397
16.7194 9617
16.7197 9832
