1 14400
1.07981 1440
1.08019 2880
1.28059 4320
2.28159 1440
2.28197 2880
2.28197 3600
2.28237 4176
2.48276 4672
3.48376 1440
3.68416 2880
3.68492 3600
3.68531 4176
3.8857 4672
4.8857 1440
5.08609 2880
5.08685 3600
5.08724 4176
5.08763 4672
5.08802 5115
5.08839 5520
5.08878 5895
5.08917 6246
5.08956 6577
5.08996 2880
5.09033 3600
5.0907 4176
5.09108 4672
5.09147 5115
5.09222 2880
5.09258 3600
5.09291 4176
5.09328 4672
5.09368 5115
5.09486 2880
5.09563 3600
5.09602 4176
5.09641 4672
5.09678 5115
5.09717 5520
5.09754 5895
5.09793 6246
5.09832 6577
5.09948 2880
5.10025 3600
5.10064 4176
5.10102 4672
5.10139 5115
5.10177 5520
5.10216 5895
5.10256 2880
5.10294 3600
5.10333 4176
5.10371 4672
5.1041 5115
5.10488 2880
5.10527 3600
5.10565 4176
5.10604 4672
5.10641 5115
5.1068 5520
5.10717 5895
5.10753 6246
5.10753 6577
5.10791 6892
5.10792 7192
5.10829 7480
5.1083 7757
5.10868 8024
5.10868 8282
5.10904 8532
5.10905 8775
5.10943 9011
5.10944 9241
5.10981 9465
5.10982 3600
5.11022 4176
5.1106 4672
5.11096 5115
5.11132 5520
5.11171 5895
5.11249 2880
5.11324 3600
5.11363 4176
5.11402 4672
5.11442 5115
5.11516 2880
5.11553 3600
5.11592 4176
5.1163 4672
5.11667 5115
5.11706 5520
5.11745 5895
5.11784 6246
5.11785 6577
5.11822 6892
5.11823 7192
5.1186 7480
5.11861 7757
5.11899 8024
5.11937 2880
5.11973 3600
5.1201 4176
5.12047 4672
5.12086 5115
5.12125 5520
5.12163 5895
5.12198 6246
5.12199 6577
5.12235 6892
5.12236 7192
5.12274 7480
5.12274 7757
5.12313 8024
5.12351 2880
5.12386 3600
5.12424 4176
5.32463 4672
5.3254 2880
6.32463 1440
6.52535 2880
6.52574 3600
6.52609 4176
6.5264 4672
6.52679 5115
6.52718 5520
6.52757 5895
6.52796 6246
6.52796 6577
6.52833 6892
6.52834 7192
6.52873 7480
6.52873 7757
6.52912 8024
6.52951 2880
6.52985 3600
6.5302 4176
6.5306 4672
6.53099 5115
6.53173 2880
6.53208 3600
6.53244 4176
6.53284 4672
6.53322 5115
6.53358 5520
6.53393 5895
6.53427 6246
6.53428 6577
6.53463 6892
6.53464 7192
6.53502 7480
6.53502 7757
6.53541 8024
6.53541 8282
6.5358 8532
6.5358 8775
6.53616 9011
6.53617 9241
6.53618 9465
6.53653 9684
6.53653 9898
6.53654 10107
6.53692 10312
6.53692 10513
6.53693 10710
6.53731 10903
6.53731 11093
6.53732 11279
6.53769 11462
6.5377 11642
6.53771 11820
6.53803 11995
6.53804 12167
6.53805 12337
6.53806 12505
6.53843 12670
6.53843 12833
6.53844 12994
6.53845 13153
6.53881 13310
6.53882 13465
6.53883 13618
6.53884 13770
6.53918 13920
6.53919 14068
6.5392 14215
6.53921 14360
6.53957 14504
6.53957 14646
6.53958 14787
6.53959 14927
6.53996 15065
6.53998 6480
6.54109 6800
6.5411 7104
6.54141 7395
6.54142 7675
6.54173 7945
6.54174 8205
6.54212 8457
6.54212 8702
6.54251 8940
6.54289 3600
6.54367 4176
6.54406 4672
6.54445 5115
6.54482 5520
6.54519 5895
6.54558 6246
6.54597 6577
6.54636 2880
6.54673 3600
6.5471 4176
6.5475 4672
6.54788 5115
6.54827 5520
6.54863 5895
6.549 6246
6.549 6577
6.54937 6892
6.54938 7192
6.54976 7480
6.54977 7757
6.55014 8024
6.55014 8282
6.55051 8532
6.55052 8775
6.55085 9011
6.55086 9241
6.55087 9465
6.55125 9684
6.55126 3600
6.55165 4176
6.55203 4672
6.55239 5115
6.55272 5520
6.55311 5895
6.5535 6246
6.55424 2880
6.55498 3600
6.55537 4176
6.55575 4672
6.5561 5115
6.55645 5520
6.55683 5895
6.55722 6246
6.55798 2880
6.55876 3600
6.55912 4176
6.55949 4672
6.55987 5115
6.56026 5520
6.56065 5895
6.56104 6246
6.56104 6577
6.56142 6892
6.56143 7192
6.5618 7480
6.5618 7757
6.56218 8024
6.56219 8282
6.56257 8532
6.56258 8775
6.56296 9011
6.56297 9241
6.56333 9465
6.56334 3600
6.56369 4176
6.56405 4672
6.56443 5115
6.56482 5520
6.56519 5895
6.56553 6246
6.56553 6577
6.56589 6892
6.5659 7192
6.56628 7480
6.56629 7757
6.56668 8024
6.567 2880
6.56731 3600
6.56761 4176
6.56798 4672
6.56837 5115
6.56914 2880
6.56953 3600
6.56991 4176
6.57025 4672
6.57057 5115
6.57086 5520
6.5712 5895
6.57159 6246
6.57198 6577
6.57237 2880
6.57276 3600
6.57312 4176
6.57349 4672
6.57386 5115
6.57423 5520
6.57461 5895
6.575 6246
6.57501 6577
6.57539 6892
6.5754 7192
6.57578 7480
6.57579 7757
6.57612 8024
6.57613 8282
6.57649 8532
6.57649 8775
6.57688 9011
6.57727 3600
6.57796 4176
6.57831 4672
6.5787 5115
6.57909 5520
6.57947 5895
6.57981 6246
6.57982 6577
6.5802 6892
6.58021 7192
6.58059 7480
6.5806 7757
6.58098 8024
6.58099 8282
6.58137 8532
6.58138 8775
6.58174 9011
6.58175 9241
6.58176 9465
6.58213 9684
6.58213 9898
6.58214 10107
6.58252 10312
6.58253 10513
6.58254 10710
6.5829 4320
6.58328 4800
6.58364 5232
6.58403 5628
6.58442 5996
6.58481 6341
6.5855 2880
6.5862 3600
6.58659 4176
6.58696 4672
6.58725 5115
6.58756 5520
6.58787 5895
6.58825 6246
6.58826 6577
6.58864 6892
6.58865 7192
6.589 7480
6.58901 7757
6.58939 8024
6.58978 2880
6.59017 3600
6.59054 4176
6.59093 4672
6.59132 5115
6.59168 5520
6.59207 5895
6.59323 2880
6.59439 3600
6.59549 2880
6.59585 3600
6.59623 4176
6.79662 4672
6.79735 2880
6.79774 3600
6.79811 4176
6.79849 4672
6.79887 5115
6.79926 5520
6.79965 5895
6.79998 6246
6.79999 6577
6.80033 6892
6.80033 7192
6.8007 7480
6.8007 7757
6.80108 8024
6.80109 8282
6.80147 8532
6.80148 8775
6.80185 9011
6.80186 9241
6.80187 9465
6.80223 9684
6.80224 9898
6.80225 10107
6.80262 10312
6.80263 10513
6.80263 10710
6.803 10903
6.803 11093
6.80301 11279
6.80337 11462
6.80337 11642
6.80338 11820
6.80375 11995
6.80376 12167
6.80377 12337
6.80378 12505
6.80415 12670
6.80416 5040
6.80455 5451
6.80487 5831
6.80517 6186
6.80518 6521
6.80552 6838
6.80553 7141
6.80591 7431
6.80592 7710
6.8063 7978
6.80631 8237
6.80668 8488
6.80669 8732
6.80706 8969
6.80707 9200
6.80708 9425
6.80746 9645
6.80784 3600
6.80857 4176
6.80888 4672
6.80923 5115
6.80962 5520
6.81 5895
6.81039 6246
6.81077 6577
6.81113 2880
6.81148 3600
6.81188 4176
6.81227 4672
6.81265 5115
6.81302 5520
6.81338 5895
6.81378 6246
6.81454 2880
6.81524 3600
6.81563 4176
6.81602 4672
6.81641 5115
6.81677 5520
6.81712 5895
6.81749 6246
6.8175 6577
6.81788 6892
6.81789 7192
6.81827 7480
6.81828 7757
6.81865 8024
6.81866 8282
6.819 8532
6.81901 8775
6.81932 9011
6.81933 9241
6.81934 9465
6.81967 9684
6.81968 9898
6.81968 10107
6.82005 10312
6.82006 10513
6.82007 10710
6.82044 10903
6.82045 11093
6.82045 11279
6.82082 11462
6.82083 11642
6.82084 11820
6.82121 11995
6.82123 5040
6.82192 5451
6.82226 5831
6.82261 6186
6.82262 6521
6.82299 6838
6.823 7141
6.82338 7431
6.82339 7710
6.82378 7978
6.82413 2880
6.82449 3600
6.82488 4176
6.82527 4672
6.82566 5115
6.82603 5520
6.82637 5895
6.82672 6246
6.82673 6577
6.82712 6892
6.82749 2880
6.82788 3600
6.82826 4176
6.82863 4672
6.82899 5115
6.82938 5520
6.82977 5895
6.83016 2880
6.83055 3600
6.83089 4176
6.83123 4672
6.8316 5115
6.83199 5520
6.83238 5895
6.83276 6246
6.83277 6577
6.83312 6892
6.83313 7192
6.83348 7480
6.83349 7757
6.83386 8024
6.83387 8282
6.83425 8532
6.83426 8775
6.83463 9011
6.83464 9241
6.83465 9465
6.835 9684
6.83501 9898
6.83502 10107
6.83534 10312
6.83535 10513
6.83536 10710
6.83571 10903
6.83572 11093
6.83573 11279
6.8361 11462
6.83611 11642
6.83611 11820
6.83648 11995
6.83649 12167
6.8365 12337
6.83651 12505
6.83684 12670
6.83685 12833
6.83686 12994
6.83686 13153
6.83723 13310
6.83723 13465
6.83724 13618
6.83725 13770
6.83761 13920
6.83762 14068
6.83762 14215
6.83763 14360
6.838 14504
6.83802 6480
6.83837 6800
6.83871 7104
6.83872 7395
6.8391 7675
6.83911 7945
6.83949 8205
6.8395 8457
6.83986 8702
6.83987 8940
6.84025 9171
6.84026 9397
6.84064 3600
6.84101 4176
6.84139 4672
6.84178 5115
6.84216 5520
6.84255 5895
6.84294 6246
6.84294 6577
6.84333 6892
6.84334 7192
6.84372 7480
6.84373 7757
6.84409 8024
6.8441 8282
6.84449 8532
6.84449 8775
6.84485 9011
6.84486 9241
6.84487 9465
6.84523 9684
6.84524 9898
6.84525 10107
6.84562 10312
6.84563 10513
6.84564 10710
6.846 10903
6.84601 11093
6.84601 11279
6.84639 11462
6.84641 4320
6.84719 4800
6.84754 5232
6.84787 5628
6.84823 5996
6.84862 6341
6.84935 2880
6.85013 3600
6.85052 4176
6.8509 4672
6.85128 5115
6.85167 5520
6.85207 5895
6.85243 2880
6.85276 3600
6.85311 4176
6.8535 4672
6.85389 5115
6.85466 2880
6.85503 3600
6.85541 4176
7.05581 4672
7.05659 2880
7.05698 3600
7.05737 4176
7.05774 4672
7.05812 5115
7.05851 5520
7.05888 5895
7.05927 6246
7.05965 6577
7.06005 2880
7.06042 3600
7.06078 4176
7.06114 4672
7.06152 5115
7.06191 5520
7.0623 5895
7.06268 6246
7.06269 6577
7.06306 6892
7.06306 7192
7.06345 7480
7.06345 7757
7.06383 8024
7.06384 8282
7.06422 8532
7.06423 8775
7.0646 9011
7.06461 9241
7.06461 9465
7.06498 9684
7.06499 9898
7.065 10107
7.06537 10312
7.06538 10513
7.06539 10710
7.06575 4320
7.06613 4800
7.06651 5232
7.06689 5628
7.06729 5996
7.06767 2880
7.06805 3600
7.06841 4176
7.06877 4672
7.06917 5115
7.06992 2880
7.07029 3600
7.07067 4176
7.07106 4672
7.07145 5115
7.07219 2880
7.07255 3600
7.0729 4176
7.07329 4672
7.07367 5115
7.07406 5520
7.07445 5895
7.07484 6246
7.07484 6577
7.0752 6892
7.07521 7192
7.07557 7480
7.07558 7757
7.07593 8024
7.07594 8282
7.07631 8532
7.07633 8775
7.07668 9011
7.07669 9241
7.0767 9465
7.07705 9684
7.07706 9898
7.07706 10107
7.07743 10312
7.07744 10513
7.07745 10710
7.0778 10903
7.07781 11093
7.07782 11279
7.07819 11462
7.0782 11642
7.07821 11820
7.07858 11995
7.0786 5040
7.07935 5451
7.07973 5831
7.08011 6186
7.08012 6521
7.08051 6838
7.0809 2880
7.08128 3600
7.08165 4176
7.082 4672
7.08239 5115
7.08278 5520
7.08317 5895
7.08355 6246
7.08356 6577
7.08394 6892
7.08395 7192
7.08432 7480
7.08433 7757
7.08471 8024
7.08472 8282
7.08509 8532
7.0851 8775
7.08547 9011
7.08548 9241
7.08549 9465
7.08585 9684
7.08586 9898
7.08586 10107
7.08625 10312
7.08626 4320
7.08699 4800
7.08736 5232
7.08775 5628
7.08852 2880
7.08891 3600
7.0893 4176
7.08968 4672
7.09007 5115
7.09046 5520
7.09083 5895
7.09122 6246
7.0916 6577
7.092 2880
7.09238 3600
7.09276 4176
7.09315 4672
7.09354 5115
7.0939 5520
7.09425 5895
7.09463 6246
7.09464 6577
7.09502 6892
7.09503 7192
7.09541 7480
7.09542 7757
7.0958 8024
7.09581 8282
7.09619 8532
7.09619 8775
7.09653 9011
7.09654 9241
7.09655 9465
7.09688 9684
7.09689 9898
7.0969 10107
7.09727 10312
7.09727 10513
7.09728 10710
7.09765 10903
7.09766 11093
7.09767 11279
7.09804 11462
7.09805 11642
7.09806 11820
7.09842 11995
7.09843 12167
7.09843 12337
7.09844 12505
7.0988 12670
7.09881 12833
7.09882 12994
7.09882 13153
7.09919 13310
7.0992 13465
7.09921 13618
7.09921 13770
7.09958 13920
7.09958 14068
7.09959 14215
7.0996 14360
7.09994 14504
7.09995 14646
7.09996 14787
7.09997 14927
7.10033 15065
7.10034 15202
7.10035 15338
7.10035 15473
7.10036 15607
7.10072 15739
7.10073 15870
7.10074 16000
7.10074 16129
7.10075 16257
7.10111 16384
7.10112 16510
7.10113 7200
7.10152 7488
7.10185 7764
7.10186 8031
7.10221 8289
7.10222 8539
7.1026 8781
7.10297 3600
7.10336 4176
7.10375 4672
7.10414 5115
7.10491 2880
7.1053 3600
7.1057 4176
7.30609 4672
7.30686 2880
7.30724 3600
7.30763 4176
7.30803 4672
7.30841 5115
7.30878 5520
7.30917 5895
7.30956 6246
7.30957 6577
7.30996 6892
7.30996 7192
7.31035 7480
7.31036 7757
7.31072 8024
7.31073 8282
7.31111 8532
7.31112 8775
7.31149 9011
7.3115 9241
7.31151 9465
7.31189 9684
7.3119 9898
7.3119 10107
7.31227 10312
7.31227 10513
7.31228 10710
7.31265 10903
7.31266 11093
7.31267 11279
7.31305 11462
7.31306 4320
7.31344 4800
7.31379 5232
7.31414 5628
7.31454 5996
7.31532 2880
7.31608 3600
7.31642 4176
7.31682 4672
7.31721 5115
7.31799 2880
7.31838 3600
7.31876 4176
7.31915 4672
7.31953 5115
7.31991 5520
7.3203 5895
7.32069 2880
7.32107 3600
7.32146 4176
7.32186 4672
7.32224 5115
7.32263 5520
7.32302 5895
7.32339 6246
7.3234 6577
7.32379 6892
7.3238 7192
7.32418 7480
7.32419 7757
7.32457 8024
7.32457 8282
7.32493 8532
7.32494 8775
7.3253 9011
7.32531 9241
7.32531 9465
7.3257 9684
7.32571 3600
7.32608 4176
7.32647 4672
7.32684 5115
7.32723 5520
7.32762 5895
7.32802 2880
7.32839 3600
7.32876 4176
7.3291 4672
7.3295 5115
7.33026 2880
7.33064 3600
7.33104 4176
7.33142 4672
7.33181 5115
7.33253 2880
7.33288 3600
7.33327 4176
7.33364 4672
7.334 5115
7.33435 5520
7.3347 5895
7.33507 6246
7.33508 6577
7.33547 6892
7.33548 7192
7.33586 7480
7.33587 7757
7.33626 8024
7.33664 2880
7.33741 3600
7.5378 4176
7.53892 2880
7.53924 3600
7.53963 4176
7.54001 4672
7.5404 5115
7.54078 5520
7.54114 5895
7.54146 6246
7.54147 6577
7.54182 6892
7.54183 7192
7.54221 7480
7.54222 7757
7.5426 8024
7.54261 8282
7.54298 8532
7.54299 8775
7.54334 9011
7.54335 9241
7.54335 9465
7.5437 9684
7.54371 9898
7.54372 10107
7.5441 10312
7.5441 10513
7.54411 10710
7.54448 10903
7.54449 11093
7.5445 11279
7.54488 11462
7.54489 4320
7.54526 4800
7.54563 5232
7.546 5628
7.54639 5996
7.54678 6341
7.54718 6668
7.54833 2880
7.5491 3600
7.54949 4176
7.54988 4672
7.55026 5115
7.55065 5520
7.55103 5895
7.5514 6246
7.55141 6577
7.5518 6892
7.55219 2880
7.55257 3600
7.55292 4176
7.55327 4672
7.55365 5115
7.55403 5520
7.55442 5895
7.55479 6246
7.5548 6577
7.55514 6892
7.55514 7192
7.55547 7480
7.55547 7757
7.55582 8024
7.55583 8282
7.55621 8532
7.55621 8775
7.5566 9011
7.55698 3600
7.55776 4176
7.55815 4672
7.55853 5115
7.5589 5520
7.55928 5895
7.55966 6246
7.55967 6577
7.56006 6892
7.56006 7192
7.56045 7480
7.56045 7757
7.56083 8024
7.56084 8282
7.56121 8532
7.56122 8775
7.5616 9011
7.56161 9241
7.56161 9465
7.56199 9684
7.562 9898
7.56201 10107
7.56237 10312
7.56238 10513
7.56239 10710
7.56276 10903
7.56276 11093
7.56277 11279
7.56311 11462
7.56312 11642
7.56313 11820
7.56347 11995
7.56347 12167
7.56348 12337
7.56349 12505
7.56384 12670
7.56385 12833
7.56386 12994
7.56386 13153
7.56423 13310
7.56424 13465
7.56425 13618
7.56425 13770
7.56461 13920
7.56462 14068
7.56462 14215
7.56463 14360
7.56499 14504
7.565 14646
7.565 14787
7.56501 14927
7.56537 15065
7.56538 15202
7.56539 15338
7.56539 15473
7.5654 15607
7.56577 15739
7.56578 6480
7.56615 6800
7.56651 7104
7.56651 7395
7.56686 7675
7.56687 7945
7.56725 8205
7.56725 8457
7.56764 8702
7.56764 8940
7.56803 9171
7.56839 3600
7.56917 4176
7.56957 4672
7.56996 5115
7.57074 2880
7.57113 3600
7.57152 4176
7.57191 4672
7.57229 5115
7.57268 5520
7.57307 5895
7.57344 6246
7.57345 6577
7.57382 6892
7.57383 7192
7.57421 7480
7.57421 7757
7.5746 8024
7.57499 2880
7.57537 3600
7.57573 4176
7.57613 4672
7.57652 5115
7.57691 5520
7.57725 5895
7.57759 6246
7.5776 6577
7.57799 6892
7.578 7192
7.57838 7480
7.57839 7757
7.57877 8024
7.57878 8282
7.57913 8532
7.57914 8775
7.57949 9011
7.5795 9241
7.57951 9465
7.57988 9684
7.57988 9898
7.57989 10107
7.58027 10312
7.58028 10513
7.58029 10710
7.58066 4320
7.581 4800
7.5813 5232
7.58162 5628
7.58197 5996
7.58235 6341
7.58236 6668
7.58275 6978
7.58276 7275
7.58312 7560
7.58313 7834
7.58351 8098
7.58351 8354
7.58386 8602
7.58387 8843
7.58422 9077
7.58423 9305
7.58423 9527
7.58462 9744
7.58463 3600
7.58502 4176
7.58538 4672
7.58568 5115
7.586 5520
7.58635 5895
7.58674 6246
7.58711 6577
7.58751 2880
7.5879 3600
7.58828 4176
7.58866 4672
7.58905 5115
7.58982 2880
7.59021 3600
7.59059 4176
7.59094 4672
7.59131 5115
7.5917 5520
7.59209 5895
7.59248 6246
7.59249 6577
7.59285 6892
7.59286 7192
7.59324 7480
7.59325 7757
7.59363 8024
7.59402 2880
7.59439 3600
7.59478 4176
7.59516 4672
7.59552 5115
7.59591 5520
7.59629 5895
7.59668 6246
7.59708 6577
7.59824 2880
7.599 3600
7.59933 4176
7.59968 4672
7.60007 5115
7.60084 2880
7.60122 3600
7.60158 4176
7.80198 4672
7.80312 2880
7.80379 3600
7.80417 4176
8.00457 4672
8.00535 2880
8.00574 3600
8.00613 4176
8.00652 4672
8.00691 5115
8.00729 5520
8.00768 5895
8.00806 6246
8.00807 6577
8.00845 6892
8.00846 7192
8.00884 7480
8.00885 7757
8.00921 8024
8.00922 8282
8.0096 8532
8.00961 8775
8.00998 9011
8.00999 9241
8.01 9465
8.01038 9684
8.01039 3600
8.01077 4176
8.01116 4672
8.01153 5115
8.01186 5520
8.01222 5895
8.01261 6246
8.01376 2880
8.01492 3600
8.01531 4176
8.01568 4672
8.01604 5115
8.01643 5520
8.01682 5895
8.01722 6246
8.01796 2880
8.01873 3600
8.0191 4176
8.01945 4672
8.01978 5115
8.02016 5520
8.02055 5895
8.02094 6246
8.02208 2880
8.02324 3600
8.02363 4176
8.02401 4672
8.0244 5115
8.02479 5520
8.02517 5895
8.02552 6246
8.02553 6577
8.02587 6892
8.02588 7192
8.02626 7480
8.02627 7757
8.02665 8024
8.02666 8282
8.02704 8532
8.02704 8775
8.02739 9011
8.0274 9241
8.02741 9465
8.02776 9684
8.02777 9898
8.02778 10107
8.02814 10312
8.02815 10513
8.02816 10710
8.02853 10903
8.02854 11093
8.02855 11279
8.02892 11462
8.02894 4320
8.0297 4800
8.03007 5232
8.03046 5628
8.03085 5996
8.03119 6341
8.0312 6668
8.03156 6978
8.03157 7275
8.03193 7560
8.03194 7834
8.03231 8098
8.03232 8354
8.03271 8602
8.03271 8843
8.03306 9077
8.03307 9305
8.03308 9527
8.03341 9744
8.03342 9956
8.03343 10164
8.0338 10368
8.03381 10568
8.03382 10764
8.0342 4320
8.03458 4800
8.03496 5232
8.03535 5628
8.03573 5996
8.03612 6341
8.03651 6668
8.03686 2880
8.03722 3600
8.03761 4176
8.038 4672
8.03839 5115
8.03874 5520
8.03912 5895
8.03949 6246
8.0395 6577
8.03988 6892
8.03989 7192
8.04028 7480
8.04029 7757
8.04066 8024
8.04067 8282
8.04103 8532
8.04104 8775
8.04142 9011
8.04143 9241
8.04143 9465
8.04181 9684
8.04182 9898
8.04182 10107
8.0422 10312
8.04221 10513
8.04222 10710
8.04259 4320
8.04296 4800
8.04329 5232
8.04365 5628
8.04404 5996
8.04443 2880
8.04482 3600
8.0452 4176
8.04557 4672
8.04593 5115
8.04631 5520
8.0467 5895
8.04708 6246
8.04709 6577
8.04746 6892
8.04747 7192
8.04784 7480
8.04785 7757
8.04821 8024
8.04822 8282
8.04859 8532
8.0486 8775
8.04898 9011
8.04899 9241
8.04935 9465
8.04936 3600
8.04975 4176
8.05011 4672
8.05051 5115
8.05125 2880
8.0516 3600
8.05197 4176
8.05236 4672
8.05275 5115
8.05314 5520
8.05349 5895
8.05386 6246
8.05386 6577
8.05424 6892
8.05425 7192
8.05464 7480
8.05465 7757
8.05502 8024
8.05502 8282
8.05536 8532
8.05537 8775
8.0557 9011
8.0557 9241
8.05571 9465
8.05606 9684
8.05607 9898
8.05608 10107
8.05645 10312
8.05646 10513
8.05647 10710
8.05683 10903
8.05684 11093
8.05685 11279
8.0572 11462
8.05721 11642
8.05722 11820
8.05758 11995
8.05759 12167
8.0576 12337
8.05761 12505
8.05798 12670
8.05799 5040
8.05836 5451
8.0587 5831
8.05906 6186
8.05907 6521
8.05945 6838
8.05946 7141
8.05984 7431
8.05985 7710
8.06023 7978
8.06059 2880
8.06097 3600
8.06136 4176
8.06174 4672
8.06212 5115
8.06249 5520
8.06283 5895
8.06321 6246
8.06322 6577
8.06361 6892
8.06361 7192
8.064 7480
8.064 7757
8.06437 8024
8.06437 8282
8.0647 8532
8.06471 8775
8.06506 9011
8.06507 9241
8.06508 9465
8.06545 9684
8.06546 9898
8.06547 10107
8.06584 10312
8.06585 10513
8.06586 10710
8.06623 10903
8.06623 11093
8.06624 11279
8.06661 11462
8.06662 11642
8.06662 11820
8.06695 11995
8.06696 12167
8.06697 12337
8.06698 12505
8.06732 12670
8.06733 12833
8.06734 12994
8.06735 13153
8.06772 13310
8.06772 13465
8.06773 13618
8.06808 5760
8.06842 6120
8.06843 6458
8.06874 6779
8.06874 7084
8.06911 7376
8.06912 7657
8.06951 7927
8.06986 2880
8.07023 3600
8.07059 4176
8.07095 4672
8.07135 5115
8.0721 2880
8.07243 3600
8.07276 4176
8.07313 4672
8.07353 5115
8.07425 2880
8.07457 3600
8.07492 4176
8.27531 4672
8.27608 2880
8.27647 3600
8.27684 4176
8.27716 4672
8.2775 5115
8.27786 5520
8.27825 5895
8.27864 2880
8.27901 3600
8.27937 4176
8.27975 4672
8.28014 5115
8.28052 5520
8.28091 5895
8.28128 6246
8.28129 6577
8.28165 6892
8.28166 7192
8.28203 7480
8.28204 7757
8.28241 8024
8.28242 8282
8.2828 8532
8.28281 8775
8.28319 9011
8.2832 9241
8.2832 9465
8.28358 9684
8.28359 9898
8.28359 10107
8.28396 10312
8.28397 10513
8.28398 10710
8.28432 10903
8.28433 11093
8.28433 11279
8.28468 11462
8.28469 11642
8.2847 11820
8.28507 11995
8.28508 12167
8.28508 12337
8.28509 12505
8.28547 12670
8.28548 5040
8.28586 5451
8.28624 5831
8.28661 6186
8.28662 6521
8.28698 6838
8.28698 7141
8.28737 7431
8.28737 7710
8.28775 7978
8.28776 8237
8.28814 8488
8.28815 8732
8.28851 8969
8.28852 9200
8.28853 9425
8.2889 9645
8.28891 9859
8.28892 10069
8.28929 10274
8.2893 10475
8.28931 10672
8.28968 10866
8.28969 11056
8.2897 11243
8.29006 11427
8.29006 11608
8.29007 11786
8.2904 11961
8.29041 12134
8.29042 12304
8.29043 12472
8.29076 12638
8.29077 12802
8.29078 12963
8.29078 13122
8.29115 13280
8.29116 13436
8.29117 13590
8.29154 5760
8.29193 6120
8.29195 6458
8.29228 6779
8.29229 7084
8.29263 7376
8.29265 7657
8.29302 7927
8.29304 8188
8.29341 8441
8.29342 8686
8.29377 8924
8.29378 9156
8.29379 9382
8.29418 9603
8.29419 3600
8.29458 4176
8.29496 4672
8.29534 5115
8.29572 5520
8.29612 5895
8.2965 2880
8.29688 3600
8.29723 4176
8.29762 4672
8.29801 5115
8.29839 5520
8.29874 5895
8.29912 6246
8.29912 6577
8.29949 6892
8.2995 7192
8.29989 7480
8.2999 7757
8.30028 8024
8.30029 8282
8.30065 8532
8.30066 8775
8.30098 9011
8.30099 9241
8.301 9465
8.30135 9684
8.30136 9898
8.30138 10107
8.30175 10312
8.30176 10513
8.30177 10710
8.30212 4320
8.30252 4800
8.3029 5232
8.30329 5628
8.30368 5996
8.30404 2880
8.30441 3600
8.30479 4176
8.30518 4672
8.30558 5115
8.30633 2880
8.3067 3600
8.30708 4176
8.50748 4672
8.50862 2880
8.50931 3600
8.50969 4176
8.51008 4672
8.51047 5115
8.51083 5520
8.5112 5895
8.51159 6246
8.51197 6577
8.51237 2880
8.51276 3600
8.51312 4176
8.5135 4672
8.51389 5115
8.51465 2880
8.51502 3600
8.51538 4176
8.51578 4672
8.51616 5115
8.51653 5520
8.51692 5895
8.51731 6246
8.51732 6577
8.5177 6892
8.51771 7192
8.51808 7480
8.5181 7757
8.51847 8024
8.51849 8282
8.51885 8532
8.51886 8775
8.5192 9011
8.51921 9241
8.51922 9465
8.51953 9684
8.51955 9898
8.51956 10107
8.51992 10312
8.51994 10513
8.51995 10710
8.52033 4320
8.5207 4800
8.52103 5232
8.5214 5628
8.52179 5996
8.52296 2880
8.52406 3600
8.52444 4176
8.72484 4672
8.7256 2880
8.72599 3600
8.72638 4176
8.72676 4672
8.72713 5115
8.72751 5520
8.7279 5895
8.72829 6246
8.72869 6577
8.72985 2880
8.73062 3600
8.731 4176
8.7314 4672
8.73177 5115
8.73216 5520
8.73255 5895
8.73294 6246
8.73294 6577
8.7333 6892
8.7333 7192
8.73367 7480
8.73368 7757
8.73407 8024
8.73445 2880
8.73483 3600
8.7352 4176
8.73558 4672
8.73597 5115
8.73674 2880
8.73712 3600
8.73751 4176
8.93791 4672
8.93907 2880
8.93984 3600
8.94022 4176
8.94062 4672
8.941 5115
8.94138 5520
8.94177 5895
8.94216 6246
8.94294 2880
8.9437 3600
8.94409 4176
9.14449 4672
9.14562 2880
9.14639 3600
9.14755 2880
9.14794 3600
9.14832 4176
9.14872 4672
9.14911 5115
9.14988 2880
9.15027 3600
9.15065 4176
9.15104 4672
9.15144 5115
9.15219 2880
9.15256 3600
9.15294 4176
9.35333 4672
9.35449 2880
9.35524 3600
9.35641 2880
9.35678 3600
9.35717 4176
9.35756 4672
9.35794 5115
9.35831 5520
9.35868 5895
9.35907 6246
9.35908 6577
9.35946 6892
9.35947 7192
9.35986 7480
9.35986 7757
9.36023 8024
9.36024 8282
9.3606 8532
9.3606 8775
9.36096 9011
9.36097 9241
9.36097 9465
9.36136 9684
9.36137 3600
9.36174 4176
9.36211 4672
9.36247 5115
9.36284 5520
9.36324 5895
9.36363 2880
9.36401 3600
9.36438 4176
9.36475 4672
9.36514 5115
9.36554 5520
9.3663 2880
9.36668 3600
9.36707 4176
9.36746 4672
9.36785 5115
9.36823 5520
9.36858 5895
9.36894 6246
9.36895 6577
9.36934 6892
9.36974 2880
9.3701 3600
9.3704 4176
9.37073 4672
9.37109 5115
9.37148 5520
9.37225 2880
9.37264 3600
9.37301 4176
9.37336 4672
9.37375 5115
9.37452 2880
9.37489 3600
9.37527 4176
9.37565 4672
9.57605 5115
9.57719 2880
9.57796 3600
9.57835 4176
9.57871 4672
9.57906 5115
9.57944 5520
9.57983 5895
9.58022 6246
9.58098 2880
9.58172 3600
9.58209 4176
9.58249 4672
9.58288 5115
9.58326 5520
9.58364 5895
9.58399 6246
9.584 6577
9.58439 6892
9.58478 2880
9.58516 3600
9.58552 4176
9.5859 4672
9.58629 5115
9.58704 2880
9.58739 3600
9.58772 4176
9.58809 4672
9.58849 5115
9.58922 2880
9.58956 3600
9.58992 4176
9.79031 4672
9.79148 2880
9.79217 3600
9.79253 4176
9.99293 4672
9.99367 2880
9.99404 3600
9.9944 4176
10.1948 4672
10.1955 2880
10.1959 3600
10.1963 4176
10.1967 4672
10.1971 5115
10.1974 5520
10.1978 5895
10.199 2880
10.2001 3600
10.2005 4176
10.2008 4672
10.2012 5115
10.2016 5520
10.202 5895
10.2024 6246
10.2024 6577
10.2028 6892
10.2028 7192
10.2031 7480
10.2032 7757
10.2035 8024
10.2039 2880
10.2043 3600
10.2046 4176
10.205 4672
10.2054 5115
10.2058 5520
10.2062 5895
10.2065 6246
10.2065 6577
10.2069 6892
10.2069 7192
10.2073 7480
10.2073 7757
10.2077 8024
10.2077 8282
10.208 8532
10.208 8775
10.2084 9011
10.2084 9241
10.2084 9465
10.2087 9684
10.2087 9898
10.2087 10107
10.2089 10312
10.209 10513
10.209 10710
10.2093 10903
10.2093 11093
10.2093 11279
10.2097 11462
10.2097 11642
10.2097 11820
10.2101 11995
10.2101 12167
10.2101 12337
10.2105 5040
10.2112 5451
10.2116 5831
10.212 2880
10.2124 3600
10.2127 4176
10.213 4672
10.2134 5115
10.2142 2880
10.2145 3600
10.2149 4176
10.2152 4672
10.2156 5115
10.2164 2880
10.2167 3600
10.2171 4176
10.2175 4672
10.2178 5115
10.2182 5520
10.2186 5895
10.219 6246
10.219 6577
10.2194 6892
10.2194 7192
10.2198 7480
10.2198 7757
10.2202 8024
10.2205 2880
10.2209 3600
10.2213 4176
10.2217 4672
10.2221 5115
10.2225 5520
10.2228 5895
10.2232 6246
10.224 2880
10.2247 3600
10.2251 4176
10.4255 4672
10.4263 2880
10.4266 3600
10.427 4176
10.4273 4672
10.4277 5115
10.4285 2880
10.4289 3600
10.4293 4176
10.4297 4672
10.43 5115
10.4304 5520
10.4308 5895
10.4312 6246
10.4324 2880
10.4335 3600
10.4338 4176
10.4342 4672
10.4346 5115
10.4353 2880
10.4357 3600
10.4361 4176
10.4365 4672
10.4369 5115
10.4372 5520
10.4376 5895
10.438 6246
10.4384 6577
10.4388 2880
10.4392 3600
10.4396 4176
10.4399 4672
10.4403 5115
10.4407 5520
10.4411 5895
10.4414 2880
10.4418 3600
10.4422 4176
10.4426 4672
10.443 5115
10.4433 5520
10.4437 5895
10.444 6246
10.4441 6577
10.4444 6892
10.4445 7192
10.4448 7480
10.4448 7757
10.4452 8024
10.4452 8282
10.4456 8532
10.4456 8775
10.446 9011
10.446 9241
10.446 9465
10.4464 9684
10.4464 3600
10.4468 4176
10.4471 4672
10.4475 5115
10.4479 5520
10.4483 5895
10.4486 6246
10.4487 6577
10.449 6892
10.449 7192
10.4494 7480
10.4494 7757
10.4498 8024
10.4498 8282
10.4502 8532
10.4502 8775
10.4506 9011
10.4506 9241
10.451 9465
10.451 3600
10.4514 4176
10.4517 4672
10.4521 5115
10.4525 5520
10.4529 5895
10.4533 2880
10.4537 3600
10.454 4176
10.4544 4672
10.4548 5115
10.4551 5520
10.4555 5895
10.4559 6246
10.4559 6577
10.4563 6892
10.4563 7192
10.4567 7480
10.4567 7757
10.457 8024
10.4571 8282
10.4574 8532
10.4574 8775
10.4578 9011
10.4582 3600
10.459 4176
10.4601 2880
10.4605 3600
10.4609 4176
10.4613 4672
10.4617 5115
10.4624 2880
10.4628 3600
10.4631 4176
10.4635 4672
10.4639 5115
10.4643 5520
10.4647 5895
10.4651 6246
10.4651 6577
10.4655 6892
10.4655 7192
10.4658 7480
10.4658 7757
10.4662 8024
10.4666 2880
10.467 3600
10.4674 4176
10.4677 4672
10.4681 5115
10.4685 5520
10.4688 5895
10.4692 6246
10.4692 6577
10.4696 6892
10.4696 7192
10.47 7480
10.47 7757
10.4704 8024
10.4704 8282
10.4708 8532
10.4708 8775
10.4711 9011
10.4711 9241
10.4711 9465
10.4715 9684
10.4715 9898
10.4715 10107
10.4719 10312
10.4719 10513
10.4719 10710
10.4723 4320
10.4727 4800
10.473 5232
10.4734 5628
10.4737 5996
10.4741 6341
10.4749 2880
10.4756 3600
10.476 4176
10.4764 4672
10.4768 5115
10.4771 5520
10.4775 5895
10.4778 6246
10.4778 6577
10.4781 6892
10.4782 7192
10.4785 7480
10.4785 7757
10.4789 8024
10.4789 8282
10.4793 8532
10.4793 8775
10.4797 9011
10.4801 3600
10.4809 4176
10.4812 4672
10.4816 5115
10.4819 5520
10.4823 5895
10.4827 2880
10.4831 3600
10.4835 4176
10.4838 4672
10.4842 5115
10.4846 5520
10.485 5895
10.4853 6246
10.4853 6577
10.4857 6892
10.4857 7192
10.486 7480
10.4861 7757
10.4864 8024
10.4868 2880
10.4872 3600
10.4875 4176
10.4879 4672
10.4883 5115
10.489 2880
10.4894 3600
10.4897 4176
10.4901 4672
10.4904 5115
10.4912 2880
10.4916 3600
10.492 4176
10.4924 4672
10.4927 5115
10.4931 5520
10.4934 5895
10.4938 6246
10.4942 6577
10.4946 2880
10.495 3600
10.4954 4176
10.4958 4672
10.4961 5115
10.4969 2880
10.4973 3600
10.4977 4176
10.498 4672
10.4984 5115
10.4987 5520
10.4991 5895
10.4995 6246
10.5002 2880
10.5009 3600
10.5013 4176
10.7017 4672
10.7025 2880
10.7028 3600
10.7032 4176
10.9036 4672
10.9044 2880
10.9048 3600
10.9051 4176
10.9055 4672
10.9059 5115
10.9067 2880
10.907 3600
10.9074 4176
11.9074 1440
11.9078 2880
11.9082 3600
11.9086 4176
11.9089 4672
11.9093 5115
11.9101 2880
11.9104 3600
11.9108 4176
11.9112 4672
11.9116 5115
11.9123 2880
11.9127 3600
11.913 4176
12.1134 4672
12.1146 2880
12.1154 3600
12.1165 2880
12.1168 3600
12.1172 4176
12.3176 4672
12.3187 2880
12.3195 3600
12.3206 2880
12.321 3600
12.3214 4176
12.3218 4672
12.3222 5115
12.3229 2880
12.3233 3600
12.3237 4176
12.324 4672
12.3244 5115
12.3247 5520
12.3251 5895
12.3255 6246
12.3263 2880
12.327 3600
12.3274 4176
12.5278 4672
12.5285 2880
12.5289 3600
12.5293 4176
12.5297 4672
12.5301 5115
12.5308 2880
12.5312 3600
12.5316 4176
12.532 4672
12.5324 5115
12.5327 5520
12.5331 5895
12.5335 6246
12.5335 6577
12.5339 6892
12.5339 7192
12.5343 7480
12.5343 7757
12.5347 8024
12.5347 8282
12.535 8532
12.5351 8775
12.5354 9011
12.5358 3600
12.5366 4176
12.5369 4672
12.5373 5115
12.5377 5520
12.5381 5895
12.5388 2880
12.5396 3600
12.5407 2880
12.5411 3600
12.5423 2880
12.5427 3600
12.543 4176
12.5434 4672
12.5438 5115
12.5442 5520
12.5446 5895
12.5449 6246
12.5449 6577
12.5453 6892
12.5453 7192
12.5457 7480
12.5457 7757
12.5461 8024
12.5464 2880
12.5468 3600
12.5472 4176
12.5476 4672
12.548 5115
12.5484 5520
12.5488 5895
12.5491 6246
12.5491 6577
12.5494 6892
12.5494 7192
12.5498 7480
12.5498 7757
12.5502 8024
12.5502 8282
12.5505 8532
12.5506 8775
12.5509 9011
12.5509 9241
12.5509 9465
12.5513 9684
12.5513 9898
12.5513 10107
12.5517 10312
12.5517 10513
12.5517 10710
12.5521 10903
12.5521 11093
12.5521 11279
12.5525 11462
12.5525 11642
12.5525 11820
12.5528 11995
12.5528 12167
12.5528 12337
12.5528 12505
12.5531 12670
12.5531 12833
12.5531 12994
12.5532 13153
12.5535 13310
12.5535 13465
12.5535 13618
12.5535 13770
12.5539 13920
12.5539 14068
12.5539 14215
12.5539 14360
12.5543 14504
12.5543 14646
12.5543 14787
12.5543 14927
12.5547 15065
12.5547 15202
12.5547 15338
12.5547 15473
12.5547 15607
12.555 15739
12.5551 15870
12.5551 16000
12.5551 16129
12.5551 16257
12.5554 16384
12.5554 16510
12.5554 16635
12.5555 16759
12.5555 16882
12.5558 17004
12.5558 17125
12.5558 17246
12.5558 17366
12.5558 17485
12.5562 17603
12.5562 17720
12.5562 17837
12.5562 17953
12.5562 18068
12.5562 18182
12.5566 18296
12.5566 18409
12.5566 18521
12.5566 18632
12.5566 18743
12.5566 18853
12.557 18962
12.557 19071
12.557 19179
12.557 19287
12.557 19394
12.557 19500
12.5573 19606
12.5574 19711
12.5574 19816
12.5574 19920
12.5574 20024
12.5574 20127
12.5577 20230
12.5577 20332
12.5577 20433
12.5578 20534
12.5578 20634
12.5578 20734
12.5581 20834
12.5581 9360
12.5593 9581
12.5593 9797
12.5597 10008
12.5597 10215
12.5597 10417
12.5601 10616
12.5601 10811
12.5601 11002
12.5604 11190
12.5605 11375
12.5605 11557
12.5608 11736
12.5608 11912
12.5608 12086
12.5609 12257
12.5612 12426
12.5612 12592
12.5612 12756
12.5612 12918
12.5616 13078
12.5616 13236
12.5616 13392
12.5616 13546
12.5619 13699
12.5619 13850
12.562 13999
12.562 14147
12.5623 14293
12.5623 14438
12.5623 14581
12.5623 14723
12.5627 14863
12.5627 15002
12.5627 15140
12.5627 6480
12.5635 6800
12.5639 7104
12.5639 7395
12.5642 7675
12.5642 7945
12.5646 8205
12.5646 8457
12.565 8702
12.565 8940
12.5654 9171
12.5654 9397
12.5654 9617
12.5657 9832
12.5657 10042
12.5658 10248
12.5661 10450
12.5661 10648
12.5661 10842
12.5665 11033
12.5665 11220
12.5665 11404
12.5669 11585
12.5669 11763
12.5669 11939
12.5673 12112
12.5673 5040
12.568 5451
12.5684 5831
12.5688 6186
12.5695 2880
12.5703 3600
12.5707 4176
12.5711 4672
12.5714 5115
12.5718 5520
12.5722 5895
12.5725 6246
12.5726 6577
12.5729 6892
12.5729 7192
12.5733 7480
12.5733 7757
12.5737 8024
12.5737 8282
12.5741 8532
12.5741 8775
12.5744 9011
12.5745 9241
12.5745 9465
12.5748 9684
12.5748 9898
12.5748 10107
12.5752 10312
12.5752 10513
12.5756 4320
12.5763 4800
12.5767 5232
12.5771 5628
12.5775 5996
12.5778 6341
12.5778 6668
12.5782 6978
12.5782 7275
12.5786 7560
12.5786 7834
12.579 8098
12.579 8354
12.5793 8602
12.5793 8843
12.5797 9077
12.5797 9305
12.5797 9527
12.5801 9744
12.5801 9956
12.5801 10164
12.5805 10368
12.5805 10568
12.5805 10764
12.5809 10956
12.5809 11145
12.5809 11331
12.5812 11514
12.5812 11694
12.5812 11871
12.5815 12045
12.5815 12217
12.5815 12386
12.5815 12553
12.5819 12718
12.5819 12881
12.5819 13041
12.5819 13200
12.5823 13357
12.5823 13512
12.5823 13665
12.5826 5760
12.583 6120
12.583 6458
12.5834 6779
12.5834 7084
12.5837 7376
12.5837 7657
12.5841 7927
12.5841 8188
12.5845 8441
12.5845 8686
12.5848 8924
12.5848 9156
12.5848 9382
12.5852 9603
12.5852 9818
12.5852 10029
12.5856 10235
12.5856 10437
12.5856 10635
12.5859 10829
12.5859 11020
12.586 11208
12.5863 11393
12.5863 11575
12.5863 11754
12.5867 11930
12.5867 5040
12.5875 5451
12.5879 5831
12.5883 6186
12.5887 6521
12.589 2880
12.5894 3600
12.5898 4176
12.5902 4672
12.5906 5115
12.5909 5520
12.5913 5895
12.5917 6246
12.5917 6577
12.5921 6892
12.5925 2880
12.5928 3600
12.5932 4176
12.5936 4672
12.594 5115
12.5944 5520
12.5947 5895
12.5951 6246
12.5951 6577
12.5955 6892
12.5955 7192
12.5959 7480
12.5959 7757
12.5963 8024
12.5963 8282
12.5967 8532
12.5967 8775
12.597 9011
12.597 9241
12.5971 9465
12.5974 9684
12.5974 9898
12.5974 10107
12.5977 10312
12.5977 10513
12.5977 10710
12.5981 10903
12.5981 11093
12.5981 11279
12.5985 11462
12.5985 4320
