1 8640
1.2118 1440
1.27836 2880
1.30187 4320
1.30187 4800
1.3923 5232
1.43374 5628
1.47238 5996
1.51102 6341
1.55166 6668
1.59588 6978
1.63533 7275
1.67198 7560
1.70903 7834
1.74568 8098
1.78233 8354
1.83731 2880
1.89269 3600
1.91699 4176
1.9409 4672
1.9648 5115
2.00942 5520
2.04528 5895
2.08273 6246
2.11858 6577
2.15563 6892
2.19149 7192
2.22655 7480
2.26161 7757
2.29667 8024
2.33213 8282
2.36718 8532
2.41977 2880
2.47834 3600
2.50264 4176
2.52654 4672
2.55045 5115
2.59347 5520
2.63411 5895
2.67395 6246
2.7106 6577
2.74805 6892
2.7851 7192
2.82176 7480
2.85841 7757
2.89705 8024
2.9345 8282
2.97195 8532
3.02853 2880
3.09187 3600
3.11578 4176
3.13968 4672
3.16358 5115
3.2086 5520
3.25123 5895
3.29386 6246
3.33131 6577
3.36916 6892
3.40979 7192
3.44764 7480
3.48509 7757
3.52254 8024
3.56039 8282
3.59824 8532
3.65441 2880
3.72015 3600
3.74445 4176
3.76835 4672
3.79226 5115
3.83887 5520
3.87712 5895
3.91855 6246
3.95879 6577
3.99703 6892
4.03727 7192
4.07512 7480
4.11257 7757
4.15042 8024
4.18827 8282
4.22611 8532
4.28269 2880
4.34842 3600
4.37233 4176
4.39623 4672
4.42013 5115
4.46555 5520
4.50659 5895
4.54922 6246
4.58826 6577
4.6273 6892
4.66754 7192
4.70499 7480
4.74244 7757
4.78029 8024
4.81853 8282
4.85638 8532
4.91295 2880
4.97949 3600
5.00339 4176
5.02729 4672
5.0512 5115
5.09701 5520
5.13765 5895
5.18147 6246
5.22052 6577
5.25876 6892
5.299 7192
5.33645 7480
5.3739 7757
5.41135 8024
5.4496 8282
5.48705 8532
5.54362 2880
5.60975 3600
5.63366 4176
5.65756 4672
5.68147 5115
5.72529 5520
5.76832 5895
5.81134 6246
5.84879 6577
5.88903 6892
5.92927 7192
5.96672 7480
6.00417 7757
6.04162 8024
6.07907 8282
6.11731 8532
6.17429 2880
6.24042 3600
6.26432 4176
6.28823 4672
6.31213 5115
6.35675 5520
6.39898 5895
6.4432 6246
6.48225 6577
6.52169 6892
6.56193 7192
6.59938 7480
6.63683 7757
6.67428 8024
6.71173 8282
6.74957 8532
6.80575 2880
6.87268 3600
6.89658 4176
6.92049 4672
6.94439 5115
6.98941 5520
7.03164 5895
7.07666 6246
7.11331 6577
7.15554 6892
7.19419 7192
7.23164 7480
7.26909 7757
7.30654 8024
7.34398 8282
7.38143 8532
7.43801 2880
7.50454 3600
7.52844 4176
7.55235 4672
7.57625 5115
7.62008 5520
7.66191 5895
7.70573 6246
7.74398 6577
7.78501 6892
7.82445 7192
7.8619 7480
7.89935 7757
7.9368 8024
7.97425 8282
8.0117 8532
8.06827 2880
8.13361 3600
8.15752 4176
8.18142 4672
8.20532 5115
8.25194 5520
8.29496 5895
8.33759 6246
8.37544 6577
8.41608 6892
8.45512 7192
8.49257 7480
8.53002 7757
8.56747 8024
8.60492 8282
8.64237 8532
8.69894 2880
8.76348 3600
8.78738 4176
8.81129 4672
8.83519 5115
8.88141 5520
8.92443 5895
8.96627 6246
9.00571 6577
9.04634 6892
9.08499 7192
9.12244 7480
9.15989 7757
9.19734 8024
9.23479 8282
9.27224 8532
9.32801 2880
9.39255 3600
9.43478 4176
9.4798 4672
9.5041 5115
9.54474 5520
9.58936 5895
9.62801 6246
9.66665 6577
9.70888 6892
9.74633 7192
9.78378 7480
9.82123 7757
9.85868 8024
9.89613 8282
9.93358 8532
9.99533 2880
10.0615 3600
10.0866 4176
10.1105 4672
10.1344 5115
10.1766 5520
10.2144 5895
10.2559 6246
10.2925 6577
10.3348 6892
10.3722 7192
10.4097 7480
10.4471 7757
10.4846 8024
10.522 8282
10.5595 8532
10.6204 2880
10.6873 3600
10.7117 4176
10.7356 4672
10.7595 5115
10.7965 5520
10.8427 5895
10.8846 6246
10.9232 6577
10.9654 6892
11.0029 7192
11.0403 7480
11.0793 7757
11.1161 8024
11.1528 8282
11.2078 2880
11.2644 3600
11.2898 4176
11.3138 4672
11.3377 5115
11.3775 5520
11.4245 5895
11.4659 6246
11.5106 6577
11.5496 6892
11.5918 7192
11.6297 7480
11.6675 7757
11.705 8024
11.7424 8282
11.7799 8532
11.8361 2880
11.8926 3600
11.9173 4176
11.9412 4672
11.9651 5115
12.009 5520
12.0564 5895
12.0946 6246
12.14 6577
12.1783 6892
12.2213 7192
12.2596 7480
12.297 7757
12.3345 8024
12.3719 8282
12.4093 8532
12.4655 2880
12.5221 3600
12.5472 4176
12.5711 4672
12.595 5115
12.638 5520
12.6854 5895
12.7265 6246
12.7711 6577
12.8093 6892
12.852 7192
12.8894 7480
12.9269 7757
12.9643 8024
13.0018 8282
13.0392 8532
13.0954 2880
13.152 3600
13.1775 4176
13.2014 4672
13.2253 5115
13.2691 5520
13.3137 5895
13.3567 6246
13.403 6577
13.4424 6892
13.485 7192
13.5225 7480
13.5599 7757
13.5974 8024
13.6348 8282
13.6723 8532
13.7284 2880
13.785 3600
13.8101 4176
13.834 4672
13.8579 5115
13.9006 5520
13.9456 5895
13.9902 6246
14.0348 6577
14.0763 6892
14.1181 7192
14.1555 7480
14.193 7757
14.2304 8024
14.2679 8282
14.3053 8532
14.3615 2880
14.4181 3600
14.442 4176
14.4659 4672
14.4898 5115
14.528 5520
14.575 5895
14.6165 6246
14.6627 6577
14.7033 6892
14.7452 7192
14.7826 7480
14.8201 7757
14.8575 8024
14.895 8282
14.9324 8532
14.9886 2880
15.0452 3600
15.0703 4176
15.0942 4672
15.1181 5115
15.1575 5520
15.2045 5895
15.2467 6246
15.2934 6577
15.3332 6892
15.375 7192
15.4125 7480
15.4499 7757
15.4878 8024
15.5256 8282
15.5631 8532
15.6193 2880
15.675 3600
15.7001 4176
15.724 4672
15.7479 5115
15.7902 5520
15.836 5895
15.8798 6246
15.9252 6577
15.9655 6892
16.0085 7192
16.0459 7480
16.0834 7757
16.1208 8024
16.1583 8282
16.1957 8532
16.2519 2880
16.3081 3600
16.3328 4176
16.3567 4672
16.3806 5115
16.42 5520
16.4662 5895
16.5101 6246
16.5559 6577
16.5961 6892
16.6388 7192
16.6762 7480
16.7137 7757
16.7511 8024
16.7886 8282
16.826 8532
16.8822 2880
16.9383 3600
16.9642 4176
16.9881 4672
17.0121 5115
17.0519 5520
17.0981 5895
17.1407 6246
17.1866 6577
17.2276 6892
17.2698 7192
17.3073 7480
17.3451 7757
17.383 8024
17.4204 8282
17.4579 8532
17.514 2880
17.5702 3600
17.5965 4176
17.6204 4672
17.6443 5115
17.6865 5520
17.7328 5895
17.7738 6246
17.82 6577
17.8602 6892
17.9025 7192
17.9399 7480
17.9774 7757
18.0148 8024
18.0523 8282
18.0897 8532
18.1459 2880
18.2021 3600
18.228 4176
18.2519 4672
18.2758 5115
18.3176 5520
18.3646 5895
18.4068 6246
18.4531 6577
18.4933 6892
18.5355 7192
18.573 7480
18.6104 7757
18.6479 8024
18.6853 8282
18.7228 8532
18.779 2880
18.8351 3600
18.861 4176
18.8849 4672
18.9088 5115
18.9511 5520
18.9977 5895
19.0415 6246
19.0869 6577
19.1268 6892
19.169 7192
19.2064 7480
19.2439 7757
19.2813 8024
19.3188 8282
19.3562 8532
19.4124 2880
19.4686 3600
19.4945 4176
19.5184 4672
19.5423 5115
19.5853 5520
19.6311 5895
19.6746 6246
19.72 6577
19.761 6892
19.8028 7192
19.8403 7480
19.8777 7757
19.9152 8024
19.9526 8282
19.9901 8532
20.0463 2880
20.1024 3600
20.1275 4176
20.1514 4672
20.1753 5115
20.22 5520
20.265 5895
20.3088 6246
20.3538 6577
20.3949 6892
20.4363 7192
20.4741 7480
20.5116 7757
20.549 8024
20.5865 8282
20.6239 8532
20.6801 2880
20.7363 3600
20.761 4176
20.7849 4672
20.8088 5115
20.8526 5520
20.8976 5895
20.9399 6246
20.9857 6577
21.0267 6892
21.067 7192
21.1048 7480
21.1423 7757
21.1797 8024
21.2172 8282
21.2546 8532
21.3108 2880
21.367 3600
21.3909 4176
21.4148 4672
21.4387 5115
21.4821 5520
21.5267 5895
21.5658 6246
21.6112 6577
21.6494 6892
21.692 7192
21.7299 7480
21.7673 7757
21.8048 8024
21.8422 8282
21.8797 8532
21.9359 2880
21.992 3600
