1 3600
1.00014 4176
1.00071 4672
1.00129 5115
1.00239 2880
1.00297 3600
1.00353 4176
1.00406 4672
1.00458 5115
1.00515 5520
1.00572 5895
1.00625 6246
1.00625 6577
1.00674 6892
1.00674 7192
1.00725 7480
1.00725 7757
1.0078 8024
1.0078 8282
1.00836 8532
1.00837 8775
1.00893 9011
1.00894 9241
1.00894 9465
1.00948 9684
1.00949 9898
1.00949 10107
1.01006 10312
1.01006 10513
1.01006 10710
1.01061 10903
1.01062 11093
1.01062 11279
1.01116 11462
1.01117 11642
1.01117 11820
1.01173 11995
1.01174 12167
1.01174 12337
1.01174 12505
1.01231 12670
1.01231 5040
1.01286 5451
1.0134 5831
1.01397 6186
1.01397 6521
1.01454 6838
1.01454 7141
1.01509 7431
1.01509 7710
1.01563 7978
1.01563 8237
1.01619 8488
1.01619 8732
1.01676 8969
1.01676 9200
1.01733 9425
1.01734 3600
1.0179 4176
1.01846 4672
1.01904 5115
1.01959 5520
1.02016 5895
1.0213 2880
1.02238 3600
1.02293 4176
1.0235 4672
1.02407 5115
1.02519 2880
1.02575 3600
1.02632 4176
1.0269 4672
1.02746 5115
1.02801 5520
1.02858 5895
1.02915 6246
1.02915 6577
1.02971 6892
1.02971 7192
1.03024 7480
1.03025 7757
1.03077 8024
1.03077 8282
1.03132 8532
1.03132 8775
1.03189 9011
1.03246 3600
1.03352 4176
1.03409 4672
1.03466 5115
1.03523 5520
1.0358 5895
1.03635 6246
1.03635 6577
1.03692 6892
1.03692 7192
1.03749 7480
1.03749 7757
1.03806 8024
1.03806 8282
1.0386 8532
1.03861 8775
1.03914 9011
1.03915 9241
1.03915 9465
1.0397 9684
1.03971 9898
1.03971 10107
1.04028 10312
1.04028 10513
1.04028 10710
1.04085 10903
1.04085 11093
1.04085 11279
1.04138 11462
1.04138 11642
1.04139 11820
1.0419 11995
1.04191 12167
1.04191 12337
1.04191 12505
1.04248 12670
1.04248 5040
1.04305 5451
1.04362 5831
1.04416 6186
1.04416 6521
1.04473 6838
1.04474 7141
1.0453 7431
1.04531 7710
1.04588 7978
1.04645 2880
1.047 3600
1.04757 4176
1.24814 4672
1.24925 2880
1.2498 3600
1.25037 4176
1.25095 4672
1.25152 5115
1.25266 2880
1.25323 3600
1.2538 4176
1.25437 4672
1.25495 5115
1.25551 5520
1.25608 5895
1.25664 2880
1.25722 3600
1.25779 4176
1.25832 4672
1.2588 5115
1.25929 5520
1.25984 5895
1.26041 6246
1.26041 6577
1.26098 6892
1.26156 7192
1.26213 2880
1.26269 3600
1.26327 4176
1.26383 4672
1.26438 5115
1.26495 5520
1.26552 5895
1.2661 6246
1.26667 6577
1.26724 2880
1.26781 3600
1.26838 4176
1.26895 4672
1.26951 5115
1.27006 5520
1.27062 5895
1.2712 6246
1.27233 2880
1.27348 3600
1.27405 4176
1.27462 4672
1.27518 5115
1.27575 5520
1.27632 5895
1.2769 6246
1.27804 2880
1.27915 3600
1.27972 4176
1.28029 4672
1.28085 5115
1.28142 5520
1.28199 5895
1.28312 2880
1.28427 3600
1.28484 4176
1.28541 4672
1.28598 5115
1.28654 5520
1.28711 5895
1.28768 6246
1.28768 6577
1.28824 6892
1.28825 7192
1.28881 7480
1.28882 7757
1.28939 8024
1.28995 2880
1.29052 3600
1.29109 4176
1.29166 4672
1.29223 5115
1.2928 5520
1.29337 5895
1.29394 6246
1.29395 6577
1.29452 6892
1.29509 2880
1.29565 3600
1.29622 4176
1.2968 4672
1.29737 5115
1.29851 2880
1.29908 3600
1.29965 4176
1.30022 4672
1.30079 5115
1.30135 5520
1.30193 5895
1.30364 2880
1.30536 3600
1.30707 2880
1.30764 3600
1.30821 4176
1.30878 4672
1.30935 5115
1.31049 2880
1.31106 3600
1.31163 4176
1.3122 4672
1.31277 5115
1.31389 2880
1.31444 3600
1.315 4176
1.31558 4672
1.31615 5115
1.31729 2880
1.31786 3600
1.31843 4176
1.31901 4672
1.31958 5115
1.32014 5520
1.32071 5895
1.32128 6246
1.32184 6577
1.32242 2880
1.32298 3600
1.32355 4176
1.32413 4672
1.3247 5115
1.32526 5520
1.32583 5895
1.32639 6246
1.3264 6577
1.32697 6892
1.32697 7192
1.32754 7480
1.32754 7757
1.32811 8024
1.32811 8282
1.32868 8532
1.32868 8775
1.32925 9011
1.32925 9241
1.32982 9465
1.32982 3600
1.33039 4176
1.33095 4672
1.33153 5115
1.33267 2880
1.33323 3600
1.3338 4176
1.53438 4672
1.53551 2880
1.53607 3600
1.53664 4176
1.53721 4672
1.53777 5115
1.53832 5520
1.53889 5895
1.53946 6246
1.5406 2880
1.54173 3600
1.54342 2880
1.54396 3600
1.54454 4176
1.74511 4672
1.74625 2880
1.74679 3600
1.74733 4176
1.74789 4672
1.74846 5115
1.74958 2880
1.75014 3600
1.75071 4176
1.75128 4672
1.75185 5115
1.7524 5520
1.75297 5895
1.75353 6246
1.75354 6577
1.75411 6892
1.75411 7192
1.75467 7480
1.75467 7757
1.75523 8024
1.75524 8282
1.7558 8532
1.7558 8775
1.75637 9011
1.75691 3600
1.75803 4176
1.7586 4672
1.75917 5115
1.75974 5520
1.76031 5895
1.76088 6246
1.76088 6577
1.76128 6892
1.76129 7192
1.76171 7480
1.76171 7757
1.76216 8024
1.76216 8282
1.76265 8532
1.76265 8775
1.76316 9011
1.76316 9241
1.76316 9465
1.76373 9684
1.76374 3600
1.76431 4176
1.76485 4672
1.76536 5115
1.7659 5520
1.76648 5895
1.76705 2880
1.76762 3600
1.76817 4176
1.76872 4672
1.76929 5115
1.77042 2880
1.77098 3600
1.77155 4176
1.77212 4672
1.77268 5115
1.77321 5520
1.77378 5895
1.77436 6246
1.77493 6577
1.77549 2880
1.77603 3600
1.7766 4176
1.77717 4672
1.77774 5115
1.77829 5520
1.77883 5895
1.77941 6246
1.78107 2880
1.78272 3600
1.78435 2880
1.78492 3600
1.78549 4176
1.78602 4672
1.78656 5115
1.78714 5520
1.78767 5895
1.78821 6246
1.78822 6577
1.78877 6892
1.78878 7192
1.78935 7480
1.78935 7757
1.78991 8024
1.78992 8282
1.79045 8532
1.79046 8775
1.79097 9011
1.79097 9241
1.79097 9465
1.79151 9684
1.79151 9898
1.79151 10107
1.79208 10312
1.79208 10513
1.79209 10710
1.79265 10903
1.79265 11093
1.79266 11279
1.7932 11462
1.7932 11642
1.7932 11820
1.79372 11995
1.79372 12167
1.79372 12337
1.79373 12505
1.79426 12670
1.79426 12833
1.79426 12994
1.79427 13153
1.79483 13310
1.79483 13465
1.79484 13618
1.79484 13770
1.7954 13920
1.7954 14068
1.79541 14215
1.79541 14360
1.79597 14504
1.79597 14646
1.79598 14787
1.79598 14927
1.79649 15065
1.7965 15202
1.7965 15338
1.7965 15473
1.79651 15607
1.79701 15739
1.79702 15870
1.79702 16000
1.79702 16129
1.79703 16257
1.79757 16384
1.79757 16510
1.79758 16635
1.79758 16759
1.79759 16882
1.79814 17004
1.79814 17125
1.79815 17246
1.79815 17366
1.79816 17485
1.79871 17603
1.79871 17720
1.79872 17837
1.79872 17953
1.79872 18068
1.79873 18182
1.79923 18296
1.79923 18409
1.79923 18521
1.79924 18632
1.79924 18743
1.79925 18853
1.79975 18962
1.79976 19071
1.79976 19179
1.79976 19287
1.79977 19394
1.79978 19500
1.80032 19606
1.80033 19711
1.80033 19816
1.80034 19920
1.80034 20024
1.80035 20127
1.80089 20230
1.8009 20332
1.8009 20433
1.8009 20534
1.80091 20634
1.80091 20734
1.80141 20834
1.80142 20933
1.80142 21032
1.80142 21130
1.80143 21228
1.80143 21325
1.80144 21422
1.80192 21518
1.80192 21614
1.80192 21709
1.80193 21804
1.80193 21899
1.80193 21993
1.80194 22087
1.80246 22180
1.80246 22273
1.80247 22366
1.80247 22458
1.80247 22550
1.80248 22641
1.80249 22732
1.80303 22823
1.80303 22913
1.80304 23003
1.80304 23093
1.80304 23182
1.80305 23271
1.80306 23360
1.8036 23448
1.8036 23536
1.8036 23624
1.80361 23711
1.80361 23798
1.80361 23885
1.80362 23971
1.80363 24057
1.80415 24143
1.80415 24228
1.80415 24313
1.80416 24398
1.80416 24482
1.80416 24566
1.80417 24650
1.80418 24734
1.8047 24817
1.8047 24900
1.8047 24983
1.80471 25066
1.80471 25148
1.80472 25230
1.80472 25312
1.80473 25393
1.80527 25474
1.80527 25555
1.80528 25636
1.80528 25716
1.80528 25796
1.80529 25876
1.80529 25956
1.8053 26035
1.80583 26114
1.80583 26193
1.80584 26272
1.80584 26350
1.80584 26428
1.80585 26506
1.80585 26584
1.80585 26662
1.80587 26739
1.80639 26816
1.8064 26893
1.8064 26970
1.80641 27046
1.80641 27122
1.80641 27198
1.80642 27274
1.80642 27350
1.80643 27425
1.80695 27500
1.80695 27575
1.80695 27650
1.80696 27724
1.80696 27798
1.80696 27872
1.80697 27946
1.80697 28020
1.80699 28094
1.80752 28167
1.80752 28240
1.80752 28313
1.80753 28386
1.80753 28459
1.80753 28531
1.80754 28603
1.80754 28675
1.80756 28747
1.80809 28819
1.80809 28890
1.80809 28961
1.8081 29032
1.8081 29103
1.8081 29174
1.80811 29245
1.80811 29315
1.80813 29385
1.80866 29455
1.80866 29525
1.80867 13680
1.80923 13831
1.80925 13980
1.80979 14128
1.80979 14274
1.80979 14419
1.80981 14562
1.81036 14704
1.81036 14845
1.81037 14984
1.81039 15122
1.81093 6480
1.81202 6800
1.81255 7104
1.81256 7395
1.81313 7675
1.81369 2880
1.8148 3600
1.81537 4176
1.81594 4672
1.81651 5115
1.81707 5520
1.81763 5895
1.8182 6246
1.81876 6577
1.81934 2880
1.81989 3600
1.82044 4176
1.82102 4672
1.82158 5115
1.82215 5520
1.82271 5895
1.82324 6246
1.82325 6577
1.82381 6892
1.82381 7192
1.82438 7480
1.82438 7757
1.82495 8024
1.82496 8282
1.8255 8532
1.8255 8775
1.82606 9011
1.82607 9241
1.82607 9465
1.82664 9684
1.82664 9898
1.82665 10107
1.82721 10312
1.82721 10513
1.82722 10710
1.82775 10903
1.82775 11093
1.82776 11279
1.82826 11462
1.82826 11642
1.82827 11820
1.82879 11995
1.82879 12167
1.82879 12337
1.8288 12505
1.82936 12670
1.82936 12833
1.82937 12994
1.82937 13153
1.82993 13310
1.82994 13465
1.82994 13618
1.82994 13770
1.8305 13920
1.83051 14068
1.83051 14215
1.83051 14360
1.83106 14504
1.83107 14646
1.83107 14787
1.83107 14927
1.83161 15065
1.83161 15202
1.83162 15338
1.83162 15473
1.83162 15607
1.83218 15739
1.83218 15870
1.83219 16000
1.83219 16129
1.83219 16257
1.83275 16384
1.83276 16510
1.83276 16635
1.83276 16759
1.83277 16882
1.83332 17004
1.83332 17125
1.83333 17246
1.83333 17366
1.83333 17485
1.83388 17603
1.83389 17720
1.83389 17837
1.8339 17953
1.8339 18068
1.8339 18182
1.83445 18296
1.83446 18409
1.83446 18521
1.83447 18632
1.83447 18743
1.83447 18853
1.83503 18962
1.83503 19071
1.83504 19179
1.83504 19287
1.83504 19394
1.83559 8640
1.83612 8880
1.83613 9113
1.83613 9340
1.83664 9562
1.83665 9778
1.83665 9990
1.8372 10197
1.83721 10400
1.83721 10599
1.83777 10794
1.83778 4320
1.83835 4800
1.83888 5232
1.83942 5628
1.83997 5996
1.84055 6341
1.84167 2880
1.84279 3600
1.84335 4176
1.84393 4672
1.84447 5115
1.845 5520
1.84557 5895
1.84615 6246
1.84725 2880
1.84838 3600
1.85004 2880
1.85062 3600
1.85119 4176
1.85174 4672
1.85231 5115
1.85288 5520
1.85343 5895
1.85401 6246
1.85514 2880
1.85627 3600
1.85684 4176
2.05741 4672
2.05854 2880
2.0591 3600
2.05967 4176
2.26024 4672
2.26138 2880
2.26195 3600
2.2625 4176
2.26304 4672
2.2636 5115
2.26417 5520
2.26474 5895
2.26531 6246
2.26532 6577
2.26589 6892
2.26589 7192
2.26645 7480
2.26645 7757
2.267 8024
2.26701 8282
2.26758 8532
2.26758 8775
2.26812 9011
2.26813 9241
2.26813 9465
2.2687 9684
2.2687 9898
2.2687 10107
2.26927 10312
2.26927 10513
2.26927 10710
2.26983 10903
2.26983 11093
2.26984 11279
2.2704 11462
2.27041 11642
2.27041 11820
2.27097 11995
2.27097 12167
2.27098 12337
2.27098 12505
2.27153 12670
2.27153 12833
2.27154 12994
2.27154 13153
2.2721 13310
2.2721 13465
2.27211 13618
2.27211 13770
2.27267 13920
2.27267 14068
2.27268 14215
2.27268 14360
2.27321 14504
2.27322 14646
2.27322 14787
2.27322 14927
2.27375 15065
2.27375 15202
2.27375 15338
2.27376 15473
2.27376 15607
2.27432 15739
2.27432 15870
2.27432 16000
2.27433 16129
2.27433 16257
2.27489 16384
2.27489 16510
2.2749 7200
2.27547 7488
2.276 7764
2.27601 8031
2.27654 8289
2.27655 8539
2.27712 8781
2.27769 3600
2.27878 4176
2.27932 4672
2.2799 5115
2.28047 5520
2.28103 5895
2.28158 6246
2.28159 6577
2.28214 6892
2.28215 7192
2.28272 7480
2.28272 7757
2.28329 8024
2.28384 2880
2.28437 3600
2.2849 4176
2.28545 4672
2.28602 5115
2.28658 5520
2.28715 5895
2.28771 6246
2.28771 6577
2.28828 6892
2.28829 7192
2.28884 7480
2.28884 7757
2.28941 8024
2.28941 8282
2.28998 8532
2.28998 8775
2.29055 9011
2.29055 9241
2.29055 9465
2.29111 9684
2.29111 9898
2.29111 10107
2.29166 10312
2.29166 10513
2.29166 10710
2.29223 10903
2.29223 11093
2.29223 11279
2.2928 11462
2.2928 11642
2.2928 11820
2.29337 11995
2.29337 12167
2.29338 12337
2.29392 5040
2.29447 5451
2.29503 5831
2.29561 6186
2.29618 6521
2.29674 2880
2.2973 3600
2.29787 4176
2.29844 4672
2.29902 5115
2.30012 2880
2.30069 3600
2.30127 4176
2.30182 4672
2.30237 5115
2.30291 5520
2.30348 5895
2.30405 6246
2.3046 6577
2.30515 2880
2.30569 3600
2.30626 4176
2.30683 4672
2.3074 5115
2.30796 5520
2.30853 5895
2.3091 6246
2.30967 6577
2.31093 2880
2.31177 3600
2.31218 4176
2.31261 4672
2.31304 5115
2.31351 5520
2.31403 5895
2.31458 6246
2.31458 6577
2.31515 6892
2.31515 7192
2.31571 7480
2.31571 7757
2.31626 8024
2.31626 8282
2.3168 8532
2.3168 8775
2.31735 9011
2.31735 9241
2.31735 9465
2.31792 9684
2.31792 9898
2.31793 10107
2.31849 10312
2.31849 10513
2.3185 10710
2.31906 10903
2.31906 11093
2.31907 11279
2.31961 11462
2.31962 11642
2.31962 11820
2.32015 11995
2.32015 12167
2.32016 12337
2.32016 12505
2.32071 12670
2.32071 12833
2.32071 12994
2.32072 13153
2.32128 13310
2.32128 13465
2.32129 13618
2.32129 13770
2.32184 13920
2.32184 14068
2.32184 14215
2.32185 14360
2.3224 14504
2.3224 14646
2.3224 14787
2.32241 14927
2.32297 15065
2.32297 15202
2.32297 15338
2.32298 15473
2.32298 15607
2.32354 15739
2.32355 15870
2.32355 16000
2.32355 16129
2.32356 16257
2.3241 16384
2.3241 16510
2.32411 16635
2.32411 16759
2.32411 16882
2.32464 17004
2.32464 17125
2.32464 17246
2.32465 17366
2.32465 17485
2.3252 17603
2.3252 17720
2.3252 17837
2.32521 17953
2.32521 18068
2.32521 18182
2.32577 18296
2.32577 18409
2.32578 18521
2.32578 18632
2.32578 18743
2.32579 18853
2.32632 18962
2.32633 19071
2.32633 19179
2.32633 19287
2.32634 19394
2.32634 19500
2.32681 19606
2.32681 19711
2.32681 19816
2.32682 19920
2.32682 20024
2.32682 20127
2.32728 20230
2.32729 20332
2.32729 20433
2.32729 20534
2.3273 20634
2.3273 20734
2.32779 20834
2.3278 20933
2.3278 21032
2.3278 21130
2.32781 21228
2.32781 21325
2.32781 21422
2.32835 21518
2.32835 21614
2.32836 21709
2.32836 21804
2.32836 21899
2.32837 21993
2.32837 22087
2.32892 22180
2.32893 22273
2.32893 10080
2.32949 10285
2.33003 10486
2.33004 10683
2.33004 10877
2.3306 11067
2.3306 11254
2.33061 11438
2.33117 11619
2.33118 5040
2.33174 5451
2.33221 5831
2.33266 6186
2.33267 6521
2.33315 6838
2.33315 7141
2.33369 7431
2.33369 7710
2.33426 7978
2.33426 8237
2.33483 8488
2.33483 8732
2.3354 8969
2.3354 9200
2.3354 9425
2.33597 9645
2.33597 9859
2.33597 10069
2.33653 10274
2.33654 10475
2.33654 10672
2.33706 10866
2.33706 11056
2.33706 11243
2.33758 11427
2.33759 11608
2.33759 11786
2.33813 11961
2.33813 12134
2.33814 12304
2.33814 12472
2.3387 12638
2.33871 12802
2.33871 12963
2.33871 13122
2.33925 13280
2.33926 13436
2.33926 13590
2.33926 13742
2.33981 13892
2.33981 14041
2.33981 14188
2.33982 14334
2.34035 14478
2.34036 14621
2.34036 14762
2.34036 14902
2.34092 15041
2.34092 15178
2.34092 15314
2.34093 15449
2.34093 15583
2.34149 15716
2.34149 15847
2.3415 15977
2.3415 16106
2.3415 16234
2.34206 16361
2.34206 16487
2.34207 16612
2.34207 16736
2.34207 16859
2.34258 16981
2.34259 17103
2.34259 17224
2.3426 17344
2.3426 17463
2.34308 17581
2.34309 17698
2.34309 17815
2.34309 17931
2.3431 18046
2.3431 18160
2.34361 18274
2.34361 18387
2.34361 18499
2.34362 18611
2.34362 18722
2.34362 18832
2.34418 18942
2.34418 19051
2.34419 19159
2.34419 19267
2.34419 19374
2.34474 8640
2.34531 8880
2.34531 9113
2.34532 9340
2.34586 9562
2.34587 9778
2.34587 9990
2.34644 10197
2.34644 4320
2.34699 4800
2.34755 5232
2.3481 5628
2.34866 5996
2.34924 6341
2.35035 2880
2.35133 3600
2.35188 4176
2.55245 4672
2.55413 2880
2.55513 3600
2.55568 4176
2.55625 4672
2.55682 5115
2.55737 5520
2.55793 5895
2.5585 6246
2.5585 6577
2.55907 6892
2.55961 2880
2.56013 3600
2.56066 4176
2.56123 4672
2.56181 5115
2.56237 5520
2.56292 5895
2.56347 6246
2.56348 6577
2.56405 6892
2.56461 2880
2.56515 3600
2.56566 4176
2.56615 4672
2.56667 5115
2.56723 5520
2.5678 5895
2.56837 6246
2.56837 6577
2.56895 6892
2.5695 2880
2.57008 3600
2.57064 4176
2.57116 4672
2.57166 5115
2.57221 5520
2.57278 5895
2.57335 6246
2.57335 6577
2.57392 6892
2.57393 7192
2.5745 7480
2.5745 7757
2.57505 8024
2.57505 8282
2.57561 8532
2.57562 8775
2.57619 9011
2.57619 9241
2.57673 9465
2.57673 3600
2.57724 4176
2.57775 4672
2.5783 5115
2.57887 5520
2.57944 5895
2.58 6246
2.58 6577
2.58054 6892
2.58054 7192
2.58111 7480
2.58111 7757
2.58168 8024
2.58225 2880
2.58279 3600
2.5833 4176
2.58382 4672
2.58439 5115
2.58547 2880
2.58597 3600
2.58648 4176
2.58705 4672
2.58762 5115
2.5887 2880
2.58922 3600
2.58978 4176
2.79036 4672
2.79148 2880
2.79203 3600
2.79261 4176
2.79318 4672
2.79375 5115
2.79431 5520
2.79483 5895
2.7954 6246
2.79597 6577
2.79653 2880
2.79708 3600
2.79763 4176
2.7982 4672
2.79876 5115
2.79933 5520
2.79987 5895
2.80036 6246
2.80036 6577
2.80089 6892
2.80089 7192
2.80145 7480
2.80146 7757
2.80203 8024
2.80203 8282
2.80259 8532
2.80259 8775
2.80312 9011
2.80313 9241
2.80313 9465
2.80365 9684
2.80365 9898
2.80366 10107
2.80421 10312
2.80421 10513
2.80422 10710
2.80478 10903
2.80478 11093
2.80478 11279
2.80535 11462
2.80535 11642
2.80536 11820
2.80586 11995
2.80587 12167
2.80587 12337
2.80587 12505
2.80636 12670
2.80637 12833
2.80637 12994
2.80637 13153
2.80688 13310
2.80688 13465
2.80688 13618
2.80689 13770
2.80745 13920
2.80745 14068
2.80745 14215
2.80746 14360
2.80802 14504
2.80803 6480
2.8086 6800
2.80915 7104
2.80916 7395
2.80973 7675
2.80973 7945
2.81029 2880
2.81084 3600
2.81138 4176
2.81193 4672
2.8125 5115
2.81307 5520
2.81363 5895
2.81417 6246
2.81417 6577
2.81471 6892
2.81471 7192
2.81528 7480
2.81528 7757
2.81585 8024
2.81641 2880
2.81695 3600
2.81752 4176
2.81809 4672
2.81865 5115
2.81919 5520
2.81974 5895
2.82032 6246
2.82089 6577
2.82146 2880
2.82203 3600
2.8226 4176
2.82314 4672
2.82369 5115
2.82426 5520
2.82483 5895
2.82538 2880
2.82591 3600
2.82648 4176
2.82705 4672
2.82761 5115
2.82811 5520
2.82862 5895
2.82915 6246
2.82916 6577
2.82973 6892
2.83029 2880
2.83086 3600
2.83142 4176
2.83199 4672
2.83255 5115
2.83311 5520
2.83368 5895
2.83425 6246
2.8348 6577
2.83537 2880
2.83594 3600
2.8365 4176
2.83707 4672
2.83764 5115
2.83869 2880
2.83924 3600
2.83981 4176
3.04038 4672
3.0415 2880
3.04207 3600
3.04264 4176
3.04317 4672
3.0437 5115
3.04425 5520
3.04483 5895
3.04538 6246
3.04538 6577
3.04592 6892
3.04592 7192
3.04649 7480
3.04649 7757
3.04706 8024
3.04762 2880
3.0482 3600
3.04876 4176
3.04932 4672
3.04989 5115
3.05046 5520
3.05103 5895
3.05159 6246
3.0516 6577
3.05217 6892
3.05217 7192
3.05271 7480
3.05272 7757
3.05328 8024
3.05328 8282
3.05384 8532
3.05385 8775
3.05439 9011
3.05439 9241
3.05439 9465
3.05494 9684
3.05494 9898
3.05494 10107
3.05551 10312
3.05551 10513
3.05552 10710
3.05608 4320
3.05663 4800
3.05717 5232
3.05773 5628
3.05831 5996
3.05888 2880
3.05942 3600
3.05992 4176
3.06044 4672
3.06098 5115
3.06155 5520
3.06212 5895
3.06268 6246
3.06268 6577
3.06324 6892
3.06325 7192
3.06382 7480
3.06382 7757
3.06438 8024
3.06438 8282
3.06495 8532
3.06495 8775
3.06547 9011
3.06547 9241
3.06548 9465
3.06602 9684
3.06602 9898
3.06602 10107
3.06659 10312
3.06659 10513
3.0666 10710
3.06716 10903
3.06716 11093
3.06717 11279
3.06769 11462
3.06769 11642
3.06769 11820
3.06816 11995
3.06817 12167
3.06817 12337
3.06817 12505
3.0687 12670
3.0687 12833
3.0687 12994
3.06871 13153
3.06926 13310
3.06927 13465
3.06927 13618
3.06927 13770
3.06984 13920
3.06984 14068
3.06984 14215
3.06985 14360
3.0704 14504
3.07041 14646
3.07041 14787
3.07041 14927
3.07096 15065
3.07096 15202
3.07097 15338
3.07097 15473
3.07097 15607
3.07153 15739
3.07153 15870
3.07154 16000
3.07154 16129
3.07154 16257
3.0721 16384
3.07211 16510
3.07211 7200
3.07268 7488
3.07321 7764
3.07322 8031
3.07374 8289
3.07374 8539
3.0743 8781
3.0743 9017
3.07487 9246
3.07544 3600
3.07656 4176
3.07713 4672
3.2777 5115
3.2794 2880
3.28052 3600
3.28108 4176
3.28162 4672
3.28217 5115
3.28274 5520
3.28331 5895
3.28386 6246
3.28387 6577
3.28442 6892
3.28442 7192
3.28499 7480
3.285 7757
3.28555 8024
3.28556 8282
3.2861 8532
3.2861 8775
3.28664 9011
3.28664 9241
3.28664 9465
3.28719 9684
3.28719 9898
3.28719 10107
3.28776 10312
3.28776 10513
3.28777 10710
3.28833 10903
3.28834 11093
3.28834 11279
3.28888 11462
3.28888 11642
3.28889 11820
3.28944 11995
3.28945 12167
3.28945 12337
3.28945 12505
3.29001 12670
3.29001 12833
3.29002 12994
3.29002 13153
3.29058 13310
3.29058 13465
3.29059 13618
3.29059 13770
3.29115 13920
3.29115 14068
3.29115 14215
3.29116 14360
3.29171 14504
3.29172 14646
3.29172 14787
3.29173 14927
3.29227 15065
3.29227 15202
3.29228 15338
3.29228 15473
3.29229 15607
3.29285 15739
3.29285 6480
3.29342 6800
3.29397 7104
3.29398 7395
3.29451 7675
3.29452 7945
3.29509 8205
3.29509 8457
3.29566 8702
3.29566 8940
3.29622 9171
3.29622 9397
3.29622 9617
3.29674 9832
3.29675 10042
3.29675 10248
3.29729 10450
3.2973 10648
3.2973 10842
3.29787 11033
3.29787 11220
3.29787 11404
3.29844 11585
3.29844 11763
3.29844 11939
3.299 12112
3.29901 12283
3.29901 12451
3.29901 12617
3.29953 12781
3.29953 12943
3.29954 13103
3.29954 13261
3.30009 13417
3.30009 13571
3.30009 13723
3.3001 13874
3.30065 14023
3.30066 14170
3.30066 14316
3.30067 14460
3.30121 14603
3.30122 14744
3.30122 14884
3.30123 15023
3.30123 15161
3.30177 15297
3.30177 15432
3.30178 15566
3.30178 15699
3.30179 15831
3.30232 15961
3.30233 16090
3.30233 16218
3.30233 16345
3.30234 16471
3.3029 16596
3.3029 7200
3.30347 7488
3.30404 7764
3.30404 8031
3.30457 8289
3.30457 8539
3.30511 8781
3.30511 9017
3.30568 9246
3.30569 9470
3.30626 3600
3.30683 4176
3.30739 4672
3.30794 5115
3.30851 5520
3.30909 5895
3.30965 2880
3.31018 3600
3.31072 4176
3.3113 4672
3.31186 5115
3.31238 5520
3.31289 5895
3.31342 6246
3.31343 6577
3.314 6892
3.31457 2880
3.31513 3600
3.31563 4176
3.31613 4672
3.3167 5115
3.31783 2880
3.31836 3600
3.31891 4176
3.51948 4672
3.52053 2880
3.5211 3600
3.52166 4176
3.52223 4672
3.5228 5115
3.52336 5520
3.52392 5895
3.52447 6246
3.52447 6577
3.52504 6892
3.52561 2880
3.52618 3600
3.52673 4176
3.52729 4672
3.52784 5115
3.52841 5520
3.52898 5895
3.52953 6246
3.52954 6577
3.53008 6892
3.53009 7192
3.53062 7480
3.53062 7757
3.53119 8024
3.5312 8282
3.53176 8532
3.53176 8775
3.53232 9011
3.53233 9241
3.53233 9465
3.53283 9684
3.53283 9898
3.53284 10107
3.53335 10312
3.53335 10513
3.53336 10710
3.53391 10903
3.53391 11093
3.53391 11279
3.53448 11462
3.53448 11642
3.53448 11820
3.53502 11995
3.53502 12167
3.53502 12337
3.53503 12505
3.53559 12670
3.53559 12833
3.5356 12994
3.5356 13153
3.53616 13310
3.53616 13465
3.53617 13618
3.53617 13770
3.53672 13920
3.53672 14068
3.53673 14215
3.53673 14360
3.53727 14504
3.53728 14646
3.53728 14787
3.53728 14927
3.53785 15065
3.53785 6480
3.53898 6800
3.53955 7104
3.53956 7395
3.5401 7675
3.54011 7945
3.54066 8205
3.54066 8457
3.54122 8702
3.54123 8940
3.5418 9171
3.5418 9397
3.54237 3600
3.54289 4176
3.54342 4672
3.54399 5115
3.54456 5520
3.54511 5895
3.54562 6246
3.54563 6577
3.54613 6892
3.54614 7192
3.54667 7480
3.54667 7757
3.54724 8024
3.54782 2880
3.54834 3600
3.54885 4176
3.54937 4672
3.54993 5115
3.5505 5520
3.55105 5895
3.55162 6246
3.55163 6577
3.5522 6892
3.55276 2880
3.55331 3600
3.55385 4176
3.5544 4672
3.55497 5115
3.55554 5520
3.5561 5895
3.55667 6246
3.55667 6577
3.55724 6892
3.55724 7192
3.55781 7480
3.55781 7757
3.55838 8024
3.55893 2880
3.55946 3600
3.56003 4176
3.76061 4672
3.76175 2880
3.76232 3600
3.76286 4176
3.76342 4672
3.76398 5115
3.76455 5520
3.76512 5895
3.76566 6246
3.76566 6577
3.76621 6892
3.76622 7192
3.76678 7480
3.76679 7757
3.76736 8024
3.76792 2880
3.76847 3600
3.76904 4176
3.76961 4672
3.77017 5115
3.7707 5520
3.7712 5895
3.77172 6246
3.77173 6577
3.7723 6892
3.77287 2880
3.77343 3600
3.77397 4176
3.77452 4672
3.77509 5115
3.77566 5520
3.77622 5895
3.77678 6246
3.77679 6577
3.77736 6892
3.77792 2880
3.77847 3600
3.779 4176
3.77951 4672
3.78004 5115
3.78061 5520
3.78118 5895
3.78175 6246
3.78175 6577
3.78231 6892
3.78231 7192
3.78288 7480
3.78289 7757
3.78344 8024
3.78344 8282
3.78401 8532
3.78401 8775
3.78458 9011
3.78458 9241
3.78459 9465
3.78514 9684
3.78514 9898
3.78515 10107
3.7857 10312
3.7857 10513
3.78571 10710
3.78627 10903
3.78628 11093
3.78628 11279
3.78682 11462
3.78683 11642
3.78683 11820
3.7874 11995
3.7874 5040
3.78854 5451
3.78911 5831
3.78966 6186
3.78966 6521
3.79021 6838
3.79021 7141
3.79078 7431
3.79078 7710
3.79135 7978
3.79135 8237
3.79192 8488
3.79192 8732
3.79247 8969
3.79248 9200
3.79248 9425
3.79302 9645
3.79302 9859
3.79303 10069
3.79357 10274
3.79357 10475
3.79358 10672
3.79414 10866
3.79415 4320
3.79472 4800
3.79523 5232
3.79575 5628
3.79629 5996
3.79686 6341
3.798 2880
3.79913 3600
3.7997 4176
4.00028 4672
4.00139 2880
4.00194 3600
4.00251 4176
4.00309 4672
4.00365 5115
4.00422 5520
4.00475 5895
4.00531 6246
4.00532 6577
4.00589 6892
4.00589 7192
4.00646 7480
4.00646 7757
4.007 8024
4.00701 8282
4.00754 8532
4.00754 8775
4.00808 9011
4.00809 9241
4.00809 9465
4.00866 9684
4.00867 3600
4.00924 4176
4.00978 4672
4.0103 5115
4.01082 5520
4.01139 5895
4.01196 6246
4.01363 2880
4.01531 3600
4.01581 4176
4.01634 4672
4.01692 5115
4.01749 5520
4.01806 5895
4.01858 6246
4.01858 6577
4.01904 6892
4.01905 7192
4.01951 7480
4.01951 7757
4.02003 8024
4.02003 8282
4.02058 8532
4.02058 8775
4.02115 9011
4.02116 9241
4.02172 9465
4.02173 3600
4.02227 4176
4.02283 4672
4.0234 5115
4.02397 5520
4.0245 5895
4.02502 6246
4.02502 6577
4.02558 6892
4.02559 7192
4.02616 7480
4.02616 7757
4.02672 8024
4.02673 8282
4.02724 8532
4.02724 8775
4.02774 9011
4.02775 9241
4.02775 9465
4.0283 9684
4.0283 9898
4.0283 10107
4.02886 10312
4.02887 10513
4.02887 10710
4.02943 10903
4.02944 11093
4.02944 11279
4.02995 11462
4.02996 11642
4.02996 11820
4.03047 11995
4.03048 12167
4.03048 12337
4.03048 12505
4.031 12670
4.03101 12833
4.03101 12994
4.03102 13153
4.03157 13310
4.03157 13465
4.03157 13618
4.03158 13770
4.03213 13920
4.03214 14068
4.03214 14215
4.03215 14360
4.0327 14504
4.03271 14646
4.03271 14787
4.03272 14927
4.03327 15065
4.03328 15202
4.03328 15338
4.03328 15473
4.03329 15607
4.03382 15739
4.03382 15870
4.03383 16000
4.03383 16129
4.03384 16257
4.03439 16384
4.0344 16510
4.0344 16635
4.0344 16759
4.03441 16882
4.03496 17004
4.03497 17125
4.03497 17246
4.03497 17366
4.03499 17485
4.03551 17603
4.03552 17720
4.03552 17837
4.03552 17953
4.03553 18068
4.03554 18182
4.03606 18296
4.03607 18409
4.03607 18521
4.03607 18632
4.03608 18743
4.03609 18853
4.03663 18962
4.03663 19071
4.03664 19179
4.03664 19287
4.03664 19394
4.03666 19500
4.0372 19606
4.03721 19711
4.03721 19816
4.03721 19920
4.03722 20024
4.03723 20127
4.03778 8640
4.03833 8880
4.03834 9113
4.0389 9340
4.0389 9562
4.03892 9778
4.03947 9990
4.03947 10197
4.03949 10400
4.04001 10599
4.04002 10794
4.04003 10986
4.04058 11174
4.04059 11359
4.0406 11541
4.04116 11720
4.04116 11896
4.04117 12070
4.04169 12241
4.04169 5040
4.04221 5451
4.04275 5831
4.04332 6186
4.04332 6521
4.04388 6838
4.04389 7141
4.04442 7431
4.04443 7710
4.04496 7978
4.04496 8237
4.04552 8488
4.04553 8732
4.04609 8969
4.0461 9200
4.04667 9425
4.04667 3600
4.04722 4176
4.04775 4672
4.04829 5115
4.04886 5520
4.04943 5895
4.04999 2880
4.05051 3600
4.05102 4176
4.0516 4672
4.05216 5115
4.05271 5520
4.05323 5895
4.05375 6246
4.05375 6577
4.05431 6892
4.05431 7192
4.05488 7480
4.05489 7757
4.05545 8024
4.05546 8282
4.056 2880
4.05651 3600
4.05706 4176
4.05763 4672
4.0582 5115
4.05877 5520
4.0593 5895
4.05982 6246
4.05982 6577
4.06039 6892
4.06097 2880
4.06153 3600
4.06209 4176
4.06267 4672
4.06322 5115
4.06379 5520
4.06434 5895
4.06488 6246
4.06488 6577
4.06545 6892
4.06545 7192
4.06602 7480
4.06603 7757
4.06657 8024
4.06657 8282
4.06711 8532
4.06711 8775
4.06767 9011
4.06767 9241
4.06767 9465
4.06824 9684
4.06825 3600
4.06878 4176
4.0693 4672
4.06979 5115
4.07032 5520
4.07089 5895
4.07146 6246
4.07203 6577
4.07257 2880
4.07311 3600
4.07369 4176
4.07426 4672
4.07481 5115
4.07531 5520
4.07584 5895
4.07641 6246
4.07698 6577
4.07755 2880
4.07806 3600
4.07857 4176
4.07913 4672
4.07971 5115
4.08078 2880
4.08127 3600
4.0818 4176
4.08237 4672
4.08294 5115
4.08348 5520
4.08403 5895
4.08458 6246
4.08458 6577
4.08516 6892
4.08573 2880
4.08629 3600
4.08682 4176
4.08731 4672
4.08786 5115
4.08843 5520
4.089 5895
4.08953 6246
4.08953 6577
4.09003 6892
4.09003 7192
4.09056 7480
4.09057 7757
4.09114 8024
4.0917 2880
4.09227 3600
4.09275 4176
4.09324 4672
4.09379 5115
4.09436 5520
4.09491 5895
4.09543 6246
4.09543 6577
4.09598 6892
4.09598 7192
4.09655 7480
4.09656 7757
4.0971 8024
4.0971 8282
4.09761 8532
4.09761 8775
4.0981 9011
4.0981 9241
4.0981 9465
4.09863 9684
4.09864 9898
4.09864 10107
4.0992 10312
4.09921 10513
4.09921 10710
4.09977 10903
4.09977 11093
4.09977 11279
4.10032 11462
4.10032 11642
4.10032 11820
4.10086 11995
4.10086 12167
4.10087 12337
4.10087 12505
4.10143 12670
4.10144 5040
4.102 5451
4.10255 5831
4.10308 6186
4.10308 6521
4.10365 6838
4.10365 7141
4.10422 7431
4.10423 7710
4.10479 7978
4.10479 8237
4.10533 8488
4.10533 8732
4.10588 8969
4.10589 9200
4.10589 9425
4.10645 9645
4.10646 9859
4.10646 10069
4.10701 10274
4.10701 10475
4.10702 10672
4.10755 10866
4.10755 11056
4.10755 11243
4.10809 11427
4.10809 11608
4.1081 11786
4.10866 11961
4.10867 5040
4.10981 5451
4.11036 5831
4.11091 6186
4.11091 6521
4.11148 6838
4.11148 7141
4.11205 7431
4.11205 7710
4.11258 7978
4.11258 8237
4.11305 8488
4.11305 8732
4.11354 8969
4.11354 9200
4.11355 9425
4.11407 9645
4.11407 9859
4.11408 10069
4.11464 10274
4.11465 10475
4.11465 10672
4.11522 10866
4.11522 11056
4.11522 11243
4.11578 11427
4.11578 11608
4.11579 11786
4.11631 11961
4.11632 12134
4.11632 12304
4.11632 12472
4.11687 12638
4.11687 12802
4.11688 12963
4.11688 13122
4.11744 13280
4.11745 13436
4.11745 13590
4.11801 5760
4.1185 6120
4.1185 6458
4.11895 6779
4.11895 7084
4.11943 7376
4.11944 7657
4.11999 7927
4.11999 8188
4.12055 8441
4.12055 8686
4.12112 8924
4.12169 3600
4.12277 4176
4.12329 4672
4.12383 5115
4.1244 5520
4.12495 5895
4.1255 6246
4.1255 6577
4.12606 6892
4.12607 7192
4.12664 7480
4.12664 7757
4.12721 8024
4.12721 8282
4.12777 8532
4.12777 8775
4.12832 9011
4.12832 9241
4.12832 9465
4.12889 9684
4.12889 9898
4.1289 10107
4.12946 10312
4.12946 10513
4.12946 10710
4.13002 10903
4.13003 11093
4.13003 11279
4.13059 11462
4.1306 11642
4.1306 11820
4.13116 11995
4.13117 12167
4.13117 12337
4.13117 12505
4.13174 12670
4.13174 5040
4.13232 5451
4.13287 5831
4.13338 6186
4.13339 6521
4.13392 6838
4.13393 7141
4.1345 7431
4.1345 7710
4.13507 7978
4.13564 2880
4.13616 3600
4.13667 4176
4.13723 4672
4.1378 5115
4.13837 5520
4.13891 5895
4.13943 6246
4.13943 6577
4.14 6892
4.14001 7192
4.14057 7480
4.14057 7757
4.14114 8024
4.1417 2880
4.14226 3600
4.14283 4176
4.1434 4672
4.14396 5115
4.14453 5520
4.1451 5895
4.14566 6246
4.14566 6577
4.14623 6892
4.14623 7192
4.1468 7480
4.1468 7757
4.14736 8024
4.14736 8282
4.14791 8532
4.14791 8775
4.14842 9011
4.14842 9241
4.14843 9465
4.14899 9684
4.14899 9898
4.14899 10107
4.14956 10312
4.14956 10513
4.14957 10710
4.15013 4320
4.1507 4800
4.15121 5232
4.15172 5628
4.15229 5996
4.15287 6341
4.15344 6668
4.15511 2880
4.15625 3600
4.1568 4176
4.15734 4672
4.15791 5115
4.15848 5520
4.15905 5895
4.15962 6246
4.15962 6577
4.16017 6892
4.16017 7192
4.16073 7480
4.16073 7757
4.1613 8024
4.16187 2880
4.16242 3600
4.16299 4176
4.36357 4672
4.36469 2880
4.36526 3600
4.36583 4176
4.36639 4672
4.36689 5115
4.3674 5520
4.36796 5895
4.36853 6246
4.3691 6577
4.3707 2880
4.37183 3600
4.37237 4176
4.37291 4672
4.37348 5115
4.37405 5520
4.37462 5895
4.37514 6246
4.37515 6577
4.37568 6892
4.37568 7192
4.37625 7480
4.37626 7757
4.37683 8024
4.37683 8282
4.37739 8532
4.3774 8775
4.37793 9011
4.37793 9241
4.37794 9465
4.37842 9684
4.37843 9898
4.37843 10107
4.37895 10312
4.37896 10513
4.37896 10710
4.37952 10903
4.37953 11093
4.37953 11279
4.38009 11462
4.3801 11642
4.3801 11820
4.38064 11995
4.38064 12167
4.38064 12337
4.38065 12505
4.38117 12670
4.38117 12833
4.38117 12994
4.38118 13153
4.38174 13310
4.38174 13465
4.38175 13618
4.38231 5760
4.38288 6120
4.38288 6458
4.38338 6779
4.38338 7084
4.38384 7376
4.38385 7657
4.38435 7927
4.38435 8188
4.38492 8441
4.38492 8686
4.38549 8924
4.38606 3600
4.3872 4176
4.38777 4672
4.38834 5115
4.38891 5520
4.38942 5895
4.38993 6246
4.38993 6577
4.3905 6892
4.39051 7192
4.39107 7480
4.39107 7757
4.39164 8024
4.39164 8282
4.39219 8532
4.39219 8775
4.39273 9011
4.39274 9241
4.39274 9465
4.39331 9684
4.39388 3600
4.39491 4176
4.39547 4672
4.39604 5115
4.39714 2880
4.39766 3600
4.3982 4176
4.59878 4672
4.59989 2880
4.60046 3600
4.60101 4176
4.60158 4672
4.60215 5115
4.60324 2880
4.60379 3600
4.60436 4176
4.80493 4672
4.80604 2880
4.80654 3600
4.80709 4176
5.00766 4672
5.0088 2880
5.00936 3600
5.0099 4176
5.01043 4672
5.011 5115
5.01158 5520
5.01214 5895
5.01265 6246
5.01266 6577
5.01315 6892
5.01316 7192
5.01369 7480
5.01369 7757
5.01426 8024
5.01482 2880
5.01537 3600
5.01593 4176
5.0165 4672
5.01707 5115
5.01763 5520
5.01816 5895
5.01873 6246
5.01874 6577
5.01931 6892
5.01987 2880
5.02037 3600
5.02085 4176
5.02136 4672
5.02191 5115
5.02248 5520
5.02304 5895
5.02359 6246
5.02359 6577
5.02416 6892
5.02473 2880
5.02528 3600
5.02585 4176
5.02642 4672
5.02699 5115
5.0281 2880
5.02866 3600
5.02924 4176
5.02981 4672
5.03035 5115
5.03092 5520
5.03149 5895
5.03206 6246
5.03376 2880
5.03541 3600
5.03596 4176
5.03653 4672
5.0371 5115
5.03764 5520
5.03817 5895
5.03874 6246
5.03931 6577
5.04098 2880
5.04212 3600
5.04268 4176
5.04325 4672
5.04379 5115
5.04435 5520
5.04492 5895
5.04549 6246
5.04659 2880
5.04772 3600
5.04829 4176
5.04886 4672
5.0494 5115
5.04995 5520
5.05053 5895
5.0511 2880
5.05167 3600
5.05221 4176
5.05275 4672
5.05333 5115
5.05446 2880
5.05502 3600
5.05559 4176
5.05616 4672
5.05673 5115
5.05728 5520
5.05783 5895
5.05839 6246
5.0584 6577
5.05897 6892
5.05953 2880
5.06009 3600
5.06064 4176
5.06119 4672
5.06176 5115
5.06234 5520
5.06289 5895
5.06344 6246
5.06345 6577
5.06398 6892
5.06398 7192
5.06455 7480
5.06455 7757
5.06512 8024
5.06569 2880
5.06621 3600
5.06674 4176
5.06728 4672
5.06785 5115
5.06842 5520
5.06895 5895
5.06947 6246
5.06947 6577
5.07002 6892
5.07002 7192
5.07059 7480
5.07059 7757
5.07115 8024
5.07116 8282
5.07172 8532
5.07172 8775
5.07228 9011
5.07229 9241
5.07229 9465
5.07286 9684
5.07286 9898
5.07286 10107
5.07343 10312
5.07343 10513
5.07344 10710
5.07399 10903
5.07399 11093
5.07399 11279
5.07452 11462
5.07452 11642
5.07453 11820
5.07507 11995
5.07508 12167
5.07508 12337
5.07508 12505
5.07565 12670
5.07565 5040
5.07622 5451
5.07677 5831
5.07727 6186
5.07727 6521
5.07781 6838
5.07782 7141
5.07839 7431
5.07839 7710
5.07896 7978
5.07951 2880
5.08002 3600
5.08055 4176
5.08112 4672
5.0817 5115
5.08226 5520
5.08278 5895
5.0833 6246
5.0833 6577
5.08386 6892
5.08387 7192
5.08444 7480
5.08444 7757
5.085 8024
5.085 8282
5.08553 8532
5.08554 8775
5.08606 9011
5.08607 9241
5.08607 9465
5.08664 9684
5.08664 3600
5.08721 4176
5.08777 4672
5.08832 5115
5.08884 5520
5.08939 5895
5.08996 6246
5.08997 6577
5.09052 6892
5.09052 7192
5.09104 7480
5.09105 7757
5.09156 8024
5.09156 8282
5.0921 8532
5.09211 8775
5.09267 9011
5.09268 9241
5.09268 9465
5.09325 9684
5.09325 9898
5.09325 10107
5.09381 10312
5.09381 10513
5.09382 10710
5.09433 10903
5.09433 11093
5.09433 11279
5.09486 11462
5.09487 11642
5.09487 11820
5.09543 11995
5.09544 12167
5.09544 12337
5.09544 12505
5.096 12670
5.096 12833
5.09601 12994
5.09601 13153
5.09656 13310
5.09657 13465
5.09657 13618
5.09657 13770
5.09711 13920
5.09711 14068
5.09711 14215
5.09712 14360
5.09768 14504
5.09769 6480
5.09826 6800
5.09882 7104
5.09882 7395
5.09934 7675
5.09934 7945
5.09984 8205
5.09985 8457
5.1004 8702
5.1004 8940
5.10097 9171
5.10097 9397
5.10154 3600
5.1021 4176
5.10267 4672
5.10324 5115
5.10381 5520
5.10438 5895
5.10491 6246
5.10492 6577
5.10546 6892
5.10547 7192
5.10603 7480
5.10604 7757
5.10661 8024
5.10661 8282
5.10716 8532
5.10717 8775
5.10772 9011
5.10773 9241
5.10773 9465
5.1083 9684
5.1083 3600
5.10887 4176
5.10944 4672
5.11001 5115
5.11058 5520
5.11115 5895
5.11172 6246
5.11229 6577
5.11283 2880
5.11338 3600
5.11395 4176
5.11452 4672
5.11507 5115
5.11559 5520
5.11616 5895
5.11673 6246
5.11673 6577
5.1173 6892
5.11783 2880
5.11837 3600
5.11894 4176
5.11951 4672
5.12008 5115
5.12061 5520
5.12116 5895
5.12173 6246
5.12173 6577
5.12229 6892
5.1223 7192
5.12285 7480
5.12286 7757
5.1234 8024
5.12341 8282
5.12398 8532
5.12398 8775
5.12455 9011
5.12455 9241
5.12511 9465
5.12511 3600
5.12563 4176
5.12617 4672
5.12675 5115
5.12788 2880
5.12841 3600
5.12898 4176
5.32955 4672
5.3307 2880
5.33126 3600
5.33178 4176
5.3323 4672
5.33287 5115
5.33344 5520
5.334 5895
5.33455 6246
5.33456 6577
5.33513 6892
5.33513 7192
5.33569 7480
5.3357 7757
5.33627 8024
5.33682 2880
5.33736 3600
5.33792 4176
5.53849 4672
5.53962 2880
5.54017 3600
5.54074 4176
5.5413 4672
5.54187 5115
5.543 2880
5.54357 3600
5.54414 4176
5.54471 4672
5.54526 5115
5.54579 5520
5.54634 5895
5.54691 6246
5.54803 2880
5.54918 3600
5.55083 2880
5.55139 3600
5.55196 4176
5.75254 4672
5.75367 2880
5.75423 3600
5.75474 4176
5.75524 4672
5.7558 5115
5.75637 5520
5.75694 5895
5.75749 6246
5.75749 6577
5.75802 6892
5.75803 7192
5.7586 7480
5.7586 7757
5.75917 8024
5.75917 8282
5.75974 8532
5.75974 8775
5.76026 9011
5.76026 9241
5.76026 9465
5.76078 9684
5.76078 9898
5.76079 10107
5.76135 10312
5.76136 10513
5.76192 4320
5.76302 4800
5.7636 5232
5.76473 2880
5.76527 3600
5.7658 4176
5.76637 4672
5.76694 5115
5.76749 5520
5.76803 5895
5.76856 6246
5.76856 6577
5.76912 6892
5.76912 7192
5.76969 7480
5.7697 7757
5.77024 8024
5.77025 8282
5.77072 8532
5.77073 8775
5.77119 9011
5.77119 9241
5.7712 9465
5.77169 9684
5.7717 9898
5.7717 10107
5.77226 10312
5.77226 10513
5.77226 10710
5.77283 10903
5.77283 11093
5.77283 11279
5.7734 11462
5.77341 4320
5.77395 4800
5.77452 5232
5.77509 5628
5.77564 5996
5.77615 6341
5.77615 6668
5.77669 6978
5.77669 7275
5.77726 7560
5.77726 7834
5.77781 8098
5.77782 8354
5.77835 8602
5.77835 8843
5.77892 9077
5.77949 3600
5.78057 4176
5.78115 4672
5.98172 5115
5.98339 2880
5.98449 3600
5.985 4176
5.98553 4672
5.9861 5115
5.98721 2880
5.98774 3600
5.98824 4176
5.98878 4672
5.98935 5115
5.98992 5520
5.99046 5895
5.99102 6246
5.99102 6577
5.99159 6892
5.99159 7192
5.99216 7480
5.99216 7757
5.9927 8024
5.9927 8282
5.99324 8532
5.99324 8775
5.99378 9011
5.99378 9241
5.99379 9465
5.99435 9684
5.99436 9898
5.99436 10107
5.99493 10312
5.99493 10513
5.99493 10710
5.99547 4320
5.99599 4800
5.99651 5232
5.99708 5628
5.99765 5996
5.99822 6341
5.99935 2880
6.00049 3600
6.00106 4176
6.00162 4672
6.00219 5115
6.00276 5520
6.00333 5895
6.00389 6246
6.00389 6577
6.00442 6892
6.00442 7192
6.00494 7480
6.00494 7757
6.0055 8024
6.0055 8282
6.00607 8532
6.00608 8775
6.00664 9011
6.00665 9241
6.00665 9465
6.0072 9684
6.0072 9898
6.0072 10107
6.00774 10312
6.00774 10513
6.00774 10710
6.0083 10903
6.0083 11093
6.0083 11279
6.00887 11462
6.00887 11642
6.00887 11820
6.00943 11995
6.00944 12167
6.00944 12337
6.00944 12505
6.00999 12670
6.01 12833
6.01 12994
6.01 13153
6.01054 13310
6.01054 13465
6.01055 13618
6.01055 13770
6.01111 13920
6.01112 14068
6.01112 14215
6.01112 14360
6.01167 14504
6.01167 14646
6.01168 14787
6.01168 14927
6.01221 15065
6.01221 15202
6.01222 15338
6.01222 15473
6.01222 15607
6.01272 15739
6.01272 15870
6.01272 16000
6.01273 16129
6.01273 16257
6.01325 16384
6.01325 16510
6.01325 16635
6.01326 16759
6.01326 16882
6.01382 17004
6.01382 17125
6.01382 17246
6.01383 17366
6.01383 17485
6.01439 17603
6.0144 7920
6.01553 8181
6.01608 8434
6.01608 8679
6.01665 8917
6.01721 3600
6.01833 4176
6.01888 4672
6.21945 5115
6.22112 2880
6.22218 3600
6.22275 4176
6.22332 4672
6.22385 5115
6.22435 5520
6.22488 5895
6.22546 6246
6.22603 6577
6.22763 2880
6.22877 3600
6.22929 4176
6.2298 4672
6.23031 5115
6.23088 5520
6.23146 5895
6.23203 6246
6.23259 6577
6.23311 2880
6.23367 3600
6.23424 4176
6.23478 4672
6.23533 5115
6.23589 5520
6.23646 5895
6.23703 6246
6.23808 2880
6.2392 3600
6.23978 4176
6.24034 4672
6.2409 5115
6.24146 5520
6.24203 5895
6.2426 6246
6.2426 6577
6.24314 6892
6.24314 7192
6.24368 7480
6.24368 7757
6.24424 8024
6.24425 8282
6.24481 8532
6.24482 8775
6.24536 9011
6.24536 9241
6.24537 9465
6.24587 9684
6.24587 9898
6.24588 10107
6.24637 10312
6.24637 10513
6.24637 10710
6.24692 10903
6.24692 11093
6.24692 11279
6.24749 11462
6.24749 11642
6.2475 11820
6.24805 11995
6.24806 12167
6.24806 12337
6.24806 12505
6.24861 12670
6.24862 12833
6.24862 12994
6.24862 13153
6.24917 13310
6.24917 13465
6.24917 13618
6.24918 13770
6.24974 13920
6.24974 14068
6.24974 14215
6.24975 14360
6.2503 14504
6.25031 14646
6.25031 14787
6.25031 14927
6.25086 15065
6.25086 15202
6.25087 15338
6.25087 15473
6.25087 15607
6.25141 15739
6.25141 15870
6.25142 16000
6.25142 16129
6.25142 16257
6.25198 16384
6.25199 16510
6.25199 7200
6.25256 7488
6.25312 7764
6.25313 8031
6.25365 8289
6.25366 8539
6.25417 8781
6.25417 9017
6.2547 9246
6.2547 9470
6.2547 9688
6.25527 9902
6.25527 10111
6.25528 10316
6.25584 10517
6.25584 10714
6.25584 10907
6.25636 11097
6.25636 11283
6.25636 11466
6.25687 11646
6.25688 11824
6.25688 11999
6.25745 12171
6.25745 5040
6.25858 5451
6.25913 5831
6.25969 6186
6.25969 6521
6.26026 6838
6.26027 7141
6.26084 7431
6.26084 7710
6.26139 7978
6.2614 8237
6.26191 8488
6.26191 8732
6.26244 8969
6.26245 9200
6.26245 9425
6.26302 9645
6.26302 3600
6.2636 4176
6.26415 4672
6.26469 5115
6.26517 5520
6.26569 5895
6.26626 6246
6.26626 6577
6.26683 6892
6.26683 7192
6.26739 7480
6.2674 7757
6.26795 8024
6.26795 8282
6.26852 8532
6.26852 8775
6.26908 9011
6.26909 9241
6.26909 9465
6.26963 9684
6.26963 9898
6.26964 10107
6.27012 10312
6.27013 10513
6.27013 10710
6.27059 10903
6.27059 11093
6.27059 11279
6.27109 11462
6.27109 11642
6.2711 11820
6.27166 11995
6.27166 12167
6.27166 12337
6.27167 12505
6.27223 12670
6.27223 12833
6.27224 12994
6.27224 13153
6.2728 13310
6.2728 13465
6.27281 13618
6.27281 13770
6.27334 13920
6.27335 14068
6.27335 14215
6.27335 14360
6.27384 14504
6.27384 14646
6.27384 14787
6.27385 14927
6.27436 15065
6.27437 15202
6.27437 15338
6.27437 15473
6.27438 15607
6.27494 15739
6.27494 6480
6.27551 6800
6.27605 7104
6.27605 7395
6.27658 7675
6.27658 7945
6.27715 8205
6.27715 8457
6.27772 8702
6.27772 8940
6.27829 3600
6.27936 4176
6.27994 4672
6.28051 5115
6.28162 2880
6.28214 3600
6.28268 4176
6.28326 4672
6.28382 5115
6.28438 5520
6.28494 5895
6.28551 6246
6.28664 2880
6.28776 3600
6.28833 4176
6.4889 4672
6.49004 2880
6.49053 3600
6.49103 4176
6.49158 4672
6.49215 5115
6.49272 5520
6.49328 5895
6.49382 6246
6.49383 6577
6.49439 6892
6.49439 7192
6.49496 7480
6.49496 7757
6.49553 8024
6.49553 8282
6.49607 8532
6.49607 8775
6.49657 9011
6.49658 9241
6.49658 9465
6.49711 9684
6.49712 9898
6.49712 10107
6.49768 10312
6.49769 10513
6.49769 10710
6.49825 10903
6.49826 11093
6.49826 11279
6.4988 11462
6.49881 11642
6.49881 11820
6.49933 11995
6.49934 12167
6.49934 12337
6.49934 12505
6.49991 12670
6.49991 12833
6.49991 12994
6.49992 13153
6.50048 13310
6.50048 13465
6.50048 13618
6.50049 13770
6.50105 13920
6.50105 14068
6.50105 14215
6.50106 14360
6.5016 14504
6.5016 14646
6.5016 14787
6.50161 14927
6.50217 15065
6.50217 15202
6.50217 15338
6.50218 15473
6.50218 15607
6.50274 15739
6.50275 6480
6.50331 6800
6.50386 7104
6.50387 7395
6.50442 7675
6.50443 7945
6.50498 8205
6.50498 8457
6.50551 8702
6.50552 8940
6.50608 9171
6.50608 9397
6.50609 9617
6.50665 9832
6.50666 10042
6.50666 10248
6.50719 10450
6.50719 10648
6.5072 10842
6.50776 11033
6.50776 11220
6.50777 11404
6.50833 11585
6.50833 11763
6.50834 11939
6.5089 12112
6.50891 5040
6.51001 5451
6.51058 5831
6.51115 6186
6.51169 6521
6.51219 2880
6.51265 3600
6.51315 4176
6.51368 4672
6.51426 5115
6.51482 5520
6.51539 5895
6.51594 6246
6.51594 6577
6.5165 6892
6.5165 7192
6.51707 7480
6.51708 7757
6.51764 8024
6.51765 8282
6.5182 8532
6.51821 8775
6.51877 9011
6.51877 9241
6.51877 9465
6.5193 9684
6.51931 9898
6.51931 10107
6.51988 10312
6.51988 10513
6.51988 10710
6.52045 4320
6.52101 4800
6.52157 5232
6.52214 5628
6.52271 5996
6.52433 2880
6.52602 3600
6.52657 4176
6.52714 4672
6.52771 5115
6.52828 5520
6.52885 5895
6.52942 6246
6.52942 6577
6.52999 6892
6.52999 7192
6.53056 7480
6.53057 7757
6.53113 8024
6.53114 8282
6.53167 8532
6.53167 8775
6.53215 9011
6.53216 9241
6.53216 9465
6.5327 9684
6.5327 9898
6.5327 10107
6.53327 10312
6.53327 10513
6.53328 10710
6.53384 4320
6.53438 4800
6.53491 5232
6.53541 5628
6.53597 5996
6.53654 6341
6.53766 2880
6.53881 3600
6.5404 2880
6.54091 3600
6.54149 4176
6.54206 4672
6.54262 5115
6.54315 5520
6.5437 5895
6.54427 6246
6.54427 6577
6.54484 6892
6.5454 2880
6.5459 3600
6.54643 4176
6.547 4672
6.54757 5115
6.54813 5520
6.54867 5895
6.54918 6246
6.54919 6577
6.54975 6892
6.54975 7192
6.55032 7480
6.55033 7757
6.55089 8024
6.5509 8282
6.55143 8532
6.55143 8775
6.55197 9011
6.55197 9241
6.55198 9465
6.55254 9684
6.55255 9898
6.55255 10107
6.55309 10312
6.55309 10513
6.5531 10710
6.55361 10903
6.55361 11093
6.55362 11279
6.55416 11462
6.55417 11642
6.55417 11820
6.55473 11995
6.55473 12167
6.55474 12337
6.55474 12505
6.5553 12670
6.55531 5040
6.55588 5451
6.55643 5831
6.557 6186
6.557 6521
6.55757 6838
6.55757 7141
6.55814 7431
6.55814 7710
6.55871 7978
6.55871 8237
6.55925 8488
6.55926 8732
6.55978 8969
6.55978 9200
6.55978 9425
6.56033 9645
6.56034 9859
6.56034 10069
6.5609 10274
6.56091 10475
6.56091 10672
6.56146 10866
6.56146 11056
6.56146 11243
6.56201 11427
6.56202 11608
6.56202 11786
6.56257 11961
6.56257 12134
6.56257 12304
6.56258 12472
6.56314 12638
6.56315 5040
6.56371 5451
6.56424 5831
6.56477 6186
6.56477 6521
6.56534 6838
6.56534 7141
6.56591 7431
6.56591 7710
6.56648 7978
6.56649 8237
6.56705 8488
6.56706 8732
6.56761 8969
6.56761 9200
6.56762 9425
6.56818 9645
6.56818 9859
6.56818 10069
6.56875 10274
6.56875 10475
6.56875 10672
6.56932 10866
6.56932 11056
6.56933 11243
6.56985 11427
6.56985 11608
6.56985 11786
6.57041 11961
6.57041 12134
6.57041 12304
6.57042 12472
6.57098 12638
6.57098 12802
6.57098 12963
6.57099 13122
6.57154 13280
6.57155 13436
6.57155 13590
6.57155 13742
6.57209 13892
6.57209 14041
6.57209 14188
6.5721 14334
6.57264 14478
6.57264 14621
6.57264 14762
6.57265 14902
6.5732 15041
6.57321 15178
6.57321 15314
6.57321 15449
6.57322 15583
6.57378 15716
6.57378 15847
6.57378 15977
6.57379 16106
6.57379 16234
6.57435 16361
6.57435 16487
6.57436 7200
6.57489 7488
6.57542 7764
6.57543 8031
6.57599 8289
6.576 8539
6.57657 8781
6.57714 3600
6.57768 4176
6.5782 4672
6.57872 5115
6.57928 5520
6.57985 5895
6.58042 6246
6.58096 6577
6.5815 2880
6.58201 3600
6.58256 4176
6.58313 4672
6.58369 5115
6.58425 5520
6.58482 5895
6.58537 6246
6.58538 6577
6.58594 6892
6.58594 7192
6.58648 7480
6.58649 7757
6.587 8024
6.587 8282
6.58752 8532
6.58753 8775
6.5881 9011
6.58867 3600
6.58976 4176
6.59027 4672
6.59081 5115
6.59138 5520
6.59196 5895
6.59251 6246
6.59251 6577
6.59306 6892
6.59306 7192
6.59363 7480
6.59364 7757
6.5942 8024
6.5942 8282
6.59475 8532
6.59475 8775
6.59531 9011
6.59531 9241
6.59532 9465
6.59588 9684
6.59589 9898
6.59589 10107
6.59645 10312
6.59646 10513
6.59646 10710
6.59703 10903
6.59703 11093
6.59703 11279
6.59758 11462
6.59759 11642
6.59759 11820
6.59812 11995
6.59812 12167
6.59812 12337
6.59813 12505
6.59868 12670
6.59868 12833
6.59868 12994
6.59869 13153
6.59925 13310
6.59925 13465
6.59926 13618
6.59982 5760
6.60036 6120
6.60036 6458
6.60088 6779
6.60088 7084
6.60144 7376
6.60144 7657
6.60201 7927
6.60201 8188
6.60258 8441
6.60258 8686
6.6031 8924
6.60311 9156
6.60311 9382
6.60361 9603
6.60362 9818
6.60362 10029
6.60415 10235
6.60415 10437
6.60415 10635
6.60472 10829
6.60472 11020
6.60472 11208
6.60529 11393
6.60529 11575
6.60529 11754
6.60584 11930
6.60584 12103
6.60584 12274
6.60585 12442
6.60637 12608
6.60638 12772
6.60638 12934
6.60638 13094
6.60693 13252
6.60694 13408
6.60694 13562
6.60694 13714
6.6075 13865
6.6075 14014
6.60751 14161
6.60751 14307
6.60807 14451
6.60808 14594
6.60808 14736
6.60808 14876
6.60858 15015
6.60858 15153
6.60859 15289
6.60859 15424
6.60859 15558
6.60909 15691
6.60909 15823
6.60909 15954
6.6091 16083
6.6091 16211
6.60961 16338
6.60962 16464
6.60962 16589
6.60962 16713
6.60963 16837
6.61018 16960
6.61019 17082
6.61019 17203
6.61019 17323
6.6102 17442
6.61076 17560
6.61076 17678
6.61076 17795
6.61077 17911
6.61077 18026
6.61131 7920
6.61186 8181
6.61187 8434
6.61243 8679
6.61243 8917
6.613 9149
6.613 9375
6.613 9596
6.61357 9812
6.61358 3600
6.61414 4176
6.61467 4672
6.61521 5115
6.61578 5520
6.61636 5895
6.61692 2880
6.61745 3600
6.61799 4176
6.61857 4672
6.61913 5115
6.61968 5520
6.6202 5895
6.62077 6246
6.62077 6577
6.62134 6892
6.62191 2880
6.62245 3600
6.62298 4176
6.62352 4672
6.62409 5115
6.62466 5520
6.62523 5895
6.62576 6246
6.62576 6577
6.62628 6892
6.62628 7192
6.62683 7480
6.62683 7757
6.6274 8024
6.62741 8282
6.62797 8532
6.62797 8775
6.62848 9011
6.62849 9241
6.62849 9465
6.62899 9684
6.62899 9898
6.629 10107
6.62956 10312
6.62957 10513
6.62957 10710
6.63013 10903
6.63013 11093
6.63014 11279
6.6307 11462
6.6307 11642
6.63071 11820
6.63123 11995
6.63124 12167
6.63124 12337
6.63124 12505
6.63176 12670
6.63177 12833
6.63177 12994
6.63177 13153
6.63233 13310
6.63234 13465
6.63234 13618
6.63234 13770
6.63288 13920
6.63288 14068
6.63288 14215
6.63289 14360
6.63341 14504
6.63341 14646
6.63341 14787
6.63342 14927
6.63395 15065
6.63396 15202
6.63396 15338
6.63396 15473
6.63397 15607
6.63452 15739
6.63453 15870
6.63453 16000
6.63453 16129
6.63454 16257
6.6351 16384
6.6351 16510
6.6351 16635
6.63511 16759
6.63511 16882
6.63567 17004
6.63567 17125
6.63567 17246
6.63568 17366
6.63568 17485
6.63617 17603
6.63617 17720
6.63617 17837
6.63618 17953
6.63618 18068
6.63618 18182
6.63668 18296
6.63668 18409
6.63668 18521
6.63669 18632
6.63669 18743
6.63669 18853
6.63723 18962
6.63724 19071
6.63724 19179
6.63724 19287
6.63725 19394
6.63725 19500
6.63781 19606
6.63781 19711
6.63781 19816
6.63782 19920
6.63782 20024
6.63782 20127
6.63837 20230
6.63838 20332
6.63838 20433
6.63838 20534
6.63839 20634
6.63839 20734
6.63894 20834
6.63894 20933
6.63895 21032
6.63895 21130
6.63895 21228
6.63896 21325
6.63896 21422
6.6395 21518
6.6395 21614
6.63951 21709
6.63951 21804
6.63951 21899
6.63952 21993
6.63952 22087
6.64007 22180
6.64008 22273
6.64008 10080
6.64065 10285
6.64118 10486
6.64118 10683
6.64119 10877
6.64169 11067
6.64169 11254
6.6417 11438
6.64224 11619
6.64224 11797
6.64224 11972
6.64281 12145
6.64282 5040
6.64391 5451
6.64443 5831
6.64495 6186
6.64495 6521
6.64551 6838
6.64551 7141
6.64608 7431
6.64608 7710
6.64665 7978
6.64665 8237
6.64719 8488
6.6472 8732
6.64775 8969
6.64775 9200
6.64775 9425
6.64832 9645
6.64832 9859
6.64832 10069
6.64889 10274
6.64889 10475
6.64889 10672
6.64945 10866
6.64946 11056
6.64946 11243
6.65001 11427
6.65002 11608
6.65002 11786
6.65058 11961
6.65058 12134
6.65059 12304
6.65059 12472
6.65115 12638
6.65115 12802
6.65116 12963
6.65116 13122
6.65171 13280
6.65171 13436
6.65172 13590
6.65172 13742
6.65227 13892
6.65228 14041
6.65228 14188
6.65228 14334
6.65284 14478
6.65284 14621
6.65285 14762
6.65285 14902
6.65341 15041
6.65341 15178
6.65342 15314
6.65342 15449
6.65342 15583
6.65399 15716
6.65399 6480
6.65456 6800
6.65508 7104
6.65508 7395
6.65559 7675
6.65559 7945
6.65613 8205
6.65613 8457
6.6567 8702
6.65727 3600
6.65783 4176
6.65836 4672
6.65887 5115
6.65942 5520
6.66 5895
6.66056 6246
6.66056 6577
6.66109 6892
6.66109 7192
6.66163 7480
6.66164 7757
6.66221 8024
6.66277 2880
6.66334 3600
6.66387 4176
6.66441 4672
6.66499 5115
6.66664 2880
6.66776 3600
6.66943 2880
6.67 3600
6.67169 2880
6.67224 3600
6.67281 4176
6.67338 4672
6.67395 5115
6.67447 5520
6.67497 5895
6.67551 6246
6.67552 6577
6.67609 6892
6.67609 7192
6.67665 7480
6.67665 7757
6.67721 8024
6.67721 8282
6.67773 8532
6.67773 8775
6.67827 9011
6.67828 9241
6.67828 9465
6.67885 9684
6.67885 3600
6.67943 4176
6.67998 4672
6.68049 5115
6.68101 5520
6.68157 5895
6.68214 6246
6.68326 2880
6.68438 3600
6.68493 4176
6.6855 4672
6.68607 5115
6.68721 2880
6.68777 3600
6.68833 4176
6.68888 4672
6.68945 5115
6.69002 5520
6.69059 5895
6.6911 6246
6.69111 6577
6.69162 6892
6.69162 7192
6.69215 7480
6.69215 7757
6.69272 8024
6.69329 2880
6.69435 3600
6.69489 4176
6.69546 4672
6.69603 5115
6.69712 2880
6.69768 3600
6.69825 4176
6.69882 4672
6.69937 5115
6.6999 5520
6.70046 5895
6.70103 6246
6.70104 6577
6.70161 6892
6.70161 7192
6.70215 7480
6.70215 7757
6.70266 8024
6.70266 8282
6.70317 8532
6.70317 8775
6.70372 9011
6.70372 9241
6.70372 9465
6.70429 9684
6.7043 3600
6.70485 4176
6.70539 4672
6.70595 5115
6.70653 5520
6.70709 5895
6.70764 6246
6.70764 6577
6.70818 6892
6.70819 7192
6.70874 7480
6.70875 7757
6.70931 8024
6.70932 8282
6.70989 8532
6.70989 8775
6.71044 9011
6.71044 9241
6.71045 9465
6.711 9684
6.711 9898
6.711 10107
6.71156 10312
6.71157 10513
6.71157 10710
6.71213 10903
6.71214 11093
6.71214 11279
6.71268 11462
6.71269 11642
6.71269 11820
6.71321 11995
6.71322 12167
6.71322 12337
6.71322 12505
6.71377 12670
6.71377 12833
6.71378 12994
6.71378 13153
6.71434 13310
6.71435 13465
6.71435 13618
6.71435 13770
6.71491 13920
6.71492 14068
6.71492 14215
6.71492 14360
6.71547 14504
6.71548 14646
6.71548 14787
6.71548 14927
6.71602 15065
6.71603 15202
6.71603 15338
6.71603 15473
6.71604 15607
6.71658 15739
6.71659 15870
6.71659 16000
6.71659 16129
6.7166 16257
6.71715 16384
6.71716 16510
6.71716 16635
6.71716 16759
6.71717 16882
6.71771 17004
6.71772 17125
6.71772 17246
6.71772 17366
6.71773 17485
6.71827 17603
6.71828 17720
6.71828 17837
6.71828 17953
6.71829 18068
6.71829 18182
6.7188 18296
6.7188 18409
6.71881 18521
6.71881 18632
6.71881 18743
6.71882 18853
6.71935 18962
6.71935 19071
6.71935 19179
6.71936 19287
6.71936 19394
6.71936 19500
6.71992 19606
6.71992 19711
6.71992 19816
6.71993 19920
6.71993 20024
6.71993 20127
6.72049 20230
6.7205 9360
6.72106 9581
6.72153 9797
6.72154 10008
6.72154 10215
6.72202 10417
6.72202 10616
6.72202 10811
6.72253 11002
6.72254 11190
6.72254 11375
6.7231 11557
6.72311 11736
6.72311 11912
6.72367 12086
6.72367 12257
6.72368 12426
6.72368 12592
6.72424 12756
6.72425 12918
6.72425 13078
6.72425 13236
6.72479 13392
6.72479 13546
6.7248 13699
6.7248 13850
6.72534 13999
6.72535 14147
6.72535 14293
6.72535 14438
6.72592 14581
6.72592 6480
6.72705 6800
6.72754 7104
6.72755 7395
6.72806 7675
6.72806 7945
6.72862 8205
6.72862 8457
6.72919 8702
6.72919 8940
6.72976 9171
6.72976 9397
6.72976 9617
6.73032 9832
6.73033 10042
6.73033 10248
6.73088 10450
6.73088 10648
6.73089 10842
6.73145 11033
6.73146 11220
6.73146 11404
6.732 11585
6.732 11763
6.73201 11939
6.73252 12112
6.73252 12283
6.73253 12451
6.73253 12617
6.73302 12781
6.73303 12943
6.73303 13103
6.73303 13261
6.73359 13417
6.73359 13571
6.73359 13723
6.7336 13874
6.73416 14023
6.73416 14170
6.73416 14316
6.73417 14460
6.73471 14603
6.73472 14744
6.73472 14884
6.73472 15023
6.73473 15161
6.73528 15297
6.73528 15432
6.73529 15566
6.73529 15699
6.73529 15831
6.73583 15961
6.73583 16090
6.73583 16218
6.73584 16345
6.73584 16471
6.73638 16596
6.73639 16720
6.73639 16844
6.73639 16967
6.7364 17089
6.73695 17210
6.73696 17330
6.73696 17449
6.73696 17567
6.73697 17685
6.73751 17802
6.73752 17918
6.73752 18033
6.73752 18147
6.73753 18261
6.73753 18374
6.73807 18486
6.73807 18598
6.73808 18709
6.73808 18819
6.73808 18929
6.73809 19038
6.73864 19146
6.73864 19254
6.73864 19361
6.73865 19468
6.73865 19574
6.73865 19679
6.73921 19784
6.73921 19888
6.73921 19992
6.73922 20095
6.73922 20198
6.73923 20300
6.73978 20402
6.73978 20503
6.73978 20604
6.73979 20704
6.73979 20804
6.7398 20903
6.7398 21002
6.74031 21100
6.74031 21198
6.74032 21295
6.74032 21392
6.74032 21488
6.74033 21584
6.74033 21680
6.74085 21775
6.74085 21870
6.74085 21964
6.74086 22058
6.74086 22152
6.74086 22245
6.74087 22338
6.74138 22430
6.74138 22522
6.74138 22614
6.74139 22705
6.74139 22796
6.74139 22886
6.7414 22976
6.74195 23066
6.74195 23155
6.74195 23244
6.74196 23333
6.74196 23421
6.74196 23509
6.74197 23597
6.74252 23684
6.74252 23771
6.74253 10800
6.74367 10992
6.74421 11180
6.74422 11365
6.74422 11547
6.74478 11726
6.74478 11902
6.74479 12076
6.74479 12247
6.74535 12416
6.74536 5040
6.74589 5451
6.7464 5831
6.74691 6186
6.74691 6521
6.74748 6838
6.74748 7141
6.74805 7431
6.74805 7710
6.74862 7978
6.74917 2880
6.74971 3600
6.75028 4176
6.75085 4672
6.75142 5115
6.75195 5520
6.75247 5895
6.75304 6246
6.75472 2880
6.7564 3600
6.75696 4176
6.75754 4672
6.75809 5115
6.75865 5520
6.75922 5895
6.75979 2880
6.76035 3600
6.76092 4176
6.76148 4672
6.76205 5115
6.7626 5520
6.76316 5895
6.76373 6246
6.7643 6577
6.76595 2880
6.76707 3600
6.7676 4176
6.76813 4672
6.7687 5115
6.76926 5520
6.76983 5895
6.77038 6246
6.77038 6577
6.77095 6892
6.77095 7192
6.77152 7480
6.77152 7757
6.77208 8024
6.77209 8282
6.77265 8532
6.77266 8775
6.77321 9011
6.77322 9241
6.77322 9465
6.77379 9684
6.77379 9898
6.77379 10107
6.77436 10312
6.77436 10513
6.77436 10710
6.77491 10903
6.77492 11093
6.77492 11279
6.77548 11462
6.77549 11642
6.77549 11820
6.77606 11995
6.77606 5040
6.77719 5451
6.77776 5831
6.77827 6186
6.77827 6521
6.77878 6838
6.77878 7141
6.77932 7431
6.77933 7710
6.7799 7978
6.78046 2880
6.78101 3600
6.78153 4176
6.78206 4672
6.78263 5115
6.7832 5520
6.78376 5895
6.78431 6246
6.78431 6577
6.78485 6892
6.78485 7192
6.78542 7480
6.78542 7757
6.78599 8024
6.78654 2880
6.78707 3600
6.7876 4176
6.78817 4672
6.78874 5115
6.78931 5520
6.78986 5895
6.79036 6246
6.79037 6577
6.7909 6892
6.7909 7192
6.79147 7480
6.79147 7757
6.79204 8024
6.79204 8282
6.79259 8532
6.79259 8775
6.79315 9011
6.79316 9241
6.79316 9465
6.79373 9684
6.79373 9898
6.79373 10107
6.7943 10312
6.7943 10513
6.79431 10710
6.79486 10903
6.79487 11093
6.79487 11279
6.79543 11462
6.79543 11642
6.79544 11820
6.79598 11995
6.79598 12167
6.79598 12337
6.79599 12505
6.79655 12670
6.79656 5040
6.79712 5451
6.79766 5831
6.79821 6186
6.79821 6521
6.79871 6838
6.79872 7141
6.79927 7431
6.79927 7710
6.79984 7978
6.80041 2880
6.80097 3600
6.80152 4176
6.8021 4672
6.80265 5115
6.80322 5520
6.80378 5895
6.80433 6246
6.80434 6577
6.80491 6892
6.80491 7192
6.80546 7480
6.80547 7757
6.80603 8024
6.80603 8282
6.80659 8532
6.8066 8775
6.80716 9011
6.80717 9241
6.80773 9465
6.80773 3600
6.80829 4176
6.80885 4672
6.80942 5115
6.81055 2880
6.81113 3600
6.81168 4176
6.81224 4672
6.81281 5115
6.81338 5520
6.81394 5895
6.8145 6246
6.8145 6577
6.81507 6892
6.81507 7192
6.81564 7480
6.81565 7757
6.81621 8024
6.81621 8282
6.81678 8532
6.81678 8775
6.81732 9011
6.81732 9241
6.81733 9465
6.81787 9684
6.81788 9898
6.81788 10107
6.81844 10312
6.81845 10513
6.81845 10710
6.81902 10903
6.81902 11093
6.81902 11279
6.81959 11462
6.81959 11642
6.81959 11820
6.82015 11995
6.82015 12167
6.82015 12337
6.82016 12505
6.82072 12670
6.82072 12833
6.82073 12994
6.82073 13153
6.82129 13310
6.8213 13465
6.8213 13618
6.82186 5760
6.82243 6120
6.82243 6458
6.82299 6779
6.82299 7084
6.82356 7376
6.82414 2880
6.8247 3600
6.82523 4176
6.82577 4672
6.82635 5115
6.82745 2880
6.82802 3600
6.82857 4176
6.82914 4672
6.82972 5115
6.83084 2880
6.83139 3600
6.83195 4176
6.83252 4672
6.83308 5115
6.83363 5520
6.83419 5895
6.83476 6246
6.8359 2880
6.83703 3600
6.8376 4176
7.03817 4672
7.03931 2880
7.03986 3600
7.04042 4176
7.04099 4672
7.04156 5115
7.0421 5520
7.04264 5895
7.04319 6246
7.04319 6577
7.04376 6892
7.04377 7192
7.04433 7480
7.04434 7757
7.04487 8024
7.04488 8282
7.04539 8532
7.04539 8775
7.04593 9011
7.04593 9241
7.04593 9465
7.0465 9684
7.0465 9898
7.0465 10107
7.04707 10312
7.04707 10513
7.04708 10710
7.04764 4320
7.0482 4800
7.04877 5232
7.04934 5628
7.0499 5996
7.05043 6341
7.05043 6668
7.05092 6978
7.05092 7275
7.05144 7560
7.05144 7834
7.05201 8098
7.05201 8354
7.05258 8602
7.05313 2880
7.05366 3600
7.05423 4176
7.05481 4672
7.05538 5115
7.05642 2880
7.05697 3600
7.05755 4176
7.25812 4672
7.25915 2880
7.25969 3600
7.26027 4176
7.26083 4672
7.26139 5115
7.26195 5520
7.2625 5895
7.26307 6246
7.26473 2880
7.26638 3600
7.26805 2880
7.26857 3600
7.26913 4176
7.2697 4672
7.27027 5115
7.27079 5520
7.27133 5895
7.27189 6246
7.2719 6577
7.27247 6892
7.27247 7192
7.27303 7480
7.27303 7757
7.27359 8024
7.27359 8282
7.27413 8532
7.27414 8775
7.2747 9011
7.27471 9241
7.27471 9465
7.27528 9684
7.27528 9898
7.27528 10107
7.27582 10312
7.27583 10513
7.27583 10710
7.27637 10903
7.27637 11093
7.27637 11279
7.27693 11462
7.27693 11642
7.27693 11820
7.2775 11995
7.2775 12167
7.2775 12337
7.27751 12505
7.27806 12670
7.27807 12833
7.27807 12994
7.27807 13153
7.27864 13310
7.27864 13465
7.27864 13618
7.27865 13770
7.27919 13920
7.27919 14068
7.2792 14215
7.2792 14360
7.27975 14504
7.27975 14646
7.27975 14787
7.27976 14927
7.2803 15065
7.2803 15202
7.28031 15338
7.28031 15473
7.28031 15607
7.28087 15739
7.28088 6480
7.28253 6800
7.28254 7104
7.28311 7395
7.28368 2880
7.28424 3600
7.28475 4176
7.28526 4672
7.28579 5115
7.28636 5520
7.28692 5895
7.28747 6246
7.28748 6577
7.28804 6892
7.28805 7192
7.28861 7480
7.28862 7757
7.28915 8024
7.28916 8282
7.28968 8532
7.28968 8775
7.29021 9011
7.29021 9241
7.29021 9465
7.29078 9684
7.29078 9898
7.29078 10107
7.29133 10312
7.29133 10513
7.29134 10710
7.29189 10903
7.2919 11093
7.2919 11279
7.29246 11462
7.29247 11642
7.29247 11820
7.29303 11995
7.29303 12167
7.29304 12337
7.29304 12505
7.29361 12670
7.29361 5040
7.29417 5451
7.29474 5831
7.29529 6186
7.29529 6521
7.29586 6838
7.29586 7141
7.29643 7431
7.29643 7710
7.297 7978
7.29755 2880
7.29812 3600
7.29869 4176
7.29923 4672
7.29973 5115
7.30024 5520
7.3008 5895
7.30137 6246
7.30245 2880
7.30354 3600
7.30412 4176
7.30468 4672
7.30522 5115
7.30579 5520
7.30636 5895
7.30691 6246
7.30691 6577
7.30741 6892
7.30741 7192
7.30793 7480
7.30793 7757
7.3085 8024
7.3085 8282
7.30907 8532
7.30907 8775
7.30964 9011
7.30964 9241
7.30965 9465
7.3102 9684
7.31021 9898
7.31021 10107
7.31076 10312
7.31077 10513
7.31077 10710
7.31134 10903
7.31134 11093
7.31134 11279
7.31191 11462
7.31192 4320
7.31246 4800
7.31298 5232
7.31353 5628
7.3141 5996
7.31568 2880
7.31737 3600
7.31898 2880
7.31951 3600
7.32008 4176
7.52065 4672
7.52177 2880
7.52232 3600
7.52285 4176
7.52339 4672
7.52395 5115
7.52452 5520
7.52509 5895
7.52565 6246
7.52565 6577
7.52618 6892
7.52619 7192
7.52673 7480
7.52673 7757
7.5273 8024
7.52787 2880
7.52841 3600
7.52897 4176
7.52954 4672
7.5301 5115
7.53067 5520
7.53124 5895
7.53181 6246
7.53181 6577
7.53237 6892
7.53237 7192
7.53294 7480
7.53294 7757
7.53351 8024
7.53406 2880
7.53462 3600
7.53519 4176
7.53575 4672
7.53633 5115
7.53743 2880
7.53797 3600
7.53854 4176
7.73912 4672
7.7407 2880
7.74179 3600
7.74236 4176
7.74294 4672
7.74349 5115
7.74406 5520
7.74463 5895
7.74517 6246
7.74518 6577
7.74573 6892
7.74574 7192
7.74631 7480
7.74631 7757
7.74685 8024
7.74685 8282
7.74738 8532
7.74738 8775
7.74794 9011
7.74794 9241
7.74795 9465
7.74851 9684
7.74851 9898
7.74852 10107
7.74908 10312
7.74909 10513
7.74909 10710
7.74965 4320
7.75019 4800
7.75074 5232
7.75131 5628
7.75188 5996
7.75239 6341
7.75239 6668
7.75288 6978
7.75288 7275
7.75342 7560
7.75342 7834
7.75399 8098
7.75399 8354
7.75455 8602
7.75456 8843
7.7551 9077
7.7551 9305
7.7551 9527
7.75561 9744
7.75561 9956
7.75562 10164
7.75614 10368
7.75615 10568
7.75615 10764
7.75671 10956
7.75672 11145
7.75672 11331
7.75728 11514
7.75729 11694
7.75729 11871
7.75785 12045
7.75786 12217
7.75786 12386
7.75786 12553
7.75839 12718
7.75839 12881
7.75839 13041
7.7584 13200
7.75892 13357
7.75893 13512
7.75893 13665
7.75893 13816
7.7595 13966
7.7595 14114
7.7595 14260
7.75951 14405
7.76004 14548
7.76004 14690
7.76004 14831
7.76005 14970
7.76005 15108
7.76055 15245
7.76056 15381
7.76056 15515
7.76056 15648
7.76057 15780
7.76105 15911
7.76105 16041
7.76105 16170
7.76106 16298
7.76106 16425
7.76157 16551
7.76157 16676
7.76157 16800
7.76158 16923
7.76158 17045
7.76214 17166
7.76214 17286
7.76214 17405
7.76215 17524
7.76215 17642
7.76271 17759
7.76271 17875
7.76271 17991
7.76272 7920
7.76328 8181
7.7638 8434
7.7638 8679
7.76433 8917
7.76433 9149
7.76434 9375
7.76491 9596
7.76548 3600
7.76652 4176
7.76702 4672
7.76757 5115
7.76814 5520
7.76872 5895
7.76927 6246
7.76927 6577
7.76984 6892
7.76984 7192
7.77041 7480
7.77042 7757
7.77099 8024
7.77156 2880
7.77267 3600
7.97324 4176
8.97324 1440
9.17379 2880
9.17435 3600
9.1749 4176
9.17547 4672
9.17604 5115
9.17659 5520
9.17709 5895
9.17761 6246
9.17761 6577
9.17817 6892
9.17817 7192
9.17874 7480
9.17874 7757
9.17931 8024
9.17931 8282
9.17985 8532
9.17986 8775
9.18039 9011
9.18039 9241
9.18039 9465
9.18094 9684
9.18095 9898
9.18095 10107
9.18152 10312
9.18152 10513
9.18152 10710
9.18209 10903
9.18209 11093
9.18209 11279
9.18262 11462
9.18262 11642
9.18262 11820
9.18313 11995
9.18314 12167
9.18314 12337
9.18314 12505
9.18368 12670
9.18368 12833
9.18368 12994
9.18369 13153
9.18425 13310
9.18425 13465
9.18426 13618
9.18426 13770
9.18482 13920
9.18482 14068
9.18483 14215
9.18483 14360
9.18537 14504
9.18537 14646
9.18537 14787
9.18538 14927
9.1859 15065
9.1859 15202
9.18591 15338
9.18591 15473
9.18591 15607
9.18647 15739
9.18647 15870
9.18647 16000
9.18648 16129
9.18648 16257
9.18704 16384
9.18704 16510
9.18705 7200
9.18762 7488
9.18817 7764
9.18818 8031
9.1887 8289
9.1887 8539
9.18927 8781
9.18928 9017
9.18985 9246
9.19041 3600
9.19152 4176
9.1921 4672
9.19267 5115
9.19317 5520
9.19368 5895
9.19419 6246
9.19419 6577
9.19477 6892
9.19534 2880
9.19587 3600
9.19641 4176
9.19698 4672
9.19756 5115
9.19862 2880
9.19913 3600
9.1997 4176
9.20027 4672
9.20085 5115
9.20137 5520
9.20187 5895
9.20242 6246
9.20242 6577
9.20299 6892
9.20356 2880
9.20412 3600
9.20469 4176
9.20526 4672
9.20583 5115
9.20637 5520
9.20693 5895
9.2075 6246
9.2075 6577
9.20807 6892
9.20864 2880
9.20917 3600
9.20969 4176
9.21025 4672
9.21082 5115
9.21194 2880
9.21248 3600
9.21305 4176
9.21362 4672
9.21418 5115
9.21472 5520
9.21526 5895
9.21584 6246
9.21697 2880
9.21804 3600
9.21859 4176
9.21916 4672
9.21973 5115
9.22025 5520
9.22076 5895
9.22131 6246
9.22132 6577
9.22189 6892
9.22189 7192
9.22246 7480
9.22246 7757
9.22301 8024
9.22301 8282
9.22353 8532
9.22353 8775
9.22405 9011
9.22405 9241
9.22405 9465
9.22462 9684
9.22462 9898
9.22462 10107
9.22519 10312
9.22519 10513
9.2252 10710
9.22575 10903
9.22575 11093
9.22576 11279
9.22631 11462
9.22631 11642
9.22631 11820
9.22688 11995
9.22688 5040
9.22852 5451
9.22852 5831
9.22902 6186
9.22902 6521
9.22953 6838
9.22954 7141
9.2301 7431
9.2301 7710
9.23067 7978
9.23067 8237
9.23124 8488
9.23125 8732
9.23182 8969
9.23235 3600
9.23347 4176
9.23403 4672
9.23459 5115
9.23516 5520
9.23573 5895
9.23629 6246
9.2363 6577
9.23685 6892
9.23686 7192
9.23743 7480
9.23743 7757
9.238 8024
9.238 8282
9.23855 8532
9.23856 8775
9.23911 9011
9.23911 9241
9.23912 9465
9.23968 9684
9.23969 9898
9.23969 10107
9.24026 10312
9.24026 10513
9.24026 10710
9.24083 4320
9.24137 4800
9.24188 5232
9.24243 5628
9.243 5996
9.24357 6341
9.24466 2880
9.24571 3600
9.24627 4176
9.44685 4672
9.44851 2880
9.44962 3600
9.45019 4176
9.45074 4672
9.45127 5115
9.45178 5520
9.45235 5895
9.45399 2880
9.45571 3600
9.45737 2880
9.45794 3600
9.45851 4176
9.45904 4672
9.45959 5115
9.46016 5520
9.46073 5895
9.46126 6246
9.46127 6577
9.46183 6892
9.46183 7192
9.4624 7480
9.4624 7757
9.46297 8024
9.46354 2880
9.46411 3600
9.46468 4176
9.66525 4672
9.66638 2880
9.66696 3600
9.66753 4176
9.66808 4672
9.66859 5115
9.66909 5520
9.66961 5895
9.67016 6246
9.67016 6577
9.67074 6892
9.67129 2880
9.67182 3600
9.67235 4176
9.67292 4672
9.67349 5115
9.67406 5520
9.6746 5895
9.67517 6246
9.67517 6577
9.67574 6892
9.67574 7192
9.67631 7480
9.67631 7757
9.67688 8024
9.67688 8282
9.67743 8532
9.67744 8775
9.678 9011
9.678 9241
9.67801 9465
9.67858 9684
9.67858 3600
9.67914 4176
9.67967 4672
9.68019 5115
9.68075 5520
9.68132 5895
9.68293 2880
9.68455 3600
9.68512 4176
9.68567 4672
9.68625 5115
9.68739 2880
9.6879 3600
9.6884 4176
9.68896 4672
9.68954 5115
9.69011 5520
9.69063 5895
9.69114 6246
9.69114 6577
9.69169 6892
9.69169 7192
9.69226 7480
9.69227 7757
9.69284 8024
9.69284 8282
9.69337 8532
9.69337 8775
9.6939 9011
9.6939 9241
9.69391 9465
9.69447 9684
9.69447 9898
9.69447 10107
9.69504 10312
9.69504 10513
9.69504 10710
9.69561 10903
9.69561 11093
9.69561 11279
9.69613 11462
9.69613 11642
9.69614 11820
9.69666 11995
9.69666 12167
9.69666 12337
9.69667 12505
9.69718 12670
9.69718 12833
9.69718 12994
9.69719 13153
9.69775 13310
9.69775 13465
9.69776 13618
9.69776 13770
9.69832 13920
9.69832 14068
9.69832 14215
9.69833 14360
9.69888 14504
9.69888 14646
9.69889 14787
9.69889 14927
9.69944 15065
9.69945 15202
9.69945 15338
9.69945 15473
9.69946 15607
9.70002 15739
9.70002 6480
9.70058 6800
9.70115 7104
9.70115 7395
9.70169 7675
9.70169 7945
9.70226 8205
9.70226 8457
9.70282 8702
9.70283 8940
9.70339 9171
9.70339 9397
9.70339 9617
9.70392 9832
9.70392 10042
9.70393 10248
9.70445 10450
9.70445 10648
9.70445 10842
9.70499 11033
9.70499 11220
9.70499 11404
9.70556 11585
9.70556 5040
9.70614 5451
9.70668 5831
9.70723 6186
9.70723 6521
9.7078 6838
9.70781 7141
9.70838 7431
9.70838 7710
9.70894 7978
9.70894 8237
9.7095 8488
9.70951 8732
9.71007 8969
9.71008 9200
9.71065 9425
9.71121 3600
9.71234 4176
9.71291 4672
9.71347 5115
9.71401 5520
9.71456 5895
9.71514 6246
9.71628 2880
9.71742 3600
9.71912 2880
9.71969 3600
9.72024 4176
9.72081 4672
9.72138 5115
9.72195 5520
9.72252 5895
9.72305 6246
9.72305 6577
9.72358 6892
9.72359 7192
9.72415 7480
9.72416 7757
9.72473 8024
9.72473 8282
9.72528 8532
9.72529 8775
9.72583 9011
9.72583 9241
9.72584 9465
9.7264 9684
9.72641 9898
9.72641 10107
9.72697 10312
9.72698 10513
9.72698 10710
9.72754 10903
9.72755 11093
9.72755 11279
9.72811 11462
9.72811 11642
9.72811 11820
9.72867 11995
9.72867 12167
9.72868 12337
9.72868 12505
9.72923 12670
9.72924 12833
9.72924 12994
9.72924 13153
9.7298 13310
9.72981 13465
9.72981 13618
9.72981 13770
9.73037 13920
9.73038 14068
9.73038 14215
9.73038 14360
9.73093 14504
9.73093 14646
9.73093 14787
9.73094 14927
9.73147 15065
9.73148 15202
9.73148 15338
9.73148 15473
9.73149 15607
9.73205 15739
9.73205 15870
9.73205 16000
9.73206 16129
9.73206 16257
9.73262 16384
9.73262 16510
9.73262 16635
9.73263 16759
9.73263 16882
9.73318 17004
9.73318 17125
9.73319 17246
9.73319 17366
9.73319 17485
9.73371 17603
9.73372 17720
9.73372 17837
9.73372 17953
9.73373 18068
9.73373 18182
9.73422 18296
9.73423 18409
9.73423 18521
9.73423 18632
9.73424 18743
9.73424 18853
9.73477 18962
9.73477 19071
9.73478 19179
9.73478 19287
9.73478 19394
9.73479 19500
9.73534 19606
9.73534 19711
9.73535 19816
9.73535 19920
9.73535 20024
9.73536 20127
9.73591 20230
9.73591 20332
9.73592 20433
9.73592 20534
9.73592 20634
9.73593 20734
9.73647 20834
9.73647 20933
9.73647 21032
9.73648 21130
9.73648 21228
9.73648 21325
9.73649 21422
9.73701 21518
9.73701 21614
9.73701 21709
9.73702 21804
9.73702 21899
9.73702 21993
9.73703 22087
9.73755 22180
9.73755 22273
9.73755 22366
9.73756 22458
9.73756 22550
9.73756 22641
9.73757 22732
9.73812 22823
9.73812 22913
9.73812 23003
9.73813 23093
9.73813 23182
9.73813 23271
9.73814 23360
9.73869 23448
9.73869 23536
9.7387 23624
9.7387 23711
9.7387 23798
9.73871 10800
9.73925 10992
9.73975 11180
9.73975 11365
9.73976 11547
9.74023 11726
9.74024 11902
9.74024 12076
9.74024 12247
9.74078 12416
9.74079 12583
9.74079 12747
9.74079 12909
9.74135 13069
9.74135 13227
9.74136 13383
9.74136 13537
9.74192 13690
9.74193 13841
9.74193 13990
9.74193 14138
9.74247 14284
9.74247 14429
9.74248 14572
9.74248 14714
9.74304 14854
9.74304 14993
9.74305 15131
9.74305 6480
9.74417 6800
9.7447 7104
9.74471 7395
9.7452 7675
9.7452 7945
9.74572 8205
9.74573 8457
9.7463 8702
9.74686 3600
9.7474 4176
9.74798 4672
9.74854 5115
9.74903 5520
9.74953 5895
9.75006 6246
9.75006 6577
9.75063 6892
9.75063 7192
9.7512 7480
9.75121 7757
9.75177 8024
9.75177 8282
9.75226 8532
9.75227 8775
9.75276 9011
9.75277 9241
9.75277 9465
9.7533 9684
9.7533 9898
9.75331 10107
9.75387 10312
9.75387 10513
9.75388 10710
9.75444 10903
9.75444 11093
9.75445 11279
9.755 11462
9.755 11642
9.755 11820
9.75554 11995
9.75555 12167
9.75555 12337
9.75555 12505
9.75612 12670
9.75612 12833
9.75612 12994
9.75613 13153
9.75668 13310
9.75669 13465
9.75669 13618
9.75669 13770
9.75724 13920
9.75724 14068
9.75724 14215
9.75725 14360
9.75778 14504
9.75778 14646
9.75779 14787
9.75779 14927
9.75835 15065
9.75836 6480
9.75947 6800
9.75999 7104
9.75999 7395
9.7605 7675
9.7605 7945
9.76105 8205
9.76105 8457
9.76162 8702
9.7622 3600
9.76386 4176
9.76443 4672
9.76501 5115
9.76555 5520
9.76605 5895
9.7666 6246
9.7666 6577
9.76718 6892
9.76718 7192
9.76774 7480
9.76775 7757
9.76827 8024
9.76828 8282
9.76879 8532
9.76879 8775
9.76933 9011
9.76933 9241
9.76933 9465
9.7699 9684
9.76991 3600
9.77047 4176
9.77102 4672
9.77154 5115
9.77209 5520
9.77267 5895
9.77323 2880
9.77379 3600
9.77433 4176
9.77487 4672
9.77544 5115
9.77656 2880
9.77708 3600
9.7776 4176
9.77816 4672
9.77873 5115
9.77929 5520
9.77984 5895
9.78041 6246
9.78153 2880
9.78258 3600
9.78314 4176
9.78372 4672
9.78428 5115
9.78482 5520
9.78535 5895
9.7859 6246
9.78591 6577
9.78648 6892
9.78704 2880
9.78758 3600
9.78809 4176
9.78863 4672
9.78921 5115
9.79033 2880
9.79085 3600
9.7914 4176
9.79198 4672
9.79255 5115
9.79353 2880
9.79399 3600
9.79452 4176
9.99509 4672
9.99624 2880
9.99674 3600
9.99727 4176
9.99783 4672
9.99841 5115
9.99954 2880
10.0001 3600
10.0007 4176
10.0012 4672
10.0018 5115
10.0023 5520
10.0029 5895
10.0035 2880
10.004 3600
10.0046 4176
10.005 4672
10.0056 5115
10.0061 5520
10.0067 5895
10.0073 2880
10.0078 3600
10.0084 4176
10.0089 4672
10.0095 5115
10.0101 5520
10.0106 5895
10.0112 6246
10.0128 2880
10.0144 3600
10.0161 2880
10.0167 3600
10.0173 4176
10.0178 4672
10.0184 5115
10.0189 5520
10.0194 5895
10.02 6246
10.0206 6577
10.0211 2880
10.0217 3600
10.0223 4176
10.0228 4672
10.0234 5115
10.0239 5520
10.0245 5895
10.025 6246
10.0261 2880
10.0272 3600
10.0278 4176
10.0284 4672
10.029 5115
10.0295 5520
10.0301 5895
10.0317 2880
10.0334 3600
10.035 2880
10.0356 3600
10.0362 4176
10.0368 4672
10.0373 5115
10.0378 5520
10.0384 5895
10.0389 6246
10.0406 2880
10.0423 3600
10.0428 4176
10.0433 4672
10.0439 5115
10.0445 5520
10.045 5895
10.0456 6246
10.0456 6577
10.0461 6892
10.0461 7192
10.0467 7480
10.0467 7757
10.0473 8024
10.0473 8282
10.0478 8532
10.0478 8775
10.0484 9011
10.0484 9241
10.0484 9465
10.0489 9684
10.0489 9898
10.0489 10107
10.0495 10312
10.0495 10513
10.0495 10710
10.05 4320
10.0506 4800
10.0511 5232
10.0516 5628
10.0522 5996
10.0527 2880
10.0532 3600
10.0538 4176
10.0543 4672
10.0549 5115
10.0554 5520
10.056 5895
10.0566 6246
10.0566 6577
10.0572 6892
10.0572 7192
10.0577 7480
10.0577 7757
10.0583 8024
10.0583 8282
10.0589 8532
10.0589 8775
10.0594 9011
10.0594 9241
10.06 9465
10.06 3600
10.0606 4176
10.0611 4672
10.0617 5115
10.0623 5520
10.0628 5895
10.0634 6246
10.0634 6577
10.064 6892
10.064 7192
10.0645 7480
10.0645 7757
10.0651 8024
10.0651 8282
10.0657 8532
10.0657 8775
10.0662 9011
10.0662 9241
10.0668 9465
10.0668 3600
10.0673 4176
10.0679 4672
10.0684 5115
10.0696 2880
10.0701 3600
10.0707 4176
10.2713 4672
10.2724 2880
10.2729 3600
10.2734 4176
10.274 4672
10.2745 5115
10.2751 5520
10.2757 5895
10.2762 6246
10.2762 6577
10.2768 6892
10.2768 7192
10.2773 7480
10.2773 7757
10.2779 8024
10.2779 8282
10.2784 8532
10.2784 8775
10.2789 9011
10.279 9241
10.279 9465
10.2795 9684
10.2795 9898
10.2795 10107
10.28 10312
10.28 10513
10.28 10710
10.2806 4320
10.2811 4800
10.2817 5232
10.2822 5628
10.2827 5996
10.2833 6341
10.2833 6668
10.2839 6978
10.2839 7275
10.2844 7560
10.2844 7834
10.285 8098
10.285 8354
10.2856 8602
10.2856 8843
10.2861 9077
10.2861 9305
10.2861 9527
10.2867 9744
10.2867 3600
10.2872 4176
10.2877 4672
10.2882 5115
10.2888 5520
10.2894 5895
10.2899 6246
10.2899 6577
10.2905 6892
10.2911 2880
10.2916 3600
10.2921 4176
10.2926 4672
10.2932 5115
10.2937 5520
10.2943 5895
10.2948 6246
10.2949 6577
10.2954 6892
10.2954 7192
10.2959 7480
10.2959 7757
10.2965 8024
10.2971 2880
10.2976 3600
10.2982 4176
10.2987 4672
10.2992 5115
10.2998 5520
10.3003 5895
10.3009 6246
10.3009 6577
10.3014 6892
10.3014 7192
10.302 7480
10.302 7757
10.3026 8024
10.3032 2880
10.3037 3600
10.3042 4176
10.3046 4672
10.3052 5115
10.3058 5520
10.3063 5895
10.3069 6246
10.3069 6577
10.3075 6892
10.3075 7192
10.308 7480
10.308 7757
10.3086 8024
10.3086 8282
10.3091 8532
10.3091 8775
10.3096 9011
10.3096 9241
10.3096 9465
10.3102 9684
10.3102 9898
10.3102 10107
10.3108 10312
10.3108 10513
10.3108 10710
10.3113 10903
10.3113 11093
10.3113 11279
10.3119 11462
10.3119 11642
10.3119 11820
10.3124 11995
10.3124 12167
10.3124 12337
10.3124 12505
10.313 12670
10.313 5040
10.3136 5451
10.3141 5831
10.3146 6186
10.3146 6521
10.3151 6838
10.3152 7141
10.3157 7431
10.3157 7710
10.3163 7978
10.3169 2880
10.3174 3600
10.3179 4176
10.3185 4672
10.319 5115
10.3201 2880
10.3207 3600
10.3212 4176
10.3218 4672
10.3224 5115
10.3229 5520
10.3234 5895
10.324 6246
10.3251 2880
10.3262 3600
10.3267 4176
10.3273 4672
10.3279 5115
10.3283 5520
10.3288 5895
10.3293 6246
10.3293 6577
10.3298 6892
10.3298 7192
10.3303 7480
10.3304 7757
10.3309 8024
10.3315 2880
10.332 3600
10.3326 4176
10.3331 4672
10.3337 5115
10.3343 5520
10.3348 5895
10.3354 6246
10.3354 6577
10.336 6892
10.336 7192
10.3365 7480
10.3365 7757
10.3371 8024
10.3371 8282
10.3377 8532
10.3377 8775
10.3382 9011
10.3382 9241
10.3382 9465
10.3388 9684
10.3388 9898
10.3388 10107
10.3393 10312
10.3393 10513
10.3393 10710
10.3399 10903
10.3399 11093
10.3399 11279
10.3405 11462
10.3405 11642
10.3405 11820
10.341 11995
10.341 12167
10.341 12337
10.341 12505
10.3415 12670
10.3415 12833
10.3415 12994
10.3415 13153
10.3421 13310
10.3421 13465
10.3421 13618
10.3421 13770
10.3426 13920
10.3426 14068
10.3426 14215
10.3426 14360
10.3432 14504
10.3432 14646
10.3432 14787
10.3432 14927
10.3437 15065
10.3437 15202
10.3437 15338
10.3437 15473
10.3437 15607
10.3442 15739
10.3442 15870
10.3442 16000
10.3442 16129
10.3443 16257
10.3448 16384
10.3448 16510
10.3448 16635
10.3448 16759
10.3448 16882
10.3454 17004
10.3454 17125
10.3454 17246
10.3454 17366
10.3454 17485
10.3459 17603
10.3459 17720
10.346 17837
10.346 17953
10.346 18068
10.346 18182
10.3465 18296
10.3465 18409
10.3465 18521
10.3465 18632
10.3465 18743
10.3465 18853
10.347 18962
10.347 19071
10.347 19179
10.347 19287
10.347 19394
10.347 19500
10.3475 19606
10.3475 19711
10.3475 19816
10.3475 19920
10.3475 20024
10.3475 20127
10.3481 20230
10.3481 20332
10.3481 20433
10.3481 20534
10.3481 20634
10.3481 20734
10.3487 20834
10.3487 20933
10.3487 9360
10.3492 9581
10.3498 9797
10.3498 10008
10.3498 10215
10.3504 10417
10.3504 10616
10.3504 10811
10.351 4320
10.3515 4800
10.3521 5232
10.3526 5628
10.3532 5996
10.3543 2880
10.3554 3600
10.356 4176
10.5565 4672
10.5577 2880
10.5582 3600
10.5588 4176
10.7593 4672
10.7605 2880
10.761 3600
10.7615 4176
10.762 4672
10.7626 5115
10.7632 5520
10.7637 5895
10.7643 6246
10.7643 6577
10.7649 6892
10.7654 2880
10.766 3600
10.7666 4176
10.7671 4672
10.7677 5115
10.7682 5520
10.7688 5895
10.7694 6246
10.7694 6577
10.7699 6892
10.7699 7192
10.7705 7480
10.7705 7757
10.771 8024
10.771 8282
10.7716 8532
10.7716 8775
10.7721 9011
10.7721 9241
10.7721 9465
10.7727 9684
10.7727 3600
10.7733 4176
10.7738 4672
10.7744 5115
10.7749 5520
10.7755 5895
10.7761 6246
10.7767 6577
10.7772 2880
10.7778 3600
10.7784 4176
10.7789 4672
10.7795 5115
10.7806 2880
10.7812 3600
10.7818 4176
10.7823 4672
10.7829 5115
10.7834 5520
10.784 5895
10.7846 6246
10.7846 6577
10.7851 6892
10.7851 7192
10.7856 7480
10.7856 7757
10.7861 8024
10.7861 8282
10.7867 8532
10.7867 8775
10.7872 9011
10.7872 9241
10.7878 3600
10.7888 4176
10.7894 4672
10.79 5115
10.7911 2880
10.7916 3600
10.7921 4176
10.7926 4672
10.7932 5115
10.7943 2880
10.7949 3600
10.7955 4176
10.796 4672
10.7966 5115
10.7972 5520
10.7977 5895
10.7983 6246
10.7983 6577
10.7989 6892
10.7989 7192
10.7994 7480
10.7994 7757
10.8 8024
10.8 8282
10.8005 8532
10.8006 8775
10.8011 9011
10.8011 9241
10.8011 9465
10.8016 9684
10.8016 9898
10.8016 10107
10.8021 10312
10.8021 10513
10.8021 10710
10.8026 10903
10.8026 11093
10.8026 11279
10.8032 11462
10.8032 11642
10.8032 11820
10.8037 11995
10.8037 12167
10.8037 12337
10.8037 12505
10.8043 12670
10.8043 12833
10.8043 12994
10.8043 13153
10.8049 13310
10.8049 13465
10.8049 13618
10.8054 5760
10.806 6120
10.806 6458
10.8066 6779
10.8066 7084
10.8071 7376
10.8071 7657
10.8077 7927
10.8077 8188
10.8083 8441
10.8083 8686
10.8088 8924
10.8094 3600
10.8105 4176
10.811 4672
10.8116 5115
10.8127 2880
10.8132 3600
10.8137 4176
10.8143 4672
10.8149 5115
10.8154 5520
10.816 5895
10.8165 6246
10.8182 2880
10.8199 3600
10.8205 4176
10.821 4672
10.8216 5115
10.8227 2880
10.8233 3600
10.8238 4176
10.8244 4672
10.825 5115
10.8261 2880
10.8266 3600
10.8272 4176
10.8278 4672
10.8283 5115
10.8289 5520
10.8295 5895
10.8311 2880
10.8328 3600
10.8334 4176
10.8339 4672
10.8344 5115
10.835 5520
10.8356 5895
10.8361 2880
10.8367 3600
10.8371 4176
10.8377 4672
10.8382 5115
10.8388 5520
10.8393 5895
10.8399 6246
10.8399 6577
10.8404 6892
10.8404 7192
10.841 7480
10.841 7757
10.8416 8024
10.8416 8282
10.8421 8532
10.8421 8775
10.8426 9011
10.8426 9241
10.8426 9465
10.8432 9684
10.8432 9898
10.8432 10107
10.8437 10312
10.8437 10513
10.8437 10710
10.8443 4320
10.8449 4800
10.8454 5232
10.8459 5628
10.8464 5996
10.847 6341
10.847 6668
10.8475 6978
10.8475 7275
10.8481 7560
10.8481 7834
10.8486 8098
10.8486 8354
10.8492 8602
10.8498 2880
10.8503 3600
10.8509 4176
10.8514 4672
10.852 5115
10.8531 2880
10.8537 3600
10.8542 4176
10.8548 4672
10.8554 5115
10.8559 5520
10.8565 5895
10.8571 6246
10.8576 6577
10.8582 2880
10.8587 3600
10.8593 4176
10.8599 4672
10.8604 5115
10.861 5520
10.8616 5895
10.8621 6246
10.8621 6577
10.8627 6892
10.8627 7192
10.8633 7480
10.8633 7757
10.8638 8024
10.8638 8282
10.8644 8532
10.8644 8775
10.865 9011
10.865 9241
10.8655 9465
10.8655 3600
10.8661 4176
10.8667 4672
10.8672 5115
10.8678 5520
10.8684 5895
10.8689 6246
10.8689 6577
10.8695 6892
10.8695 7192
10.87 7480
10.87 7757
10.8706 8024
10.8706 8282
10.8711 8532
10.8711 8775
10.8717 9011
10.8717 9241
10.8717 9465
10.8723 9684
10.8723 9898
10.8723 10107
10.8728 10312
10.8728 10513
10.8728 10710
10.8734 10903
10.8734 11093
10.8734 11279
10.874 11462
10.874 4320
10.8745 4800
10.875 5232
10.8756 5628
10.8761 5996
10.8767 6341
10.8778 2880
10.8789 3600
10.8795 4176
10.8801 4672
10.8806 5115
10.8812 5520
10.8817 5895
10.8823 6246
10.8823 6577
10.8828 6892
10.8828 7192
10.8834 7480
10.8834 7757
10.884 8024
10.884 8282
10.8846 8532
10.8846 8775
10.8851 9011
10.8851 9241
10.8851 9465
10.8857 9684
10.8857 3600
10.8863 4176
10.8868 4672
10.8874 5115
10.8879 5520
10.8885 5895
10.8891 2880
10.8896 3600
10.8901 4176
10.8907 4672
10.8913 5115
10.8918 5520
10.8924 5895
10.893 6246
10.8935 6577
10.8941 2880
10.8946 3600
10.8952 4176
10.8957 4672
10.8963 5115
10.8969 5520
10.8974 5895
10.8979 6246
10.8979 6577
10.8985 6892
10.8991 2880
10.8996 3600
10.9002 4176
10.9007 4672
10.9012 5115
10.9018 5520
10.9024 5895
10.9029 6246
10.9029 6577
10.9035 6892
10.9035 7192
10.9041 7480
10.9041 7757
10.9046 8024
10.9046 8282
10.9052 8532
10.9052 8775
10.9057 9011
10.9057 9241
10.9057 9465
10.9062 9684
10.9063 3600
10.9068 4176
10.9074 4672
10.9079 5115
10.9084 5520
10.909 5895
10.9095 6246
10.9107 2880
10.9117 3600
10.9123 4176
10.9128 4672
10.9134 5115
10.9139 5520
10.9145 5895
10.9151 6246
10.9162 2880
10.9173 3600
10.919 2880
10.9196 3600
10.9201 4176
10.9207 4672
10.9212 5115
10.9218 5520
10.9223 5895
10.9229 6246
10.9235 6577
10.924 2880
10.9246 3600
10.9251 4176
10.9257 4672
10.9262 5115
10.9268 5520
10.9273 5895
10.9278 6246
10.9278 6577
10.9283 6892
10.9283 7192
10.9289 7480
10.9289 7757
10.9295 8024
10.9295 8282
10.93 8532
10.93 8775
10.9306 9011
10.9306 9241
10.9306 9465
10.9312 9684
10.9312 9898
10.9312 10107
10.9317 10312
10.9317 10513
10.9317 10710
10.9323 10903
10.9323 11093
10.9323 11279
10.9328 11462
10.9328 11642
10.9328 11820
10.9333 11995
10.9333 12167
10.9334 12337
10.9334 12505
10.9339 12670
10.9339 12833
10.9339 12994
10.9339 13153
10.9345 13310
10.9345 13465
10.9345 13618
10.9345 13770
10.9351 13920
10.9351 14068
10.9351 14215
10.9351 14360
10.9356 14504
10.9356 14646
10.9356 14787
10.9356 14927
10.9361 15065
10.9361 15202
10.9361 15338
10.9361 15473
10.9361 15607
10.9367 15739
10.9367 15870
10.9367 16000
10.9367 16129
10.9367 16257
10.9372 16384
10.9372 16510
10.9372 16635
10.9372 16759
10.9378 7200
10.9384 7488
10.9384 7764
10.9384 8031
10.9389 8289
10.9389 8539
10.9394 8781
10.9394 9017
10.9399 9246
10.9399 9470
10.9399 9688
10.9405 9902
10.9405 10111
10.9405 10316
10.941 10517
10.941 10714
10.941 10907
10.9416 11097
10.9416 11283
10.9416 11466
10.9421 11646
10.9422 11824
10.9422 11999
10.9427 12171
10.9427 12341
10.9427 12509
10.9427 12674
10.9433 12837
10.9433 5040
10.9444 5451
10.9449 5831
10.9455 6186
10.9466 2880
10.9477 3600
10.9482 4176
10.9488 4672
10.9493 5115
10.9499 5520
10.9504 5895
10.951 6246
10.951 6577
10.9516 6892
10.9516 7192
10.9521 7480
10.9521 7757
10.9527 8024
10.9527 8282
10.9532 8532
10.9532 8775
10.9537 9011
10.9537 9241
10.9537 9465
10.9543 9684
10.9543 9898
10.9543 10107
10.9549 10312
10.9549 10513
10.9549 10710
10.9554 10903
10.9554 11093
10.9554 11279
10.956 11462
10.956 11642
10.956 11820
10.9565 11995
10.9565 12167
10.9565 12337
10.9565 12505
10.957 12670
10.957 12833
10.957 12994
10.9571 13153
10.9576 13310
10.9576 13465
10.9576 13618
10.9576 13770
10.9582 13920
10.9582 14068
10.9582 14215
10.9582 14360
10.9587 14504
10.9587 14646
10.9587 14787
10.9587 14927
10.9593 15065
10.9593 15202
10.9593 15338
10.9593 15473
10.9593 15607
10.9598 15739
10.9598 15870
10.9598 16000
10.9598 16129
10.9599 16257
10.9604 16384
10.9604 16510
10.9604 16635
10.9604 16759
10.9604 16882
10.9609 17004
10.961 17125
10.961 17246
10.961 17366
10.961 17485
10.9615 17603
10.9615 17720
10.9615 17837
10.9615 17953
10.9615 18068
10.9615 18182
10.9621 18296
10.9621 18409
10.9621 18521
10.9621 18632
10.9621 18743
10.9621 18853
10.9626 18962
10.9626 19071
10.9626 19179
10.9626 19287
10.9627 19394
10.9627 19500
10.9632 19606
10.9632 19711
10.9632 19816
10.9632 19920
10.9632 20024
10.9632 20127
10.9638 20230
10.9638 20332
10.9638 20433
10.9638 20534
10.9638 20634
10.9638 20734
10.9643 20834
10.9643 20933
10.9644 21032
10.9644 21130
10.9644 21228
10.9644 21325
10.9644 21422
10.9649 21518
10.9649 21614
10.9649 21709
10.9649 21804
10.9649 21899
10.9649 21993
10.9649 22087
10.9655 22180
10.9655 22273
10.9655 22366
10.9655 22458
10.9655 22550
10.9655 22641
10.9655 22732
10.966 22823
10.966 22913
10.966 23003
10.966 23093
10.966 23182
10.966 23271
10.966 23360
10.9666 23448
10.9666 23536
10.9666 23624
10.9666 23711
10.9666 23798
10.9666 10800
10.9672 10992
10.9677 11180
10.9677 11365
10.9677 11547
10.9683 11726
10.9683 11902
10.9683 12076
10.9683 12247
10.9689 12416
10.9689 12583
10.9689 12747
10.9689 12909
10.9694 13069
10.9694 13227
10.9694 13383
10.9694 13537
10.9699 13690
10.9699 13841
10.9699 13990
10.9699 14138
10.9704 14284
10.9704 14429
10.9704 14572
10.9704 14714
10.971 14854
10.971 14993
10.971 15131
10.971 15268
10.971 15403
10.9715 15537
10.9716 15670
10.9716 15802
10.9716 15933
10.9716 16063
10.9721 16192
10.9721 16320
10.9721 16447
10.9721 16573
10.9727 7200
10.9738 7488
10.9743 2880
10.9749 3600
10.9754 4176
10.976 4672
10.9766 5115
10.9772 5520
10.9777 5895
10.9783 6246
10.9789 6577
10.9794 2880
10.9799 3600
10.9804 4176
10.981 4672
10.9816 5115
10.9821 5520
10.9826 5895
10.9832 6246
10.9832 6577
10.9837 6892
10.9837 7192
10.9843 7480
10.9843 7757
10.9849 8024
10.9849 8282
10.9854 8532
10.9854 8775
10.9859 9011
10.9859 9241
10.9859 9465
10.9865 9684
10.9865 9898
10.9865 10107
10.9871 10312
10.9871 10513
10.9871 10710
10.9876 10903
10.9876 11093
10.9876 11279
10.9881 11462
10.9881 11642
10.9881 11820
10.9885 11995
10.9885 12167
10.9885 12337
10.9886 12505
10.989 12670
10.989 12833
10.989 12994
10.989 13153
10.9895 13310
10.9895 13465
10.9895 13618
10.9896 13770
10.9901 13920
10.9901 14068
10.9901 14215
10.9901 14360
10.9907 14504
10.9907 14646
10.9907 14787
10.9907 14927
10.9912 15065
10.9912 15202
10.9912 15338
10.9912 15473
10.9912 15607
10.9918 15739
10.9918 15870
10.9918 16000
10.9918 16129
10.9918 16257
10.9923 16384
10.9923 16510
10.9923 16635
10.9923 16759
10.9923 16882
10.9929 17004
10.9929 17125
10.9929 17246
10.9929 17366
10.9929 17485
10.9935 17603
10.9935 7920
10.9945 8181
10.9951 8434
10.9951 8679
10.9956 8917
10.9962 3600
10.9973 4176
10.9979 4672
10.9984 5115
10.9989 5520
10.9995 5895
11 6246
11 6577
11.0006 6892
11.0006 7192
11.0011 7480
11.0011 7757
11.0016 8024
11.0016 8282
11.0021 8532
11.0021 8775
11.0026 9011
11.0026 9241
11.0026 9465
11.0032 9684
11.0032 9898
11.0032 10107
11.0038 10312
11.0038 10513
11.0038 10710
11.0043 10903
11.0043 11093
11.0043 11279
11.0049 11462
11.0049 11642
11.0049 11820
11.0055 11995
11.0055 12167
11.0055 12337
11.0055 12505
11.006 12670
11.006 12833
11.006 12994
11.006 13153
11.0066 13310
11.0066 13465
11.0066 13618
11.0072 5760
11.0077 6120
11.0077 6458
11.0083 6779
11.0083 7084
11.0089 7376
11.0089 7657
11.0094 7927
11.0094 8188
11.01 8441
11.01 8686
11.0104 8924
11.0104 9156
11.0104 9382
11.0109 9603
11.0109 9818
11.0109 10029
11.0114 10235
11.0114 10437
11.0114 10635
11.012 10829
11.012 11020
11.012 11208
11.0126 11393
11.0126 11575
11.0126 11754
11.0131 11930
11.0131 12103
11.0132 12274
11.0137 5040
11.0143 5451
11.0148 5831
11.0154 6186
11.0154 6521
11.0159 6838
11.0159 7141
11.0165 7431
11.0165 7710
11.017 7978
11.0176 2880
11.0181 3600
11.0186 4176
11.0191 4672
11.0197 5115
11.0203 5520
11.0208 5895
11.0214 6246
11.0214 6577
11.0219 6892
11.0219 7192
11.0224 7480
11.0224 7757
11.023 8024
11.023 8282
11.0235 8532
11.0235 8775
11.0241 9011
11.0241 9241
11.0241 9465
11.0247 9684
11.0247 9898
11.0247 10107
11.0252 10312
11.0252 10513
11.0252 10710
11.0257 10903
11.0257 11093
11.0257 11279
11.0262 11462
11.0262 11642
11.0263 11820
11.0268 11995
11.0268 12167
11.0268 12337
11.0274 5040
11.028 5451
11.0285 5831
11.0291 6186
11.0296 6521
11.0302 2880
11.0307 3600
11.0313 4176
11.0319 4672
11.0324 5115
11.0329 5520
11.0335 5895
11.034 6246
11.0351 2880
11.0361 3600
11.0367 4176
11.0373 4672
11.0378 5115
11.0383 5520
11.0388 5895
11.0394 6246
11.0394 6577
11.0399 6892
11.0399 7192
11.0405 7480
11.0405 7757
11.041 8024
11.0411 8282
11.0416 8532
11.0416 8775
11.0421 9011
11.0421 9241
11.0421 9465
11.0426 9684
11.0426 9898
11.0426 10107
11.0432 10312
11.0432 10513
11.0432 10710
11.0438 10903
11.0438 11093
11.0438 11279
11.0443 11462
11.0443 11642
11.0443 11820
11.0449 11995
11.0449 5040
11.046 5451
11.0464 5831
11.0469 6186
11.0469 6521
11.0474 6838
11.0474 7141
11.048 7431
11.048 7710
11.0486 7978
11.0486 8237
11.0491 8488
11.0491 8732
11.0496 8969
11.0496 9200
11.0497 9425
11.0502 9645
11.0502 9859
11.0502 10069
11.0507 10274
11.0508 10475
11.0508 10672
11.0513 10866
11.0513 11056
11.0513 11243
11.0519 11427
11.0519 11608
11.0519 11786
11.0524 11961
11.0524 12134
11.0524 12304
11.0524 12472
11.0529 12638
11.0529 12802
11.0529 12963
11.0529 13122
11.0535 13280
11.0535 13436
11.0535 13590
11.0535 13742
11.054 13892
11.054 14041
11.054 14188
11.054 14334
11.0546 14478
11.0546 14621
11.0546 14762
11.0546 14902
11.0552 15041
11.0552 15178
11.0552 15314
11.0552 15449
11.0552 15583
11.0557 15716
11.0557 15847
11.0557 15977
11.0557 16106
11.0557 16234
11.0562 16361
11.0562 16487
11.0562 16612
11.0562 16736
11.0562 16859
11.0567 16981
11.0567 17103
11.0567 17224
11.0567 17344
11.0567 17463
11.0573 17581
11.0573 17698
11.0573 17815
11.0573 17931
11.0573 18046
11.0573 18160
11.0578 18274
11.0578 18387
11.0578 18499
11.0578 18611
11.0578 18722
11.0579 18832
11.0584 18942
11.0584 19051
11.0584 19159
11.0584 19267
11.0584 19374
11.0584 19481
11.0589 19587
11.0589 19692
11.0589 19797
11.0589 19901
11.0589 20005
11.0589 20108
11.0595 20211
11.0595 20313
11.0595 20415
11.0595 20516
11.0595 20617
11.0595 20717
11.06 20817
11.06 20916
11.06 9360
11.0606 9581
11.0611 9797
11.0612 10008
11.0612 10215
11.0617 10417
11.0617 10616
11.0617 10811
11.0623 11002
11.0623 11190
11.0623 11375
11.0628 11557
11.0628 11736
11.0628 11912
11.0633 12086
11.0633 12257
11.0633 12426
11.0633 12592
11.0637 12756
11.0637 12918
11.0637 13078
11.0637 13236
11.0642 13392
11.0642 13546
11.0642 13699
11.0642 13850
11.0647 13999
11.0647 14147
11.0647 14293
11.0647 14438
11.0653 14581
11.0653 14723
11.0653 14863
11.0653 15002
11.0653 15140
11.0658 15276
11.0658 15411
11.0658 15545
11.0658 15678
11.0658 15810
11.0664 15941
11.0664 16071
11.0664 16200
11.0664 16328
11.0664 16454
11.0669 16580
11.0669 16705
11.0669 16829
11.0669 16952
11.0669 17074
11.0674 17195
11.0675 17315
11.0675 17434
11.0675 17552
11.0675 17670
11.068 17787
11.068 17903
11.068 18018
11.068 18133
11.068 18247
11.068 18360
11.0686 18472
11.0686 18584
11.0686 18695
11.0686 18805
11.0686 18915
11.0686 19024
11.0691 19132
11.0691 19240
11.0691 19347
11.0691 19454
11.0691 19560
11.0691 19666
11.0697 19771
11.0697 19875
11.0697 19979
11.0697 20082
11.0697 20185
11.0697 20287
11.0702 20389
11.0702 20490
11.0702 20591
11.0702 20691
11.0702 20791
11.0703 20890
11.0703 20989
11.0708 21087
11.0708 9360
11.0714 9581
11.0719 9797
11.0719 10008
11.0719 10215
11.0724 10417
11.0724 10616
11.0724 10811
11.0729 11002
11.0729 11190
11.0729 11375
11.0735 11557
11.0735 5040
11.0741 5451
11.0746 5831
11.0752 6186
11.0752 6521
11.0757 6838
11.0757 7141
11.0763 7431
11.0763 7710
11.0769 7978
11.0769 8237
11.0774 8488
11.0774 8732
11.0779 8969
11.0779 9200
11.0779 9425
11.0785 9645
11.0785 3600
11.0791 4176
11.0796 4672
11.0802 5115
11.0808 5520
11.0813 5895
11.0819 6246
11.0819 6577
11.0824 6892
11.0824 7192
11.0829 7480
11.0829 7757
11.0835 8024
11.0835 8282
11.0841 8532
11.0841 8775
11.0846 9011
11.0846 9241
11.0847 9465
11.0852 9684
11.0852 9898
11.0852 10107
11.0857 10312
11.0857 10513
11.0857 10710
11.0862 10903
11.0862 11093
11.0862 11279
11.0868 11462
11.0868 11642
11.0868 11820
11.0873 11995
11.0873 12167
11.0873 12337
11.0874 12505
11.0879 12670
11.0879 12833
11.0879 12994
11.0879 13153
11.0884 13310
11.0884 13465
11.0884 13618
11.0884 13770
11.0889 13920
11.0889 14068
11.0889 14215
11.0889 14360
11.0894 14504
11.0894 14646
11.0894 14787
11.0894 14927
11.09 15065
11.09 15202
11.09 15338
11.09 15473
11.09 15607
11.0906 15739
11.0906 15870
11.0906 16000
11.0906 16129
11.0906 16257
11.0911 16384
11.0911 16510
11.0911 16635
11.0911 16759
11.0911 16882
11.0917 17004
11.0917 17125
11.0917 17246
11.0917 17366
11.0917 17485
11.0922 17603
11.0922 17720
11.0922 17837
11.0922 17953
11.0922 18068
11.0922 18182
11.0927 18296
11.0927 18409
11.0927 18521
11.0928 18632
11.0928 18743
11.0928 18853
11.0933 18962
11.0933 19071
11.0933 19179
11.0933 19287
11.0933 19394
11.0933 19500
11.0938 19606
11.0938 19711
11.0938 19816
11.0938 19920
11.0938 20024
11.0938 20127
11.0944 20230
11.0944 20332
11.0944 20433
11.0944 20534
11.0944 20634
11.0944 20734
11.0949 20834
11.0949 20933
11.0949 21032
11.0949 21130
11.0949 21228
11.0949 21325
11.0949 21422
11.0955 21518
11.0955 21614
11.0955 21709
11.0955 21804
11.0955 21899
11.0955 21993
11.0955 22087
11.096 22180
11.096 22273
11.096 22366
11.096 22458
11.096 22550
11.096 22641
11.096 22732
11.0965 22823
11.0965 22913
11.0965 23003
11.0965 23093
11.0965 23182
11.0965 23271
11.0965 23360
11.097 23448
11.097 23536
11.097 23624
11.097 23711
11.097 23798
11.097 23885
11.097 23971
11.097 24057
11.0975 24143
11.0975 24228
11.0975 24313
11.0975 24398
11.0975 24482
11.0975 24566
11.0975 24650
11.0975 24734
11.098 24817
11.098 24900
11.098 24983
11.098 25066
11.098 25148
11.098 25230
11.098 25312
11.098 25393
11.0985 25474
11.0985 25555
11.0985 25636
11.0985 25716
11.0985 25796
11.0986 25876
11.0986 25956
11.0986 26035
11.0991 26114
11.0991 26193
11.0991 26272
11.0991 26350
11.0991 26428
11.0991 26506
11.0991 26584
11.0991 26662
11.0991 26739
11.0997 26816
11.0997 12240
11.1002 12409
11.1002 12576
11.1007 12740
11.1007 12902
11.1007 13062
11.1007 13220
11.1012 13376
11.1012 13531
11.1012 13684
11.1012 13835
11.1017 13984
11.1017 14132
11.1017 14278
11.1017 14423
11.1021 14566
11.1021 14708
11.1021 14848
11.1021 14987
11.1021 15125
11.1026 15262
11.1026 15397
11.1026 15531
11.1026 15664
11.1026 15796
11.103 15927
11.103 16057
11.103 16186
11.103 16314
11.103 16441
11.1034 16567
11.1034 16692
11.1034 16816
11.1034 16939
11.1034 17061
11.1038 17182
11.1038 17302
11.1038 17421
11.1038 17540
11.1038 17658
11.1042 17775
11.1042 17891
11.1042 18006
11.1042 18121
11.1042 18235
11.1042 18348
11.1046 18461
11.1046 18573
11.1046 18684
11.1046 18794
11.1046 18904
11.1046 19013
11.105 19122
11.105 19230
11.105 19337
11.105 19444
11.105 19550
11.105 19656
11.1054 19761
11.1054 19865
11.1054 19969
11.1054 20072
11.1054 20175
11.1054 20277
11.1058 20379
11.1058 20480
11.1058 20581
11.1058 20681
11.1058 20781
11.1059 20880
11.1059 20979
11.1063 21077
11.1063 21175
11.1063 21272
11.1063 21369
11.1063 21466
11.1063 21562
11.1063 21658
11.1067 21753
11.1067 21848
11.1067 21942
11.1067 22036
11.1067 22130
11.1067 22223
11.1067 22316
11.1071 22408
11.1071 22500
11.1071 22592
11.1071 22683
11.1072 22774
11.1072 22865
11.1072 22955
11.1076 23045
11.1076 23134
11.1076 23223
11.1076 23312
11.1076 23400
11.1076 23488
11.1076 23576
11.108 23663
11.108 23750
11.108 23837
11.108 23923
11.108 24009
11.108 24095
11.108 24181
11.108 24266
11.1085 24351
11.1085 24436
11.1085 24520
11.1085 24604
11.1085 24688
11.1085 24771
11.1085 24854
11.1085 24937
11.109 25020
11.109 25102
11.109 25184
11.109 25266
11.109 25348
11.109 25429
11.109 25510
11.109 25591
11.1095 25672
11.1095 25752
11.1095 25832
11.1095 25912
11.1095 25992
11.1095 26071
11.1095 26150
11.1095 26229
11.11 26308
11.11 26386
11.11 26464
11.11 26542
11.11 26620
11.11 26697
11.11 26774
