1 0.0655105
1.02498 0.0648217
1.05337 0.067844
1.08116 0.0701135
1.10924 0.0719743
1.13763 0.0734775
1.16602 0.0749178
1.1941 0.0761781
1.22219 0.0772808
1.25028 0.0781207
1.27836 0.0788556
1.42 0.0751237
1.45914 0.0707332
1.49619 0.0715166
1.53324 0.071827
1.57029 0.0720986
1.58941 0.0700863
1.60764 0.0659505
1.62736 0.0624567
1.64499 0.0592746
1.66471 0.0564903
1.68234 0.054179
1.71252 0.0559066
1.74061 0.0584183
1.76869 0.061866
1.79648 0.0646328
1.82367 0.0669287
1.85176 0.0689376
1.87895 0.0705704
1.90764 0.0722491
2.05375 0.0694679
2.08901 0.0652845
2.12606 0.0662489
2.16311 0.0672178
2.20046 0.0680656
2.20883 0.0651824
2.23781 0.0616596
2.27307 0.0620771
2.30623 0.0629425
2.33701 0.0630747
2.36719 0.0628153
2.39528 0.0660884
2.42336 0.0685774
2.45115 0.0705052
2.47924 0.072192
2.50733 0.073668
2.53481 0.0748345
2.5623 0.0758552
2.5892 0.0766233
2.7365 0.0732954
2.77415 0.0688835
2.8133 0.069898
2.85035 0.0706608
2.8874 0.0710782
2.89726 0.0680684
2.92475 0.0641849
2.95582 0.0634118
2.9872 0.0633603
3.01887 0.0633152
3.04994 0.0631508
3.07803 0.066632
3.10612 0.069303
3.13331 0.0711401
3.1608 0.0724976
3.18829 0.0736854
3.21458 0.0745997
3.24297 0.0755248
3.27076 0.0763342
3.41418 0.0725424
3.45183 0.0680996
3.48888 0.0688371
3.52593 0.0694825
3.56298 0.0700472
3.57613 0.0676663
3.60033 0.063958
3.63111 0.0628383
3.66039 0.0624835
3.68908 0.061923
3.71806 0.0614327
3.74615 0.0645036
3.77423 0.0670656
3.80232 0.0691824
3.82981 0.0709096
3.857 0.0724209
3.88479 0.0736183
3.91288 0.074791
3.93708 0.0754421
4.0805 0.0716369
4.11935 0.0675573
4.1564 0.0686126
4.19345 0.069286
4.2305 0.0698753
4.24813 0.0680159
4.26785 0.0641389
4.30281 0.0628715
4.33209 0.0631376
4.36197 0.0626204
4.39006 0.0620428
4.41814 0.0650375
4.44623 0.0675328
4.47312 0.0694662
4.50151 0.0711579
4.5299 0.0726382
4.55739 0.0740584
4.58248 0.0749261
4.61117 0.0758103
4.75668 0.072584
4.79463 0.068261
4.83168 0.0691034
4.86903 0.0698405
4.90608 0.0704854
4.92371 0.0684247
4.94343 0.0644967
4.96106 0.0611846
4.98078 0.0581615
4.99841 0.0555163
5.01813 0.0533268
5.04742 0.0550359
5.0755 0.0577814
5.10359 0.0611838
5.13168 0.0640358
5.15976 0.0665313
5.18666 0.0685899
5.21444 0.0703912
5.24283 0.0719673
5.39103 0.0695964
5.42659 0.0652718
5.46424 0.0662378
5.50159 0.0673331
5.53864 0.0681665
5.55478 0.0662707
5.57599 0.0626118
5.60916 0.0616603
5.64412 0.0625778
5.67758 0.0632556
5.70716 0.0632236
5.73525 0.0666957
5.76334 0.0691087
5.79143 0.0709701
5.81921 0.0725989
5.84581 0.073774
5.87359 0.0748023
5.89959 0.075452
5.92379 0.0757705
6.07409 0.0724242
6.11144 0.0679961
6.14849 0.0687466
6.18554 0.0694033
6.22259 0.0699779
6.24172 0.0682306
6.27847 0.0667018
6.31193 0.0671141
6.3448 0.0669748
6.37438 0.066478
6.40247 0.0654182
6.43056 0.0679909
6.45805 0.0699921
6.48554 0.0716181
6.51332 0.0730408
6.54022 0.0741607
6.56621 0.0750156
6.594 0.0756387
6.62029 0.0761838
6.7673 0.0727859
6.80465 0.0683126
6.8417 0.0690235
6.87875 0.0696456
6.91581 0.0701899
6.93254 0.0681662
6.95375 0.0643954
6.98483 0.062846
7.0171 0.0629902
7.04519 0.0627414
7.07327 0.0618988
7.10136 0.0646614
7.12915 0.0670787
7.15724 0.0691939
7.18443 0.0709197
7.21102 0.0723047
7.23851 0.0733916
7.26391 0.0740927
7.2908 0.0747061
7.4399 0.0714928
7.47874 0.0674312
7.51579 0.0685023
7.55285 0.0691895
7.5899 0.0697908
7.60723 0.067942
7.62725 0.0641992
7.65952 0.0626743
7.68999 0.06259
7.72047 0.0623913
7.74856 0.0619674
7.77665 0.0650964
7.80473 0.0674594
7.83282 0.069527
7.8624 0.0715861
7.8866 0.0728878
7.9126 0.0737769
7.94099 0.0743047
7.96937 0.0753917
8.1104 0.0717177
8.14865 0.067503
8.1857 0.0684401
8.22275 0.0691351
8.2598 0.0697432
8.27743 0.0679003
8.29715 0.0641628
8.31478 0.0607674
8.3345 0.0577965
8.35213 0.0553219
8.37185 0.0530317
8.40054 0.0546527
8.42862 0.0573211
8.45671 0.060781
8.4842 0.0636834
8.51199 0.0660979
8.54008 0.0683357
8.56488 0.0697937
8.59117 0.0710695
8.74446 0.0685608
8.77971 0.0643657
8.81676 0.06532
8.85382 0.066405
8.89087 0.0673544
8.89923 0.0646851
8.92822 0.0613494
8.96407 0.0618058
8.99575 0.062455
9.02951 0.0627732
9.05819 0.0628015
9.08628 0.0663263
9.11437 0.0686605
9.14216 0.070578
9.16875 0.0720057
9.19654 0.073255
9.22343 0.0742231
9.24823 0.0749452
9.27572 0.0754521
9.42452 0.0726456
9.46247 0.0683149
9.49952 0.0691505
9.53657 0.0697567
9.57362 0.0702871
9.59185 0.0683762
9.61097 0.0644542
9.6298 0.0611474
9.64832 0.058254
9.66715 0.0557222
9.68567 0.053382
9.71585 0.0550842
9.74394 0.0576987
9.77203 0.0613614
9.80011 0.0643162
9.8273 0.0667767
9.85569 0.0688046
9.88168 0.070329
9.90947 0.0717879
10.0574 0.0691894
10.0947 0.0651657
10.1318 0.06627
10.1691 0.0673613
10.2062 0.0683161
10.2137 0.0652766
10.2435 0.061742
10.2743 0.0616493
10.3063 0.0618181
10.3397 0.0622158
10.3696 0.0623139
10.3995 0.0661496
10.4276 0.0688809
10.4557 0.0710208
10.4826 0.0725182
10.5107 0.0738284
10.5384 0.0749749
10.5629 0.075603
10.591 0.0762776
10.7425 0.0733679
10.7784 0.0686969
10.8154 0.0692348
10.8534 0.0699555
10.891 0.070711
10.9003 0.0677472
10.9284 0.0639038
10.9621 0.0636658
10.9932 0.0638326
11.012 0.0621035
11.0413 0.0642156
11.0692 0.0656886
11.0958 0.0642275
11.1267 0.0668241
11.1542 0.0690961
11.1823 0.0713341
11.2095 0.0727923
11.2337 0.0735683
11.2594 0.0739972
11.2892 0.0747476
11.4398 0.0720291
11.4793 0.0680255
11.5163 0.0691473
11.5534 0.0697539
11.5904 0.0702847
11.6087 0.0683741
11.6278 0.0644523
11.646 0.0611458
11.6651 0.0582526
11.6834 0.055596
11.7025 0.0532715
11.7327 0.0549875
11.7607 0.0577391
11.7888 0.0612717
11.8163 0.0641128
11.8432 0.0664737
11.8695 0.0682894
11.8973 0.0698783
11.9242 0.0712685
12.073 0.0687349
12.1094 0.0647681
12.1465 0.065922
12.1835 0.0669318
12.2206 0.0678153
12.2349 0.0657134
12.2579 0.0621242
12.2926 0.0616087
12.3255 0.0624076
12.3559 0.0624817
12.387 0.0624215
12.4151 0.0658688
12.4432 0.0686352
12.4713 0.0705558
12.4976 0.0719863
12.5251 0.073238
12.552 0.0740833
12.5762 0.0746979
12.6019 0.0748606
12.7542 0.071753
12.7916 0.0674089
12.8286 0.0682328
12.8657 0.0689537
12.9028 0.0695845
12.9141 0.0670114
12.9401 0.063385
12.9763 0.0632119
13.0055 0.0634354
13.0396 0.063381
13.0677 0.0632083
13.0958 0.0665573
13.1239 0.0687376
13.1517 0.0706454
13.1785 0.0721898
13.2069 0.073541
13.2323 0.0744734
13.2568 0.0749142
13.2837 0.0751749
13.4346 0.0720281
13.4738 0.0678996
13.5108 0.0689121
13.5479 0.0695481
13.5849 0.0701046
13.6025 0.0682165
13.6223 0.0644395
13.6563 0.0631345
13.6886 0.0634927
13.7197 0.0634311
13.7478 0.0628772
13.7758 0.0658926
13.8039 0.068156
13.8305 0.0700115
13.858 0.0716351
13.8849 0.0728057
13.9118 0.07383
13.9363 0.0743512
13.9635 0.0749323
14.1132 0.0716908
14.1505 0.0673544
14.1876 0.0681851
14.2246 0.068912
14.2617 0.069548
14.2757 0.0672295
14.299 0.0635758
14.3313 0.0626288
14.363 0.0626752
14.3917 0.0623408
14.4198 0.0616732
14.4478 0.0645891
14.4759 0.0670154
14.5049 0.0692635
14.5315 0.0711056
14.559 0.0725924
14.5853 0.0736433
14.6092 0.0741879
14.6376 0.0747894
14.7795 0.0709407
14.8178 0.0668231
14.8548 0.0678453
14.8919 0.0686146
14.9289 0.0692878
14.9441 0.0672518
14.9663 0.0635953
14.9973 0.0622709
15.0278 0.062112
15.0565 0.061723
15.0846 0.0611327
15.1127 0.0641161
15.1408 0.0666016
15.1688 0.0687764
15.1966 0.0706793
15.2229 0.0720944
15.251 0.0734576
15.2755 0.0741504
15.3045 0.0751316
15.4488 0.0718652
15.4868 0.067632
15.5238 0.068553
15.5615 0.0693589
15.5985 0.070064
15.6161 0.068181
15.6359 0.0642834
15.6544 0.060998
15.6732 0.0581232
15.6917 0.0554828
15.7106 0.0531725
15.7387 0.0546509
15.7667 0.0571945
15.7948 0.0605452
15.8229 0.0634771
15.8477 0.0656674
15.8761 0.067709
15.9024 0.0692454
15.9281 0.0707147
16.0763 0.0681254
16.1139 0.0642347
16.1522 0.0657054
16.1892 0.0669922
16.2263 0.0678682
16.2376 0.0653846
16.2636 0.0618366
16.2971 0.061607
16.3294 0.0621561
16.3628 0.0625116
16.3924 0.0625727
16.4205 0.0661261
16.4486 0.0686103
16.4767 0.070534
16.5045 0.0722173
16.5296 0.0733151
16.5571 0.0742757
16.5852 0.0751163
16.6061 0.0753517
16.7588 0.0721828
16.7961 0.0679099
16.8332 0.0687962
16.8702 0.0694467
16.9073 0.0700158
16.9258 0.0681388
16.9446 0.0642465
16.9631 0.0609657
16.982 0.05797
17.0005 0.0553487
17.0193 0.0531801
17.051 0.0551576
17.0791 0.0581379
17.1072 0.0618707
17.1352 0.0647618
17.1627 0.0670416
17.1908 0.0690364
17.2162 0.0705319
17.2443 0.0719654
17.3943 0.0697197
17.4316 0.0656297
17.4696 0.066801
17.5066 0.0678259
17.5437 0.0685977
17.5586 0.0665229
17.581 0.0629576
17.6166 0.0623379
17.6498 0.0630456
17.6802 0.0631649
17.7107 0.0628943
17.7397 0.0662825
17.7678 0.0688722
17.7959 0.0708882
17.8237 0.0725272
17.8515 0.0739613
17.8795 0.0752161
17.9023 0.0756891
17.9297 0.075978
18.0809 0.0728557
18.1171 0.0683737
18.1541 0.069077
18.1912 0.0696924
18.2282 0.0702308
18.2393 0.067452
18.2656 0.0636455
18.3 0.0631898
18.3358 0.0640411
18.3687 0.0646609
18.3998 0.0645783
18.4278 0.068006
18.4559 0.0703803
18.4834 0.0720827
18.5106 0.0734474
18.5381 0.0746415
18.5635 0.0753113
18.5892 0.0757724
18.6161 0.0760508
18.7595 0.0724195
18.7969 0.067992
18.8339 0.068743
18.871 0.0694002
18.908 0.0701001
18.9227 0.0678376
18.9454 0.0639829
18.9782 0.0629851
19.0099 0.0631119
19.0428 0.0632229
19.0718 0.0630701
19.0998 0.0664363
19.1279 0.0687568
19.156 0.0707872
19.1844 0.0725638
19.2119 0.0739933
19.24 0.0751191
19.2615 0.0753542
19.2914 0.075935
19.4396 0.0726931
19.4775 0.0683565
19.5146 0.0691869
19.5516 0.0697885
19.5887 0.070315
19.606 0.0684006
19.626 0.0646005
19.6434 0.0611505
19.6634 0.0581316
19.6807 0.0554902
19.7007 0.0531789
19.7303 0.0549066
19.7584 0.0577932
19.7865 0.0613191
19.8143 0.0641542
19.8424 0.0666349
19.8692 0.0686806
19.8949 0.0700955
19.9212 0.0712085
20.0712 0.0688075
20.1065 0.0645815
20.1459 0.0657588
20.1833 0.067164
20.2203 0.0681435
20.2305 0.0655006
20.2577 0.061938
20.2941 0.0621957
20.327 0.0631713
20.3593 0.0633999
20.3904 0.0633499
20.4184 0.0668061
20.4465 0.0693304
20.4746 0.0711641
20.5015 0.0726436
20.5302 0.0740631
20.5538 0.0746802
20.5813 0.0753452
20.6076 0.075552
20.7549 0.071983
20.7904 0.0674852
20.8275 0.0681745
20.8645 0.0689027
20.9016 0.0695399
20.9115 0.0667224
20.939 0.0630071
20.9709 0.0625062
21.002 0.0625679
21.0325 0.0624969
21.0618 0.0621848
21.0898 0.0654117
21.1179 0.0678602
21.146 0.0700027
21.1741 0.0718774
21.2007 0.0732677
21.2291 0.0744842
21.2524 0.0749237
21.2775 0.0751832
21.4302 0.0720353
21.4684 0.0677809
21.5055 0.0686833
21.5425 0.0693479
21.5796 0.0699294
21.5972 0.0680632
21.6169 0.0641803
21.6516 0.0629078
21.6845 0.0635443
21.7155 0.0636013
21.7436 0.0630261
21.7717 0.0660228
21.7998 0.06827
21.8258 0.0699862
21.8554 0.071738
21.8793 0.0727707
21.9062 0.0737994
21.9331 0.0743245
21.9558 0.0745339
