1 7104
1.00473 7395
1.04967 7675
1.06951 7945
1.11421 8205
1.13405 8457
1.17875 8702
1.19859 8940
1.24329 9171
1.25477 9397
1.27891 9617
1.30807 9832
1.33078 10042
1.34369 10248
1.37285 10450
1.3958 10648
1.40847 10842
1.43739 11033
1.46034 11220
1.47301 11404
1.50193 11585
1.52488 11763
1.53755 11939
1.56647 12112
1.57867 12283
1.58966 12451
1.60233 12617
1.63149 12781
1.64368 12943
1.65444 13103
1.6652 13261
1.69006 13417
1.70344 13571
1.71683 13723
1.72783 13874
1.7546 14023
1.76775 14170
1.78137 14316
1.79237 14460
1.81914 14603
1.83229 14744
1.84591 14884
1.85691 15023
1.86814 15161
1.88392 15297
1.89707 15432
1.91069 15566
1.92193 15699
1.93316 15831
1.9487 15961
1.96185 16090
1.97547 16218
1.98671 16345
2.00894 16471
2.02925 16596
2.05053 16720
2.07276 16844
2.09571 16967
2.11698 17089
2.14925 7200
2.30654 7488
2.33881 7764
2.3608 8031
2.40335 8289
2.42534 8539
2.46813 8781
2.48988 9017
2.53291 9246
2.5463 9470
2.56853 9688
2.59769 9902
2.61107 10111
2.63331 10316
2.66319 10517
2.6847 10714
2.69809 10907
2.72773 11097
2.74924 11283
2.76263 11466
2.79227 11646
2.81378 11824
2.82717 11999
2.85681 12171
2.86613 12341
2.87856 12509
2.89195 12674
2.92159 12837
2.94286 12998
2.96079 13157
2.98302 13314
3.00262 13469
3.01816 13622
3.03274 13774
3.0576 13924
3.07648 14072
3.09346 14219
3.11425 14364
3.13696 14508
3.15895 14650
3.18047 14791
3.2015 14931
3.21991 15069
3.2419 15206
3.27082 6480
3.33656 6800
3.3803 7104
3.40205 7395
3.44508 7675
3.46707 7945
3.50962 8205
3.53161 8457
3.57416 8702
3.59615 8940
3.6387 9171
3.64946 9397
3.67408 9617
3.70348 9832
3.72763 10042
3.73886 10248
3.76826 10450
3.79241 10648
3.81511 10842
3.83663 11033
3.85934 11220
3.87989 11404
3.90141 11585
3.92412 11763
3.94443 11939
3.96595 12112
3.97838 12283
3.9889 12451
4.00921 12617
4.03073 12781
4.04316 12943
4.06539 13103
4.08403 13261
4.10626 13417
4.12634 13571
4.14355 13723
4.16435 13874
4.18323 14023
4.19997 14170
4.21981 14316
4.24276 14460
4.25973 14603
4.27694 14744
4.30012 14884
4.3214 15023
4.33789 15161
4.3606 15297
4.38259 15432
4.40291 15566
4.43446 6480
4.50546 6800
4.56187 7104
4.57 7395
4.62689 7675
4.6453 7945
4.69143 8205
4.70984 8457
4.75597 8702
4.77438 8940
4.82051 9171
4.83031 9397
4.83916 9617
4.88529 9832
4.90752 10042
4.92999 10248
4.95007 10450
4.9723 10648
4.99477 10842
5.01724 11033
5.03947 11220
5.06194 11404
5.08178 11585
5.10401 11763
5.12911 11939
5.14632 12112
5.14991 12283
5.16712 12451
5.19198 12617
5.20967 12781
5.21397 12943
5.2319 13103
5.257 13261
5.27445 13417
5.29166 13571
5.31006 13723
5.32967 13874
5.34688 14023
5.36337 14170
5.38584 14316
5.40114 14460
5.42074 14603
5.43915 14744
5.46042 14884
5.48098 15023
5.49914 15161
5.52209 15297
5.54313 15432
5.56464 15566
5.59476 6480
5.69205 6800
5.7401 7104
5.7542 7395
5.80488 7675
5.81898 7945
5.86942 8205
5.88352 8457
5.93396 8702
5.94806 8940
5.9985 9171
6.01021 9397
6.02885 9617
6.06328 9832
6.07499 10042
6.09363 10248
6.12806 10450
6.13977 10648
6.15841 10842
6.1926 11033
6.20431 11220
6.22295 11404
6.25714 11585
6.26957 11763
6.29084 11939
6.31833 12112
6.31881 12283
6.32646 12451
6.34941 12617
6.37976 12781
6.38024 12943
6.38885 13103
6.41156 13261
6.44454 13417
6.45076 13571
6.47251 13723
6.49761 13874
6.51554 14023
6.53705 14170
6.55378 14316
6.57267 14460
6.58701 14603
6.60685 14744
6.62908 14884
6.64366 15023
6.6647 15161
6.68884 15297
6.70557 15432
6.72422 15566
6.74932 15699
6.77203 15831
6.80334 6480
6.94509 6800
6.99481 7104
7.00844 7395
7.05983 7675
7.07943 7945
7.12437 8205
7.14397 8457
7.18891 8702
7.20851 8940
7.25345 9171
7.26755 9397
7.29002 9617
7.31847 9832
7.33257 10042
7.3548 10248
7.38325 10450
7.39735 10648
7.41958 10842
7.44779 11033
7.46189 11220
7.48412 11404
7.51233 11585
7.52739 11763
7.5501 11939
7.57352 12112
7.574 12283
7.58811 12451
7.61536 12617
7.63759 12781
7.63807 12943
7.65289 13103
7.68014 13261
7.70237 13417
7.7246 13571
7.73751 13723
7.75543 13874
7.77647 14023
7.79392 14170
7.81161 14316
7.82834 14460
7.84985 14603
7.86969 14744
7.88762 14884
7.90818 15023
7.92921 15161
7.95192 15297
7.97344 15432
7.99519 15566
8.02937 6480
8.11399 6800
8.16754 7104
8.17853 7395
8.23232 7675
8.24331 7945
8.29686 8205
8.30785 8457
8.3614 8702
8.37239 8940
8.42594 9171
8.43406 9397
8.45271 9617
8.49072 9832
8.51104 10042
8.53446 10248
8.5555 10450
8.57582 10648
8.59924 10842
8.62171 11033
8.64394 11220
8.66641 11404
8.68888 11585
8.71016 11763
8.73095 11939
8.75079 12112
8.75151 12283
8.77015 12451
8.79047 12617
8.81342 12781
8.81438 12943
8.8335 13103
8.8543 13261
8.8782 13417
8.9021 13571
8.92338 13723
8.94107 13874
8.95899 14023
8.98003 14170
8.997 14316
9.01254 14460
9.03166 14603
9.05198 14744
9.06728 14884
9.0864 15023
9.11078 15161
9.128 15297
9.1476 15432
9.17174 15566
9.19445 15699
9.22528 6480
9.36608 6800
9.41914 7104
9.43086 7395
9.4844 7675
9.49564 7945
9.54894 8205
9.56018 8457
9.61348 8702
9.62615 8940
9.67802 9171
9.69093 9397
9.71316 9617
9.7428 9832
9.75571 10042
9.77794 10248
9.80758 10450
9.82049 10648
9.84272 10842
9.87212 11033
9.88503 11220
9.90726 11404
9.9369 11585
9.94957 11763
9.9718 11939
9.99762 12112
9.9981 12283
10.0115 12451
10.0354 12617
10.0626 12781
10.076 12943
10.098 13103
10.1207 13261
10.1406 13417
10.1573 13571
10.1738 13723
10.1948 13874
10.2101 14023
10.2283 14170
10.2455 14316
10.2644 14460
10.2806 14603
10.299 14744
10.3222 14884
10.3399 15023
10.36 15161
10.3844 15297
10.4064 15432
10.4286 15566
10.4652 6480
10.6131 6800
10.6586 7104
10.6777 7395
10.7236 7675
10.7425 7945
10.7881 8205
10.807 8457
10.8527 8702
10.8715 8940
10.9172 9171
10.9282 9397
10.9509 9617
10.982 9832
11.0076 10042
11.0465 10248
11.0721 10450
11.1124 10648
11.123 10842
11.1442 11033
11.1772 11220
11.1867 11404
11.202 11585
11.2353 11763
11.2482 11939
11.2618 12112
11.2623 12283
11.3008 12451
11.313 12617
11.3266 12781
11.3464 12943
11.3656 13103
11.3777 13261
11.3938 13417
11.4131 13571
11.4303 13723
11.4475 13874
11.4583 14023
11.4777 14170
11.4949 14316
11.5121 14460
11.5228 14603
11.5422 14744
11.5594 14884
11.5766 15023
11.5828 15161
11.6012 15297
11.6223 15432
11.6459 15566
11.6663 15699
11.6873 15831
11.7079 15961
11.7287 16090
11.7487 16218
11.7722 7200
11.836 7488
11.884 7764
11.8977 8031
11.9488 8289
11.9622 8539
12.0136 8781
12.0267 9017
12.0781 9246
12.0906 9470
12.1106 9688
12.1429 9902
12.1553 10111
12.1757 10316
12.2077 10517
12.2201 10714
12.2402 10907
12.2722 11097
12.2849 11283
12.3047 11466
12.3368 11646
12.3494 11824
12.3693 11999
12.3996 12171
12.4001 12341
12.4118 12509
12.4326 12674
12.4644 12837
12.4795 12998
12.4969 13157
12.5151 13314
12.5292 13469
12.5445 13622
12.5622 13774
12.5799 13924
12.5937 14072
12.609 14219
12.6267 14364
12.6444 14508
12.6583 14650
12.6736 14791
12.6913 14931
12.7089 15069
12.7231 15206
12.7393 15342
12.7601 15477
12.7814 15610
12.8034 15742
12.8251 15873
12.8445 16003
12.8655 16132
12.8851 16260
12.9162 7200
12.9757 7488
13.0173 7764
13.0381 8031
13.0816 8289
13.1026 8539
13.145 8781
13.166 9017
13.2095 9246
13.2136 9470
13.2308 9688
13.2743 9902
13.2946 10111
13.3156 10316
13.3391 10517
13.3594 10714
13.3806 10907
13.4036 11097
13.4239 11283
13.4452 11466
13.4681 11646
13.4885 11824
13.5097 11999
13.5327 12171
13.5372 12341
13.5508 12509
13.569 12674
13.5965 12837
13.6015 12998
13.6156 13157
13.6338 13314
13.6613 13469
13.6756 13622
13.6864 13774
13.7088 13924
13.7277 14072
13.7406 14219
13.7531 14364
13.7734 14508
13.7923 14650
13.8052 14791
13.8176 14931
13.8382 15069
13.8487 15206
13.8678 15342
13.8841 15477
13.9073 15610
13.9271 15742
13.9462 15873
13.9677 16003
13.9904 16132
14.011 16260
14.0404 7200
14.1095 7488
14.1547 7764
14.17 8031
14.2163 8289
14.234 8539
14.2811 8781
14.2986 9017
14.3456 9246
14.3526 9470
14.3739 9688
14.4104 9902
14.4303 10111
14.4547 10316
14.4752 10517
14.495 10714
14.5192 10907
14.5397 11097
14.5596 11283
14.5837 11466
14.6043 11646
14.6241 11824
14.6483 11999
14.6688 12171
14.6772 12341
14.6889 12509
14.7133 12674
14.7343 12837
14.742 12998
14.7537 13157
14.7781 13314
14.7991 13469
14.8175 13622
14.8359 13774
14.8529 13924
14.8696 14072
14.8873 14219
14.9007 14364
14.9179 14508
14.9346 14650
14.9521 14791
14.9652 14931
14.9824 15069
14.9925 15206
15.013 15342
15.0322 15477
15.0494 15610
15.0716 15742
15.0934 15873
15.1127 16003
15.134 16132
15.156 16260
15.1863 7200
15.2609 7488
15.3075 7764
15.3221 8031
15.3716 8289
15.3867 8539
15.4361 8781
15.4514 9017
15.5007 9246
15.5083 9470
15.526 9688
15.5655 9902
15.5867 10111
15.6073 10316
15.6302 10517
15.6515 10714
15.6721 10907
15.6948 11097
15.7163 11283
15.7369 11466
15.7593 11646
15.7808 11824
15.8014 11999
15.8239 12171
15.8315 12341
15.8456 12509
15.8633 12674
15.8867 12837
15.8953 12998
15.9114 13157
15.9281 13314
15.952 13469
15.9682 13622
15.9838 13774
16.0017 13924
16.0232 14072
16.0371 14219
16.0512 14364
16.0684 14508
16.0902 14650
16.1052 14791
16.1236 14931
16.1456 15069
16.1659 15206
16.1822 15342
16.1999 15477
16.2219 15610
16.2431 15742
16.2757 6480
16.3576 6800
16.4114 7104
16.4222 7395
16.4755 7675
16.4853 7945
16.54 8205
16.5498 8457
16.6046 8702
16.6146 8940
16.6691 9171
16.6763 9397
16.6987 9617
16.7339 9832
16.754 10042
16.7762 10248
16.7987 10450
16.819 10648
16.841 10842
16.8632 11033
16.8835 11220
16.9055 11404
16.9277 11585
16.9481 11763
16.9701 11939
16.9923 12112
16.999 12283
17.0128 12451
17.0351 12617
17.0573 12781
17.064 12943
17.0774 13103
17.0999 13261
17.1221 13417
17.129 13571
17.1422 13723
17.1644 13874
17.1866 14023
17.1936 14170
17.2067 14316
17.2292 14460
17.2516 14603
17.2581 14744
17.2741 14884
17.299 15023
17.3207 15161
17.3396 15297
17.3583 15432
17.3798 15566
17.4001 15699
17.4206 15831
17.4503 6480
17.5459 6800
17.5875 7104
17.6064 7395
17.6511 7675
17.6704 7945
17.7156 8205
17.735 8457
17.7809 8702
17.7995 8940
17.8457 9171
17.8569 9397
17.8743 9617
17.9104 9832
17.9217 10042
17.9391 10248
17.9755 10450
17.9996 10648
18.0209 10842
18.041 11033
18.0641 11220
18.0854 11404
18.1055 11585
18.1287 11763
18.15 11939
18.1703 12112
18.1746 12283
18.1939 12451
18.2147 12617
18.2348 12781
18.2389 12943
18.2592 13103
18.2795 13261
18.2996 13417
18.3154 13571
18.328 13723
18.3464 13874
18.3651 14023
18.3804 14170
18.3931 14316
18.411 14460
18.4296 14603
18.4449 14744
18.4581 14884
18.4755 15023
18.4846 15161
18.4944 15297
18.5097 15432
18.5229 15566
18.5403 15699
18.5592 15831
18.5821 15961
18.6005 16090
18.6204 16218
18.6424 16345
18.6625 16471
18.6816 16596
18.7091 7200
18.7715 7488
18.8085 7764
18.8272 8031
18.8733 8289
18.8919 8539
18.9378 8781
18.9565 9017
19.0024 9246
19.0107 9470
19.0213 9688
19.0671 9902
19.0856 10111
19.1061 10316
19.1319 10517
19.1503 10714
19.1728 10907
19.1965 11097
19.2149 11283
19.2373 11466
19.261 11646
19.2794 11824
19.3019 11999
19.3255 12171
19.3365 12341
19.3435 12509
19.3664 12674
19.3903 12837
19.4013 12998
19.4197 13157
19.4312 13314
19.4558 13469
19.4661 13622
19.4864 13774
19.4998 13924
19.5204 14072
19.5306 14219
19.5514 14364
19.5643 14508
19.5849 14650
19.5952 14791
19.6162 14931
19.6289 15069
19.6382 15206
19.6499 15342
19.66 15477
19.6812 15610
19.6937 15742
19.713 15873
19.7367 16003
19.7563 16132
19.7747 16260
19.7957 16387
19.8125 16513
19.8371 16638
19.8512 16762
19.8761 7200
19.9375 7488
19.9779 7764
19.9968 8031
20.0424 8289
20.0613 8539
20.1077 8781
20.1263 9017
20.1722 9246
20.1806 9470
20.1911 9688
20.237 9902
20.2552 10111
20.2781 10316
20.3018 10517
20.3202 10714
20.3427 10907
20.3663 11097
20.3847 11283
20.4072 11466
20.4309 11646
20.4493 11824
20.4717 11999
20.4954 12171
20.4959 12341
20.5136 12509
20.5358 12674
20.5602 12837
20.5714 12998
20.5858 13157
20.6006 13314
20.625 13469
20.6362 13622
20.6508 13774
20.668 13924
20.6895 14072
20.7007 14219
20.7153 14364
20.7325 14508
20.754 14650
20.7653 14791
20.7799 14931
20.7971 15069
20.805 15206
20.8188 15342
20.8301 15477
20.8446 15610
20.8619 15742
20.8834 15873
20.9056 16003
20.925 16132
20.9448 16260
20.9658 16387
20.9873 16513
21.0029 16638
21.0249 7200
21.0877 7488
21.1284 7764
21.1456 8031
21.1929 8289
21.2106 8539
21.2565 8781
21.2752 9017
21.321 9246
21.3277 9470
21.3399 9688
21.3858 9902
21.4047 10111
21.4274 10316
21.4506 10517
21.4695 10714
21.4932 10907
21.5151 11097
21.534 11283
21.5579 11466
21.5797 11646
21.5986 11824
21.6225 11999
21.644 12171
21.6445 12341
21.6614 12509
21.6853 12674
21.71 12837
21.7272 12998
21.7453 13157
21.7606 13314
21.7747 13469
21.792 13622
21.8101 13774
21.8252 13924
21.8393 14072
21.8565 14219
21.8747 14364
21.8897 14508
21.9038 14650
21.921 14791
21.9392 14931
21.9543 15069
21.9643 15206
21.9846 15342
