1 8354
1.01087 8602
1.0527 2880
1.09483 3600
1.12023 4176
1.14563 4672
1.17102 5115
1.20061 5520
1.22869 5895
1.25678 6246
1.28427 6577
1.31355 6892
1.34224 7192
1.37032 7480
1.39841 7757
1.4268 8024
1.45488 8282
1.48118 8532
1.50807 8775
1.5493 3600
1.60339 4176
1.62878 4672
1.65418 5115
1.68287 5520
1.70886 5895
1.73516 6246
1.76205 6577
1.78834 6892
1.81464 7192
1.84033 7480
1.86573 7757
1.89053 8024
1.91623 8282
1.94043 8532
1.96523 8775
1.99003 9011
2.01543 9241
2.04023 9465
2.06533 9684
2.09043 9898
2.11493 10107
2.15168 4320
2.21174 4800
2.23774 5232
2.26284 5628
2.28793 5996
2.31333 6341
2.32618 6668
2.35128 6978
2.37638 7275
2.40208 7560
2.42747 7834
2.45287 8098
2.47827 8354
2.50427 8602
2.54191 2880
2.58046 3600
2.60586 4176
2.63125 4672
2.65665 5115
2.68295 5520
2.71014 5895
2.73613 6246
2.76542 6577
2.79261 6892
2.8192 7192
2.84639 7480
2.87717 7757
2.90436 8024
2.93185 8282
2.95963 8532
2.98832 8775
3.03135 3600
3.08722 4176
3.11262 4672
3.13802 5115
3.16642 5520
3.19362 5895
3.222 6246
3.25099 6577
3.28027 6892
3.30895 7192
3.33555 7480
3.36333 7757
3.39321 8024
3.4213 8282
3.44939 8532
3.49242 2880
3.54859 3600
3.57608 4176
3.60148 4672
3.62688 5115
3.65556 5520
3.68335 5895
3.71233 6246
3.73952 6577
3.7706 6892
3.79928 7192
3.82647 7480
3.85546 7757
3.88593 8024
3.91342 8282
3.94091 8532
3.98394 2880
4.04071 3600
4.0685 4176
4.0939 4672
4.1193 5115
4.14768 5520
4.17577 5895
4.20386 6246
4.23075 6577
4.26182 6892
4.29021 7192
4.3171 7480
4.34489 7757
4.37596 8024
4.40375 8282
4.43214 8532
4.47636 2880
4.53254 3600
4.56062 4176
4.58602 4672
4.61142 5115
4.6398 5520
4.66789 5895
4.69658 6246
4.72287 6577
4.75424 6892
4.78263 7192
4.80863 7480
4.83641 7757
4.86719 8024
4.89558 8282
4.92336 8532
4.9652 2880
5.02227 3600
5.05035 4176
5.07635 4672
5.10175 5115
5.13073 5520
5.15882 5895
5.189 6246
5.21649 6577
5.24786 6892
5.27595 7192
5.30254 7480
5.33332 7757
5.3626 8024
5.39069 8282
5.41847 8532
5.44626 8775
5.49048 3600
5.54726 4176
5.57265 4672
5.59805 5115
5.62763 5520
5.65572 5895
5.68411 6246
5.71249 6577
5.74177 6892
5.76986 7192
5.79586 7480
5.82693 7757
5.85562 8024
5.8837 8282
5.91119 8532
5.93898 8775
5.98291 3600
6.03938 4176
6.06537 4672
6.09077 5115
6.12065 5520
6.14874 5895
6.17742 6246
6.20611 6577
6.23599 6892
6.26408 7192
6.29127 7480
6.32115 7757
6.35013 8024
6.37822 8282
6.40541 8532
6.43379 8775
6.47742 3600
6.53329 4176
6.55899 4672
6.58439 5115
6.61397 5520
6.64206 5895
6.66925 6246
6.69793 6577
6.72811 6892
6.7565 7192
6.78249 7480
6.81177 7757
6.84165 8024
6.86974 8282
6.89693 8532
6.94026 2880
6.99673 3600
7.02392 4176
7.04932 4672
7.07472 5115
7.1037 5520
7.13179 5895
7.16017 6246
7.18946 6577
7.21904 6892
7.24712 7192
7.27402 7480
7.3033 7757
7.33198 8024
7.36037 8282
7.38696 8532
7.43148 2880
7.48885 3600
7.51664 4176
7.54204 4672
7.56744 5115
7.59642 5520
7.62451 5895
7.64991 6246
7.68277 6577
7.71206 6892
7.74014 7192
7.76703 7480
7.79632 7757
7.8253 8024
7.85339 8282
7.87998 8532
7.90807 8775
7.95289 3600
8.00876 4176
8.03446 4672
8.05986 5115
8.08884 5520
8.11693 5895
8.14203 6246
8.17011 6577
8.20238 6892
8.23047 7192
8.25736 7480
8.28545 7757
8.31473 8024
8.34282 8282
8.37001 8532
8.3981 8775
8.44172 3600
8.4967 4176
8.5224 4672
8.5478 5115
8.57678 5520
8.60487 5895
8.63026 6246
8.65058 6577
8.68106 6892
8.70915 7192
8.73723 7480
8.76443 7757
8.79371 8024
8.82209 8282
8.85018 8532
8.87648 8775
8.9207 3600
8.97687 4176
9.00227 4672
9.02767 5115
9.05605 5520
9.08414 5895
9.11223 6246
9.14091 6577
9.1687 6892
9.19739 7192
9.22577 7480
9.25386 7757
9.28195 8024
9.31003 8282
9.33812 8532
9.36411 8775
9.40983 3600
9.46601 4176
9.49349 4672
9.51889 5115
9.54788 5520
9.57596 5895
9.60405 6246
9.63274 6577
9.66052 6892
9.68921 7192
9.7173 7480
9.74538 7757
9.77347 8024
9.80186 8282
9.82994 8532
9.85624 8775
9.90255 3600
9.95872 4176
9.98621 4672
10.0116 5115
10.0406 5520
10.0687 5895
10.0968 6246
10.1249 6577
10.1535 6892
10.1819 7192
10.21 7480
10.2381 7757
10.2662 8024
10.2943 8282
10.3221 8532
10.3481 8775
10.3947 3600
10.4505 4176
10.4774 4672
10.5028 5115
10.5309 5520
10.559 5895
10.5871 6246
10.6149 6577
10.6433 6892
10.6729 7192
10.7009 7480
10.729 7757
10.7571 8024
10.7852 8282
10.8133 8532
10.8393 8775
10.8859 3600
10.9421 4176
10.9687 4672
10.9941 5115
11.0224 5520
11.0621 5895
11.0894 6246
11.0933 6577
11.1154 6892
11.1324 7192
11.1408 7480
11.1593 7757
11.1757 8024
11.1922 8282
11.2077 8532
11.2232 8775
11.2391 9011
11.2546 9241
11.2702 9465
11.2857 9684
11.3012 9898
11.3168 10107
11.3323 10312
11.3478 10513
11.3634 10710
11.3789 10903
11.3945 11093
11.41 11279
11.4249 11462
11.4405 11642
11.4641 5040
11.5071 5451
11.5325 5831
11.5591 6186
11.5707 6521
11.5845 6838
11.5964 7141
11.6105 7431
11.6218 7710
11.6359 7978
11.652 8237
11.6676 8488
11.6834 8732
11.6986 8969
11.7145 9200
11.73 9425
11.7455 9645
11.7614 9859
11.7769 10069
11.7925 10274
11.8083 10475
11.8238 10672
11.8394 10866
11.8549 11056
11.8704 11243
11.886 11427
11.9015 11608
11.9171 11786
11.9374 5040
11.987 5451
12.0037 5831
12.03 6186
12.0408 6521
12.0557 6838
12.0668 7141
12.0811 7431
12.0922 7710
12.1065 7978
12.1232 8237
12.1391 8488
12.1546 8732
12.1701 8969
12.186 9200
12.2015 9425
12.2174 9645
12.2326 9859
12.2484 10069
12.2643 10274
12.2798 10475
12.2959 10672
12.3109 10866
12.3267 11056
12.3422 11243
12.3578 11427
12.3733 11608
12.3889 11786
12.4122 5040
12.4552 5451
12.4761 5831
12.5015 6186
12.5057 6521
12.5269 6838
12.5433 7141
12.5523 7431
12.5693 7710
12.5855 7978
12.6016 8237
12.6168 8488
12.633 8732
12.6485 8969
12.6641 9200
12.6796 9425
12.6951 9645
12.7107 9859
12.7268 10069
12.7417 10274
12.7576 10475
12.7734 10672
12.789 10866
12.8048 11056
12.8203 11243
12.8359 11427
12.8514 11608
12.8669 11786
12.8902 5040
12.9357 5451
12.9575 5831
12.9832 6186
12.9897 6521
13.0086 6838
13.0283 7141
13.0441 7431
13.0543 7710
13.0701 7978
13.0851 8237
13.1009 8488
13.1161 8732
13.132 8969
13.1478 9200
13.163 9425
13.1783 9645
13.1944 9859
13.2094 10069
13.2252 10274
13.2407 10475
13.2563 10672
13.2718 10866
13.2879 11056
13.3035 11243
13.319 11427
13.3346 11608
13.3501 11786
13.3734 5040
13.4197 5451
13.4442 5831
13.4708 6186
13.478 6521
13.4962 6838
13.5037 7141
13.5216 7431
13.5291 7710
13.547 7978
13.5619 8237
13.5784 8488
13.5942 8732
13.6098 8969
13.6256 9200
13.6411 9425
13.6564 9645
13.6722 9859
13.6871 10069
13.7027 10274
13.7179 10475
13.7338 10672
13.7496 10866
13.7651 11056
13.781 11243
13.7965 11427
13.812 11608
13.8276 11786
13.8509 5040
13.9014 5451
13.9247 5831
13.9516 6186
13.9582 6521
13.9773 6838
13.9952 7141
14.0122 7431
14.0206 7710
14.0376 7978
14.0538 8237
14.0693 8488
14.0857 8732
14.1022 8969
14.1174 9200
14.1332 9425
14.1488 9645
14.1643 9859
14.1796 10069
14.1957 10274
14.2112 10475
14.2271 10672
14.2432 10866
14.2581 11056
14.2743 11243
14.2898 11427
14.3054 11608
14.3209 11786
14.3442 5040
14.3911 5451
14.4123 5831
14.4389 6186
14.4455 6521
14.4643 6838
14.4822 7141
14.4897 7431
14.5079 7710
14.5223 7978
14.5387 8237
14.5543 8488
14.5698 8732
14.5853 8969
14.6009 9200
14.6161 9425
14.6316 9645
14.6463 9859
14.6624 10069
14.6777 10274
14.6932 10475
14.7084 10672
14.724 10866
14.7398 11056
14.7562 11243
14.7715 11427
14.7873 11608
14.8032 11786
14.8265 5040
14.8746 5451
14.8958 5831
14.9215 6186
14.929 6521
14.9472 6838
14.9648 7141
14.9821 7431
14.9977 7710
15.0075 7978
15.0234 8237
15.0389 8488
15.0544 8732
15.07 8969
15.0855 9200
15.1011 9425
15.1166 9645
15.1315 9859
15.1471 10069
15.162 10274
15.1779 10475
15.1934 10672
15.2092 10866
15.2245 11056
15.2403 11243
15.2558 11427
15.2717 11608
15.2872 11786
15.3105 5040
15.3601 5451
15.3777 5831
15.4028 6186
15.4127 6521
15.4282 6838
15.439 7141
15.4536 7431
15.4644 7710
15.4793 7978
15.4943 8237
15.5113 8488
15.5274 8732
15.5436 8969
15.5594 9200
15.575 9425
15.5905 9645
15.606 9859
15.621 10069
15.6368 10274
15.652 10475
15.6676 10672
15.6834 10866
15.699 11056
15.7148 11243
15.7303 11427
15.7459 11608
15.7614 11786
15.7847 5040
15.8385 5451
15.8567 5831
15.8824 6186
15.8899 6521
15.9081 6838
15.9263 7141
15.9431 7431
15.9529 7710
15.9694 7978
15.9858 8237
16.0013 8488
16.0175 8732
16.0336 8969
16.0491 9200
16.0647 9425
16.0802 9645
16.0955 9859
16.1104 10069
16.1259 10274
16.1409 10475
16.157 10672
16.1723 10866
16.1884 11056
16.2042 11243
16.2198 11427
16.2353 11608
16.2508 11786
16.2741 5040
16.3258 5451
16.3444 5831
16.3707 6186
16.3799 6521
16.3961 6838
16.4182 7141
16.4382 7431
16.454 7710
16.4639 7978
16.48 8237
16.4956 8488
16.5111 8732
16.5266 8969
16.5422 9200
16.5577 9425
16.5729 9645
16.5885 9859
16.6037 10069
16.619 10274
16.6348 10475
16.6497 10672
16.6656 10866
16.6808 11056
16.6966 11243
16.7128 11427
16.7283 11608
16.7439 11786
16.7672 5040
16.8189 5451
16.838 5831
16.864 6186
16.8717 6521
16.8894 6838
16.91 7141
16.9261 7431
16.9429 7710
16.959 7978
16.9748 8237
16.9904 8488
17.0059 8732
17.0214 8969
17.037 9200
17.0525 9425
17.0678 9645
17.0833 9859
17.0985 10069
17.1141 10274
17.129 10475
17.1448 10672
17.1601 10866
17.1762 11056
17.1924 11243
17.2079 11427
17.2243 11608
17.2399 11786
17.2629 5040
17.311 5451
17.331 5831
17.3561 6186
17.3654 6521
17.3815 6838
17.3908 7141
17.4069 7431
17.4162 7710
17.4323 7978
17.4487 8237
17.4652 8488
17.4807 8732
17.4962 8969
17.5121 9200
17.5276 9425
17.5428 9645
17.5578 9859
17.5733 10069
17.5889 10274
17.6038 10475
17.6199 10672
17.6355 10866
17.651 11056
17.6665 11243
17.6821 11427
17.6976 11608
17.7132 11786
17.7365 5040
17.787 5451
17.8061 5831
17.8336 6186
17.844 6521
17.8593 6838
17.8694 7141
17.8847 7431
17.8948 7710
17.9101 7978
17.9259 8237
17.942 8488
17.9582 8732
17.9737 8969
17.9898 9200
18.0054 9425
18.0209 9645
18.0365 9859
18.052 10069
18.0669 10274
18.0822 10475
18.0977 10672
18.113 10866
18.1291 11056
18.1443 11243
18.1602 11427
18.1757 11608
18.1918 11786
18.2151 5040
18.268 5451
18.2872 5831
18.3134 6186
18.3215 6521
18.3388 6838
18.3586 7141
18.3753 7431
18.3902 7710
18.4109 7978
18.4267 8237
18.4434 8488
18.4584 8732
18.4745 8969
18.49 9200
18.5056 9425
18.5208 9645
18.5358 9859
18.551 10069
18.5662 10274
18.5827 10475
18.5976 10672
18.6137 10866
18.6287 11056
18.6457 11243
18.661 11427
18.6768 11608
18.6923 11786
18.7156 5040
18.7643 5451
18.782 5831
18.8071 6186
18.8145 6521
18.8325 6838
18.8489 7141
18.8647 7431
18.8827 7710
18.8997 7978
18.9152 8237
18.9311 8488
18.9469 8732
18.9624 8969
18.978 9200
18.9932 9425
19.0082 9645
19.0234 9859
19.0389 10069
19.0536 10274
19.0697 10475
19.0849 10672
19.1008 10866
19.1163 11056
19.1319 11243
19.1468 11427
19.1623 11608
19.1779 11786
19.2006 5040
19.2517 5451
19.2684 5831
19.2941 6186
19.3022 6521
19.3195 6838
19.338 7141
19.3449 7431
19.3634 7710
19.3799 7978
19.3954 8237
19.4118 8488
19.4283 8732
19.4438 8969
19.4593 9200
19.4749 9425
19.4904 9645
19.5054 9859
19.5212 10069
19.5352 10274
19.5514 10475
19.566 10672
19.5816 10866
19.5977 11056
19.6129 11243
19.6288 11427
19.644 11608
19.6595 11786
19.6834 5040
19.7315 5451
19.7525 5831
19.7794 6186
19.785 6521
19.8051 6838
19.8224 7141
19.8304 7431
19.849 7710
19.8651 7978
19.8806 8237
19.8965 8488
19.9123 8732
19.9279 8969
19.9434 9200
19.9589 9425
19.9745 9645
19.9897 9859
20.0052 10069
20.0202 10274
20.0363 10475
20.0516 10672
20.0671 10866
20.0829 11056
20.0988 11243
20.1143 11427
20.1301 11608
20.1457 11786
20.1693 5040
20.2177 5451
20.2359 5831
20.2622 6186
20.2697 6521
20.2876 6838
20.3061 7141
20.3226 7431
20.339 7710
20.356 7978
20.3716 8237
20.3871 8488
20.4032 8732
20.4188 8969
20.4343 9200
20.4499 9425
20.4651 9645
20.4803 9859
20.4956 10069
20.5111 10274
20.527 10475
20.5422 10672
20.5577 10866
20.5733 11056
20.5894 11243
20.604 11427
20.6202 11608
20.6357 11786
20.6593 5040
20.7104 5451
20.7262 5831
20.7516 6186
20.7603 6521
20.777 6838
20.7863 7141
20.8024 7431
20.8117 7710
20.8278 7978
20.8446 8237
20.8601 8488
20.8756 8732
20.8912 8969
20.9067 9200
20.9223 9425
20.9378 9645
20.953 9859
20.9683 10069
20.9829 10274
20.9988 10475
21.014 10672
21.0301 10866
21.0451 11056
21.0606 11243
21.0767 11427
21.0929 11608
21.1084 11786
21.1317 5040
21.184 5451
21.204 5831
21.2297 6186
21.2384 6521
21.2554 6838
21.2742 7141
21.2907 7431
21.2999 7710
21.3164 7978
21.3319 8237
21.3481 8488
21.3642 8732
21.3797 8969
21.3953 9200
21.4108 9425
21.4263 9645
21.4419 9859
21.4568 10069
21.4724 10274
21.4876 10475
21.5028 10672
21.5184 10866
21.5339 11056
21.5491 11243
21.5647 11427
21.5802 11608
21.5958 11786
21.6194 5040
21.6687 5451
21.6869 5831
21.7141 6186
21.7186 6521
21.7395 6838
21.7574 7141
21.7738 7431
21.7837 7710
21.8002 7978
21.8157 8237
21.8306 8488
21.8462 8732
21.8605 8969
21.8758 9200
21.8907 9425
21.9056 9645
21.9206 9859
21.9349 10069
21.9502 10274
21.9645 10475
21.9794 10672
21.9941 10866
