1 10800
1.39952 1440
1.4348 2880
1.45727 4320
1.51584 5760
1.51584 6120
1.53855 6458
1.56126 6779
1.5842 7084
1.60691 7376
1.62962 7657
1.65209 7927
1.67408 8188
1.69655 8441
1.7195 8686
1.74221 8924
1.76468 9156
1.78739 9382
1.82061 3600
1.86436 4176
1.8873 4672
1.91001 5115
1.93344 5520
1.95663 5895
1.97981 6246
2.00204 6577
2.02499 6892
2.0477 7192
2.07017 7480
2.09144 7757
2.11439 8024
2.13662 8282
2.15885 8532
2.18084 8775
2.20284 9011
2.22507 9241
2.24706 9465
2.26881 9684
2.29128 9898
2.31351 10107
2.34578 4320
2.41152 4800
2.43399 5232
2.45646 5628
2.47893 5996
2.5014 6341
2.51502 6668
2.53725 6978
2.55948 7275
2.58147 7560
2.60275 7834
2.62522 8098
2.64721 8354
2.66944 8602
2.69095 8843
2.71271 9077
2.73589 9305
2.7586 9527
2.78131 9744
2.80402 9956
2.82649 10164
2.86019 4320
2.91661 4800
2.93932 5232
2.96179 5628
2.98425 5996
3.00672 6341
3.01796 6668
3.04043 6978
3.0629 7275
3.08537 7560
3.10784 7834
3.12911 8098
3.15134 8354
3.17429 8602
3.19676 8843
3.22066 9077
3.24337 9305
3.2656 9527
3.29955 3600
3.34496 4176
3.36815 4672
3.39086 5115
3.41333 5520
3.4358 5895
3.45827 6246
3.46998 6577
3.49245 6892
3.51492 7192
3.5393 7480
3.56177 7757
3.58424 8024
3.60695 8282
3.62894 8532
3.65165 8775
3.67484 9011
3.69779 9241
3.72049 9465
3.74296 9684
3.77739 3600
3.82233 4176
3.84551 4672
3.86822 5115
3.89308 5520
3.91722 5895
3.93993 6246
3.96336 6577
3.98631 6892
4.00902 7192
4.03148 7480
4.05276 7757
4.07475 8024
4.09842 8282
4.1216 8532
4.14431 8775
4.16726 9011
4.18997 9241
4.22367 3600
4.26861 4176
4.29252 4672
4.31546 5115
4.34247 5520
4.36566 5895
4.38837 6246
4.41108 6577
4.43379 6892
4.45626 7192
4.47873 7480
4.50048 7757
4.52247 8024
4.54566 8282
4.56861 8532
4.59131 8775
4.61402 9011
4.63649 9241
4.6702 3600
4.7149 4176
4.74024 4672
4.76294 5115
4.78996 5520
4.81266 5895
4.83561 6246
4.85832 6577
4.88079 6892
4.90326 7192
4.92573 7480
4.9482 7757
4.96995 8024
4.99266 8282
5.01561 8532
5.03832 8775
5.06079 9011
5.08326 9241
5.11696 3600
5.1619 4176
5.1858 4672
5.20851 5115
5.236 5520
5.25895 5895
5.28142 6246
5.29433 6577
5.31704 6892
5.33975 7192
5.36221 7480
5.38468 7757
5.40715 8024
5.42962 8282
5.45233 8532
5.47504 8775
5.50851 3600
5.56492 4176
5.58739 4672
5.6101 5115
5.63305 5520
5.65575 5895
5.67822 6246
5.69065 6577
5.71336 6892
5.73583 7192
5.7583 7480
5.78101 7757
5.80348 8024
5.82595 8282
5.84842 8532
5.87041 8775
5.89288 9011
5.91679 9241
5.93949 9465
5.96196 9684
5.98491 9898
6.01862 3600
6.06332 4176
6.08602 4672
6.10873 5115
6.13216 5520
6.15654 5895
6.17925 6246
6.20172 6577
6.22467 6892
6.24714 7192
6.26961 7480
6.29208 7757
6.31455 8024
6.33702 8282
6.35901 8532
6.38148 8775
6.40442 9011
6.42737 9241
6.44984 9465
6.47231 9684
6.50673 3600
6.55096 4176
6.57366 4672
6.59637 5115
6.62076 5520
6.64322 5895
6.66641 6246
6.68745 6577
6.71183 6892
6.73454 7192
6.75725 7480
6.77828 7757
6.7998 8024
6.8225 8282
6.84545 8532
6.86792 8775
6.89206 9011
6.91453 9241
6.94824 3600
6.99127 4176
7.01397 4672
7.03668 5115
7.05915 5520
7.08186 5895
7.106 6246
7.12919 6577
7.15357 6892
7.1758 7192
7.19851 7480
7.2217 7757
7.24202 8024
7.2652 8282
7.28935 8532
7.31206 8775
7.33476 9011
7.35747 9241
7.39142 3600
7.43612 4176
7.46217 4672
7.48536 5115
7.50926 5520
7.53221 5895
7.55492 6246
7.57787 6577
7.60034 6892
7.62281 7192
7.64528 7480
7.66703 7757
7.6895 8024
7.71316 8282
7.73563 8532
7.75858 8775
7.78129 9011
7.81499 3600
7.85993 4176
7.88599 4672
7.9087 5115
7.93141 5520
7.95603 5895
7.9785 6246
8.00144 6577
8.02415 6892
8.04662 7192
8.06909 7480
8.09156 7757
8.11355 8024
8.13602 8282
8.15849 8532
8.18048 8775
8.20367 9011
8.22734 9241
8.24981 9465
8.27228 9684
8.29475 9898
8.32845 3600
8.37339 4176
8.40112 4672
8.42383 5115
8.44845 5520
8.47092 5895
8.49841 6246
8.51203 6577
8.5345 6892
8.55697 7192
8.57944 7480
8.60191 7757
8.62438 8024
8.64685 8282
8.66956 8532
8.69203 8775
8.72573 3600
8.78191 4176
8.80438 4672
8.8321 5115
8.85888 5520
8.88135 5895
8.90382 6246
8.92653 6577
8.949 6892
8.97146 7192
8.99393 7480
9.0164 7757
9.03792 8024
9.05967 8282
9.08333 8532
9.10604 8775
9.12875 9011
9.15122 9241
9.17417 9465
9.20811 3600
9.25329 4176
9.27839 4672
9.3011 5115
9.32692 5520
9.34939 5895
9.37185 6246
9.39456 6577
9.41703 6892
9.4395 7192
9.46197 7480
9.48396 7757
9.50524 8024
9.52914 8282
9.55209 8532
9.57456 8775
9.59799 9011
9.62069 9241
9.6544 3600
9.69934 4176
9.72324 4672
9.74595 5115
9.77225 5520
9.79471 5895
9.81718 6246
9.83989 6577
9.86236 6892
9.88483 7192
9.9073 7480
9.92929 7757
9.95081 8024
9.97447 8282
9.99718 8532
10.0199 8775
10.0426 9011
10.0651 9241
10.0985 3600
10.1437 4176
10.1676 4672
10.1903 5115
10.2166 5520
10.2415 5895
10.2639 6246
10.2797 6577
10.3022 6892
10.3247 7192
10.3471 7480
10.3696 7757
10.3921 8024
10.4148 8282
10.4375 8532
10.4609 8775
10.4836 9011
10.5173 3600
10.5635 4176
10.5878 4672
10.6106 5115
10.6368 5520
10.6605 5895
10.683 6246
10.7002 6577
10.7227 6892
10.7451 7192
10.7676 7480
10.7901 7757
10.8125 8024
10.8348 8282
10.8572 8532
10.8754 8775
10.8979 9011
10.9227 9241
10.9454 9465
10.9679 9684
10.9906 9898
