1 11520
1.2268 1440
1.2718 2880
1.29252 4320
1.33435 5760
1.33435 6120
1.35407 6458
1.37319 6779
1.39192 7084
1.41064 7376
1.42797 7657
1.4461 7927
1.46443 8188
1.48415 8441
1.50526 8686
1.52598 8924
1.54331 9156
1.56283 9382
1.58295 9603
1.60187 9818
1.63096 3600
1.66801 4176
1.68892 4672
1.70984 5115
1.73056 5520
1.75127 5895
1.77199 6246
1.78115 6577
1.79291 6892
1.81103 7192
1.82916 7480
1.84789 7757
1.86482 8024
1.88314 8282
1.90028 8532
1.9184 8775
1.93553 9011
1.95286 9241
1.97358 9465
1.99231 9684
2.01043 9898
2.02936 10107
2.04729 10312
2.07398 4320
2.1178 4800
2.13892 5232
2.15963 5628
2.18035 5996
2.20107 6341
2.21003 6668
2.22198 6978
2.23931 7275
2.25724 7560
2.27517 7834
2.2925 8098
2.30983 8354
2.32875 8602
2.34589 8843
2.36122 9077
2.38095 9305
2.40146 9527
2.42079 9744
2.43971 9956
2.45804 10164
2.47636 10368
2.50345 4320
2.54867 4800
2.56959 5232
2.5903 5628
2.61102 5996
2.63174 6341
2.6417 6668
2.65265 6978
2.67198 7275
2.6899 7560
2.70823 7834
2.72735 8098
2.74608 8354
2.76699 8602
2.78691 8843
2.80564 9077
2.82636 9305
2.84687 9527
2.86819 9744
2.88691 9956
2.90564 10164
2.92416 10368
2.95245 4320
3.00086 4800
3.02157 5232
3.04229 5628
3.06301 5996
3.08372 6341
3.09348 6668
3.10464 6978
3.12417 7275
3.14409 7560
3.16302 7834
3.18095 8098
3.20127 8354
3.21979 8602
3.23911 8843
3.25903 9077
3.27975 9305
3.30087 9527
3.32178 9744
3.34051 9956
3.35883 10164
3.37676 10368
3.40564 4320
3.45564 4800
3.47636 5232
3.49708 5628
3.51779 5996
3.53851 6341
3.54887 6668
3.55943 6978
3.56979 7275
3.58034 7560
3.5907 7834
3.60923 8098
3.62855 8354
3.64488 8602
3.66441 8843
3.68512 9077
3.70604 9305
3.72636 9527
3.74707 9744
3.76779 9956
3.79648 3600
3.84249 4176
3.86361 4672
3.88452 5115
3.90524 5520
3.92596 5895
3.94667 6246
3.95663 6577
3.96759 6892
3.97755 7192
3.9885 7480
3.99846 7757
4.00942 8024
4.02795 8282
4.04667 8532
4.0646 8775
4.08292 9011
4.10284 9241
4.12237 9465
4.14049 9684
4.16141 9898
4.18173 10107
4.20264 10312
4.23173 4320
4.27894 4800
4.30025 5232
4.32097 5628
4.34169 5996
4.3624 6341
4.37336 6668
4.38332 6978
4.39427 7275
4.40423 7560
4.41519 7834
4.43451 8098
4.45364 8354
4.47236 8602
4.49109 8843
4.50921 9077
4.52734 9305
4.54666 9527
4.56638 9744
4.58571 9956
4.60662 10164
4.62694 10368
4.65821 4320
4.70542 4800
4.72614 5232
4.74686 5628
4.76758 5996
4.78829 6341
4.79785 6668
4.80921 6978
4.82953 7275
4.85004 7560
4.86976 7834
4.88889 8098
4.90741 8354
4.92634 8602
4.94486 8843
4.96359 9077
4.98172 9305
5.00203 9527
5.02255 9744
5.04128 9956
5.06219 10164
5.08191 10368
5.11199 4320
5.1586 4800
5.17932 5232
5.20004 5628
5.22076 5996
5.24147 6341
5.25243 6668
5.27255 6978
5.29267 7275
5.31219 7560
5.33131 7834
5.35024 8098
5.36856 8354
5.38609 8602
5.40362 8843
5.42394 9077
5.44286 9305
5.46219 9527
5.4827 9744
5.50302 9956
5.52354 10164
5.54346 10368
5.57234 4320
5.61975 4800
5.64047 5232
5.66119 5628
5.6819 5996
5.70262 6341
5.71338 6668
5.72354 6978
5.73429 7275
5.74445 7560
5.75521 7834
5.77393 8098
5.79266 8354
5.81158 8602
5.83031 8843
5.84903 9077
5.86835 9305
5.88867 9527
5.90899 9744
5.92752 9956
5.94843 10164
5.96795 10368
5.99863 4320
6.04604 4800
6.06676 5232
6.08787 5628
6.10859 5996
6.12931 6341
6.13986 6668
6.15022 6978
6.16118 7275
6.17114 7560
6.18209 7834
6.20042 8098
6.21934 8354
6.23827 8602
6.25699 8843
6.27572 9077
6.29424 9305
6.31277 9527
6.3299 9744
6.34803 9956
6.36735 10164
6.38687 10368
6.41755 4320
6.46655 4800
6.48767 5232
6.50838 5628
6.5291 5996
6.54982 6341
6.55938 6668
6.57073 6978
6.59045 7275
6.61117 7560
6.63129 7834
6.65121 8098
6.66994 8354
6.68886 8602
6.70798 8843
6.72671 9077
6.74523 9305
6.76475 9527
6.78547 9744
6.8032 9956
6.81953 10164
6.84045 10368
6.87232 4320
6.92152 4800
6.94224 5232
6.96296 5628
6.98368 5996
7.00439 6341
7.01375 6668
7.02531 6978
7.04503 7275
7.06535 7560
7.08467 7834
7.10379 8098
7.12252 8354
7.14184 8602
7.16056 8843
7.17949 9077
7.19861 9305
7.21833 9527
7.23407 9744
7.25319 9956
7.27232 10164
7.29363 10368
7.3249 4320
7.37172 4800
7.39243 5232
7.41315 5628
7.43387 5996
7.45458 6341
7.46514 6668
7.4755 6978
7.48606 7275
7.50638 7560
7.52689 7834
7.54602 8098
7.56474 8354
7.58367 8602
7.60239 8843
7.62112 9077
7.63984 9305
7.65856 9527
7.67749 9744
7.69661 9956
7.71733 10164
7.73705 10368
7.76832 4320
7.81753 4800
7.83844 5232
7.85916 5628
7.87988 5996
7.90079 6341
7.91035 6668
7.92171 6978
7.94143 7275
7.96155 7560
7.98107 7834
7.99999 8098
8.01912 8354
8.03784 8602
8.05696 8843
8.07549 9077
8.09541 9305
8.11294 9527
8.13107 9744
8.14939 9956
8.16991 10164
8.19063 10368
8.2217 4320
8.2711 4800
8.29182 5232
8.31254 5628
8.33326 5996
8.35397 6341
8.36473 6668
8.38485 6978
8.40457 7275
8.42389 7560
8.44282 7834
8.46174 8098
8.48046 8354
8.49899 8602
8.51771 8843
8.53684 9077
8.55516 9305
8.57309 9527
8.59281 9744
8.61194 9956
8.63206 10164
8.65297 10368
8.68325 4320
8.73066 4800
8.75177 5232
8.77249 5628
8.79321 5996
8.81392 6341
8.82428 6668
8.83484 6978
8.85416 7275
8.87349 7560
8.89221 7834
8.91113 8098
8.93006 8354
8.94878 8602
8.96731 8843
8.98603 9077
9.00476 9305
9.02388 9527
9.04241 9744
9.06312 9956
9.08364 10164
9.10436 10368
9.13404 4320
9.18225 4800
9.20356 5232
9.22448 5628
9.24519 5996
9.26591 6341
9.27687 6668
9.28683 6978
9.30694 7275
9.32686 7560
9.34698 7834
9.36611 8098
9.38523 8354
9.40396 8602
9.42168 8843
9.44121 9077
9.46093 9305
9.47786 9527
9.49499 9744
9.5161 9956
9.53762 10164
9.55834 10368
9.58822 4320
9.63782 4800
9.65853 5232
9.67925 5628
9.69997 5996
9.72068 6341
9.73124 6668
9.7416 6978
9.75256 7275
9.77228 7560
9.7916 7834
9.81052 8098
9.82945 8354
9.84817 8602
9.8669 8843
9.88562 9077
9.90454 9305
9.92267 9527
9.9406 9744
9.96052 9956
9.98084 10164
10.0006 10368
10.0314 4320
10.079 4800
10.1002 5232
10.1209 5628
10.1416 5996
10.1623 6341
10.1719 6668
10.1832 6978
10.1932 7275
10.2041 7560
10.2141 7834
10.2334 8098
10.2521 8354
10.2709 8602
10.2896 8843
10.3083 9077
10.3266 9305
10.3452 9527
10.3633 9744
10.3822 9956
10.4013 10164
10.4223 10368
10.4527 4320
10.5019 4800
10.5227 5232
10.5434 5628
10.5641 5996
10.5848 6341
10.5932 6668
10.6057 6978
10.6264 7275
10.6466 7560
10.6665 7834
10.6852 8098
10.7041 8354
10.7231 8602
10.7414 8843
10.7601 9077
10.779 9305
10.7958 9527
10.8145 9744
10.8348 9956
10.8537 10164
10.8739 10368
10.9037 4320
10.9519 4800
10.9727 5232
10.9934 5628
11.0143 5996
11.0353 6341
11.0554 6668
11.0746 6978
11.0941 7275
11.1128 7560
11.1314 7834
11.1497 8098
11.168 8354
11.1863 8602
11.2047 8843
11.223 9077
11.2411 9305
11.261 9527
11.276 9744
11.2949 9956
11.3144 10164
11.3351 10368
11.3658 4320
11.4138 4800
11.4345 5232
11.4552 5628
11.476 5996
11.4967 6341
11.5076 6668
11.5284 6978
11.5483 7275
11.5674 7560
11.5857 7834
11.6041 8098
11.6224 8354
11.6407 8602
11.659 8843
11.6768 9077
11.6951 9305
11.7124 9527
11.7276 9744
11.7457 9956
11.7664 10164
11.7873 10368
11.8178 4320
11.8648 4800
11.8857 5232
11.907 5628
11.9278 5996
11.9485 6341
11.959 6668
11.9694 6978
11.9805 7275
11.9903 7560
12.0015 7834
12.0198 8098
12.0381 8354
12.0564 8602
12.0748 8843
12.0933 9077
12.1114 9305
12.1297 9527
12.1451 9744
12.1642 9956
12.1835 10164
12.204 10368
12.2327 4320
12.2819 4800
12.3028 5232
12.3236 5628
12.3443 5996
12.365 6341
12.3732 6668
12.3859 6978
12.4064 7275
12.4267 7560
12.4463 7834
12.4642 8098
12.4827 8354
12.5012 8602
12.5196 8843
12.5379 9077
12.556 9305
12.5746 9527
12.5941 9744
12.6128 9956
12.6273 10164
12.6481 10368
12.6779 4320
12.7277 4800
12.7489 5232
12.7696 5628
12.7903 5996
12.811 6341
12.8206 6668
12.8319 6978
12.852 7275
12.8724 7560
12.8911 7834
12.9096 8098
12.9277 8354
12.9463 8602
12.9646 8843
12.9829 9077
13.0008 9305
13.0206 9527
13.0393 9744
13.054 9956
13.0676 10164
13.0909 10368
13.1206 4320
13.1773 4800
13.1959 5232
13.2168 5628
13.2375 5996
13.2582 6341
13.2678 6668
13.2791 6978
13.2986 7275
13.3178 7560
13.3365 7834
13.3548 8098
13.3731 8354
13.3913 8602
13.4098 8843
13.4281 9077
13.4465 9305
13.465 9527
13.4835 9744
13.4994 9956
13.5132 10164
13.5351 10368
13.5662 4320
13.6243 4800
13.6433 5232
13.664 5628
13.6847 5996
13.7054 6341
13.7158 6668
13.7263 6978
13.7369 7275
13.7472 7560
13.7578 7834
13.7761 8098
13.7945 8354
13.8128 8602
13.8311 8843
13.8492 9077
13.8678 9305
13.8857 9527
13.902 9744
13.9202 9956
13.9397 10164
13.9488 10368
13.9821 4320
14.0399 4800
14.0582 5232
14.0789 5628
14.0996 5996
14.1203 6341
14.1283 6668
14.1413 6978
14.1612 7275
14.1813 7560
14.1998 7834
14.2186 8098
14.2369 8354
14.2548 8602
14.2731 8843
14.2913 9077
14.3098 9305
14.3277 9527
14.3462 9744
14.3646 9956
14.3801 10164
14.3933 10368
14.4233 4320
14.4855 4800
14.5038 5232
14.5245 5628
14.5452 5996
14.566 6341
14.5771 6668
14.5869 6978
14.6074 7275
14.6271 7560
14.6454 7834
14.664 8098
14.6823 8354
14.7006 8602
14.7187 8843
14.7373 9077
14.7556 9305
14.7739 9527
14.7907 9744
14.8086 9956
14.8209 10164
14.8385 10368
14.8733 4320
14.9325 4800
14.9508 5232
14.9715 5628
14.9922 5996
15.013 6341
15.0247 6668
15.0339 6978
15.0456 7275
15.0657 7560
15.0851 7834
15.1036 8098
15.1219 8354
15.1403 8602
15.1582 8843
15.1765 9077
15.195 9305
15.2058 9527
15.2233 9744
15.2397 9956
15.2604 10164
15.2787 10368
15.2918 10568
15.3241 4320
15.3729 4800
15.3936 5232
15.4143 5628
15.4351 5996
15.4558 6341
15.4657 6668
15.4767 6978
15.497 7275
15.5173 7560
15.5369 7834
15.5552 8098
15.5733 8354
15.5916 8602
15.6102 8843
15.6285 9077
15.6466 9305
15.6637 9527
15.6813 9744
15.6992 9956
15.7161 10164
15.7339 10368
15.7641 4320
15.8235 4800
15.8416 5232
15.8629 5628
15.8837 5996
15.9044 6341
15.9141 6668
15.9253 6978
15.9357 7275
15.9462 7560
15.9566 7834
15.9747 8098
15.993 8354
16.0114 8602
16.0295 8843
16.0478 9077
16.0661 9305
16.0845 9527
16.1028 9744
16.1231 9956
16.1394 10164
16.1554 10368
16.1813 4320
16.2424 4800
16.2613 5232
16.2827 5628
16.3034 5996
16.3241 6341
16.3323 6668
16.345 6978
16.3645 7275
16.3849 7560
16.405 7834
16.4247 8098
16.443 8354
16.4613 8602
16.4797 8843
16.498 9077
16.5163 9305
16.5337 9527
16.551 9744
16.5705 9956
16.5892 10164
16.6016 10368
16.6319 4320
16.694 4800
16.7125 5232
16.7335 5628
16.7542 5996
16.7749 6341
16.7838 6668
16.7958 6978
16.8155 7275
16.8352 7560
16.8542 7834
16.8725 8098
16.8908 8354
16.9091 8602
16.9275 8843
16.9458 9077
16.9641 9305
16.9811 9527
17.0002 9744
17.0207 9956
17.0325 10164
17.0492 10368
17.0828 4320
17.1396 4800
17.1579 5232
17.1787 5628
17.1994 5996
17.2201 6341
17.2311 6668
17.241 6978
17.252 7275
17.2717 7560
17.2908 7834
17.3091 8098
17.3275 8354
17.3458 8602
17.3641 8843
17.3824 9077
17.4008 9305
17.4169 9527
17.4358 9744
17.456 9956
17.4667 10164
17.484 10368
17.501 10568
17.5324 4320
17.5791 4800
17.6004 5232
17.6211 5628
17.6418 5996
17.6625 6341
17.6725 6668
17.6834 6978
17.7028 7275
17.7223 7560
17.7416 7834
17.7599 8098
17.7783 8354
17.7966 8602
17.8149 8843
17.8332 9077
17.8518 9305
17.8683 9527
17.888 9744
17.8986 9956
17.9165 10164
17.9352 10368
17.9543 10568
17.9852 4320
18.0314 4800
18.053 5232
18.0737 5628
18.0944 5996
18.1151 6341
18.1253 6668
18.136 6978
18.147 7275
18.1569 7560
18.1679 7834
18.186 8098
18.2043 8354
18.2229 8602
18.2412 8843
18.2591 9077
18.2775 9305
18.2964 9527
18.3147 9744
18.333 9956
18.3486 10164
18.3659 10368
18.396 4320
18.4565 4800
18.4749 5232
18.4958 5628
18.5165 5996
18.5372 6341
18.5474 6668
18.5581 6978
18.5784 7275
18.5972 7560
18.6163 7834
18.6352 8098
18.6533 8354
18.6717 8602
18.69 8843
18.7085 9077
18.727 9305
18.742 9527
18.7591 9744
18.7802 9956
18.7902 10164
18.8081 10368
18.8418 4320
18.8996 4800
18.9177 5232
18.9386 5628
18.9593 5996
18.98 6341
18.9916 6668
19.0123 6978
19.0306 7275
19.049 7560
19.0673 7834
19.0858 8098
19.1041 8354
19.1225 8602
19.1408 8843
19.1591 9077
19.1776 9305
19.195 9527
19.2131 9744
19.231 9956
19.2412 10164
19.2601 10368
19.2932 4320
19.3497 4800
19.3681 5232
19.3892 5628
19.4099 5996
19.4306 6341
19.4402 6668
19.4515 6978
19.4703 7275
19.4886 7560
19.5071 7834
19.5254 8098
19.5438 8354
19.5621 8602
19.5804 8843
19.5987 9077
19.6155 9305
19.6322 9527
19.6501 9744
19.6649 9956
19.683 10164
19.7019 10368
19.733 4320
19.789 4800
19.8079 5232
19.8286 5628
19.8493 5996
19.8701 6341
19.88 6668
19.891 6978
19.9099 7275
19.9282 7560
19.9465 7834
19.9649 8098
19.9832 8354
20.0015 8602
20.0199 8843
20.0378 9077
20.0565 9305
20.074 9527
20.0918 9744
20.1095 9956
20.1246 10164
20.1394 10368
20.1722 4320
20.2304 4800
20.2487 5232
20.2697 5628
20.2904 5996
20.3111 6341
20.3216 6668
20.332 6978
20.3515 7275
20.3698 7560
20.3882 7834
20.4065 8098
20.4248 8354
20.443 8602
20.4617 8843
20.4798 9077
20.4983 9305
20.5163 9527
20.5364 9744
20.5493 9956
20.5643 10164
20.5852 10368
20.6184 4320
20.6766 4800
20.6953 5232
20.7165 5628
20.7372 5996
20.7579 6341
20.7686 6668
20.7788 6978
20.7985 7275
20.8169 7560
20.8352 7834
20.8535 8098
20.8718 8354
20.8902 8602
20.9085 8843
20.9268 9077
20.9459 9305
20.9667 9527
20.9804 9744
20.9939 9956
21.0111 10164
21.035 10368
21.0647 4320
21.1206 4800
21.1394 5232
21.1603 5628
21.181 5996
21.2017 6341
21.2117 6668
21.2226 6978
21.2415 7275
21.2599 7560
21.2782 7834
21.2965 8098
21.3149 8354
21.3332 8602
21.3511 8843
21.3694 9077
21.388 9305
21.4083 9527
21.4232 9744
21.4384 9956
21.4593 10164
21.4804 10368
21.5113 4320
21.5593 4800
21.5806 5232
21.6013 5628
21.622 5996
21.6427 6341
21.6539 6668
21.6637 6978
21.6842 7275
21.7025 7560
21.7212 7834
21.7395 8098
21.7579 8354
21.7762 8602
21.7945 8843
21.8123 9077
21.832 9305
21.8527 9527
21.8631 9744
21.8806 9956
21.8965 10164
21.9172 10368
21.9469 4320
