1 14400
1.07986 1440
1.08028 2880
1.08068 4320
1.08108 5760
1.08151 7200
1.08151 7488
1.08194 7764
2.08294 1440
2.28377 2880
2.28419 4320
2.28419 4800
2.2846 5232
2.28499 5628
2.2854 5996
2.28583 6341
2.28627 6668
2.28751 2880
2.28836 3600
2.28873 4176
2.28912 4672
2.28954 5115
2.28997 5520
2.29041 5895
2.29079 6246
2.2908 6577
2.2912 6892
2.29121 7192
2.29164 7480
2.29164 7757
2.29204 8024
2.29205 8282
2.29244 8532
2.29245 8775
2.29283 9011
2.29283 9241
2.29284 9465
2.29326 9684
2.29326 9898
2.29326 10107
2.29369 10312
2.29369 10513
2.29369 10710
2.29411 10903
2.29412 11093
2.29412 11279
2.2945 11462
2.29451 11642
2.29451 11820
2.29489 11995
2.2949 12167
2.2949 12337
2.2949 12505
2.2953 12670
2.29531 12833
2.29531 12994
2.29532 13153
2.29574 13310
2.29574 13465
2.29574 13618
2.29575 13770
2.29617 13920
2.29617 14068
2.29617 14215
2.29618 14360
2.29659 14504
2.29659 14646
2.29659 14787
2.2966 14927
2.29699 15065
2.29699 15202
2.297 15338
2.297 15473
2.29701 15607
2.2974 15739
2.29741 15870
2.29741 16000
2.29741 16129
2.29742 16257
2.29784 16384
2.29784 16510
2.29784 16635
2.29785 16759
2.29785 16882
2.29827 17004
2.29827 17125
2.29827 17246
2.29828 17366
2.29828 17485
2.29869 17603
2.2987 17720
2.2987 17837
2.2987 17953
2.29871 18068
2.29871 18182
2.29911 18296
2.29911 18409
2.29911 18521
2.29912 18632
2.29912 18743
2.29912 18853
2.29952 18962
2.29953 19071
2.29953 19179
2.29953 19287
2.29954 19394
2.29954 19500
2.29995 19606
2.29996 19711
2.29996 19816
2.29996 19920
2.29997 20024
2.29997 20127
2.30037 20230
2.30037 20332
2.30038 20433
2.30038 20534
2.30038 20634
2.30039 20734
2.30078 20834
2.30079 20933
2.30079 21032
2.30079 21130
2.3008 21228
2.3008 21325
2.3008 21422
2.30121 21518
2.30121 21614
2.30122 21709
2.30122 21804
2.30122 21899
2.30123 21993
2.30123 22087
2.30164 22180
2.30165 22273
2.30165 10080
2.30206 10285
2.30247 10486
2.30247 10683
2.30248 10877
2.30289 11067
2.3029 11254
2.3029 11438
2.30333 11619
2.30333 11797
2.30333 11972
2.30376 12145
2.30376 12315
2.30376 12483
2.30377 12649
2.30417 12812
2.30418 12973
2.30418 13132
2.30418 13289
2.3046 13445
2.30461 13599
2.30461 13751
2.30461 13901
2.30503 14050
2.30503 14197
2.30504 14343
2.30504 14487
2.30546 14630
2.30547 6480
2.3063 6800
2.30671 7104
2.30671 7395
2.30714 7675
2.30757 2880
2.30843 3600
2.30884 4176
2.30926 4672
2.30969 5115
2.31012 5520
2.31053 5895
2.31092 6246
2.31092 6577
2.31133 6892
2.31134 7192
2.31177 7480
2.31177 7757
2.31218 8024
2.31219 8282
2.31258 8532
2.31258 8775
2.31295 9011
2.31295 9241
2.31295 9465
2.31334 9684
2.31334 9898
2.31334 10107
2.31377 10312
2.31377 10513
2.31378 10710
2.31419 4320
2.31462 4800
2.31502 5232
2.31543 5628
2.31587 5996
2.3163 2880
2.31672 3600
2.31711 4176
2.31753 4672
2.31797 5115
2.31878 2880
2.31919 3600
2.31961 4176
2.52005 4672
2.52091 2880
2.52132 3600
2.52174 4176
2.52217 4672
2.52261 5115
2.52339 2880
2.52374 3600
2.52411 4176
2.52452 4672
2.52495 5115
2.52538 5520
2.52579 5895
2.5262 6246
2.5262 6577
2.52664 6892
2.52706 2880
2.52748 3600
2.52787 4176
2.52825 4672
2.52867 5115
2.5291 5520
2.52953 5895
2.52993 6246
2.52994 6577
2.53034 6892
2.53034 7192
2.53077 7480
2.53078 7757
2.53121 8024
2.53121 8282
2.53163 8532
2.53163 8775
2.53203 9011
2.53204 9241
2.53204 9465
2.53245 9684
2.53245 9898
2.53246 10107
2.53288 10312
2.53288 10513
2.53289 10710
2.53331 10903
2.53331 11093
2.53332 11279
2.53373 11462
2.53373 11642
2.53373 11820
2.53411 11995
2.53412 12167
2.53412 12337
2.53412 12505
2.53452 12670
2.53453 12833
2.53453 12994
2.53453 13153
2.53496 13310
2.53496 13465
2.53496 13618
2.53538 5760
2.5358 6120
2.53581 6458
2.5362 6779
2.5362 7084
2.53661 7376
2.53662 7657
2.53705 7927
2.53705 8188
2.53748 8441
2.53748 8686
2.5379 8924
2.5379 9156
2.53791 9382
2.53827 9603
2.53828 9818
2.53828 10029
2.53868 10235
2.53868 10437
2.53868 10635
2.53911 10829
2.53911 4320
2.53955 4800
2.53996 5232
2.54036 5628
2.54077 5996
2.5412 6341
2.5412 6668
2.54163 6978
2.54163 7275
2.54206 7560
2.54206 7834
2.54249 8098
2.54249 8354
2.54292 8602
2.54293 8843
2.54334 9077
2.54335 9305
2.54335 9527
2.54377 9744
2.54378 9956
2.54378 10164
2.54419 10368
2.5442 10568
2.5442 10764
2.54462 10956
2.54463 11145
2.54463 11331
2.54504 11514
2.54504 11694
2.54505 11871
2.54545 12045
2.54545 12217
2.54546 12386
2.54546 12553
2.54585 12718
2.54586 12881
2.54586 13041
2.54587 13200
2.54629 13357
2.54629 13512
2.5463 13665
2.54671 5760
2.54712 6120
2.54712 6458
2.54749 6779
2.5475 7084
2.54788 7376
2.54789 7657
2.54831 7927
2.54832 8188
2.54874 8441
2.54874 8686
2.54917 8924
2.54918 9156
2.5496 9382
2.5496 3600
2.55003 4176
2.55046 4672
2.55088 5115
2.5513 5520
2.55173 5895
2.55215 6246
2.55216 6577
2.55257 6892
2.55257 7192
2.55299 7480
2.553 7757
2.55343 8024
2.55386 2880
2.55429 3600
2.55467 4176
2.55506 4672
2.55549 5115
2.55592 5520
2.55635 5895
2.55676 6246
2.55676 6577
2.55719 6892
2.55762 7192
2.55806 2880
2.55846 3600
2.55883 4176
2.55922 4672
2.55965 5115
2.56051 2880
2.56092 3600
2.56134 4176
2.76177 4672
2.76263 2880
2.76306 3600
2.76345 4176
2.76384 4672
2.76424 5115
2.76467 5520
2.7651 5895
2.76552 6246
2.76553 6577
2.76595 6892
2.76596 7192
2.76639 7480
2.76639 7757
2.7668 8024
2.7668 8282
2.76721 8532
2.76721 8775
2.76761 9011
2.76761 9241
2.76762 9465
2.76804 9684
2.76805 9898
2.76805 10107
2.76848 10312
2.76848 10513
2.76848 10710
2.76891 4320
2.76933 4800
2.7697 5232
2.77008 5628
2.77051 5996
2.77095 6341
2.77138 6668
2.77181 2880
2.77224 3600
2.77266 4176
2.77309 4672
2.7735 5115
2.77385 5520
2.77421 5895
2.77462 6246
2.77462 6577
2.77505 6892
2.77505 7192
2.77547 7480
2.77547 7757
2.77589 8024
2.7759 8282
2.77633 8532
2.77633 8775
2.77674 9011
2.77674 9241
2.77675 9465
2.77716 9684
2.77716 9898
2.77716 10107
2.77757 10312
2.77757 10513
2.77757 10710
2.77797 10903
2.77797 11093
2.77797 11279
2.7784 11462
2.77841 4320
2.77884 4800
2.77926 5232
2.77963 5628
2.78002 5996
2.78045 6341
2.78129 2880
2.78215 3600
2.78258 4176
2.78301 4672
2.78342 5115
2.78383 5520
2.78427 5895
2.7847 2880
2.78511 3600
2.78551 4176
2.78593 4672
2.78636 5115
2.7872 2880
2.78759 3600
2.78798 4176
2.98842 4672
2.98927 2880
2.98968 3600
2.99011 4176
2.99054 4672
2.99097 5115
2.99138 5520
2.99174 5895
2.99212 6246
2.99213 6577
2.99256 6892
2.99256 7192
2.99299 7480
2.99299 7757
2.99342 8024
2.99342 8282
2.99381 8532
2.99381 8775
2.99419 9011
2.9942 9241
2.9942 9465
2.9946 9684
2.9946 9898
2.99461 10107
2.99503 10312
2.99504 10513
2.99504 10710
2.99547 4320
2.99589 4800
2.99628 5232
2.9967 5628
2.99713 5996
2.99755 2880
2.99797 3600
2.99838 4176
2.99881 4672
2.99924 5115
3.00009 2880
3.00052 3600
3.00094 4176
3.00136 4672
3.00179 5115
3.0022 5520
3.0026 5895
3.00303 6246
3.00346 6577
3.0039 2880
3.0043 3600
3.0047 4176
3.00511 4672
3.00554 5115
3.00597 5520
3.0064 5895
3.00682 6246
3.00683 6577
3.00726 6892
3.00726 7192
3.00768 7480
3.00769 7757
3.00808 8024
3.00808 8282
3.0085 8532
3.0085 8775
3.00893 9011
3.00935 3600
3.01019 4176
3.01061 4672
3.01104 5115
3.01147 5520
3.01189 5895
3.01232 6246
3.01232 6577
3.01274 6892
3.01274 7192
3.01317 7480
3.01317 7757
3.0136 8024
3.01361 8282
3.01402 8532
3.01402 8775
3.01444 9011
3.01445 9241
3.01445 9465
3.01487 9684
3.01488 9898
3.01488 10107
3.01531 10312
3.01531 10513
3.01531 10710
3.01574 4320
3.01613 4800
3.0165 5232
3.01689 5628
3.01732 5996
3.01774 2880
3.01817 3600
3.01859 4176
3.01902 4672
3.01944 5115
3.01986 5520
3.02028 5895
3.02069 6246
3.02069 6577
3.02112 6892
3.02112 7192
3.02155 7480
3.02155 7757
3.02198 8024
3.02199 8282
3.02241 8532
3.02242 8775
3.02284 9011
3.02285 9241
3.02285 9465
3.02328 9684
3.02328 9898
3.02328 10107
3.02371 10312
3.02371 10513
3.02372 10710
3.02412 4320
3.02451 4800
3.0249 5232
3.02531 5628
3.02574 5996
3.02617 2880
3.0266 3600
3.02701 4176
3.02741 4672
3.02784 5115
3.02827 5520
3.0287 5895
3.02909 6246
3.0291 6577
3.02949 6892
3.02949 7192
3.0299 7480
3.02991 7757
3.03033 8024
3.03034 8282
3.03076 8532
3.03076 8775
3.03118 9011
3.03119 9241
3.03119 9465
3.03162 9684
3.03162 9898
3.03162 10107
3.03205 10312
3.03205 10513
3.03205 10710
3.03247 10903
3.03248 11093
3.03248 11279
3.03289 11462
3.03289 11642
3.0329 11820
3.03331 11995
3.03331 12167
3.03332 12337
3.03332 12505
3.03375 12670
3.03375 5040
3.03418 5451
3.03459 5831
3.03502 6186
3.03502 6521
3.03544 6838
3.03544 7141
3.03587 7431
3.03587 7710
3.0363 7978
3.0363 8237
3.03673 8488
3.03673 8732
3.03715 8969
3.03715 9200
3.03716 9425
3.03757 9645
3.03758 9859
3.03758 10069
3.038 10274
3.03801 10475
3.03801 10672
3.03841 10866
3.03841 11056
3.03842 11243
3.03884 11427
3.03885 11608
3.03885 11786
3.03927 11961
3.03928 12134
3.03928 12304
3.03971 5040
3.04054 5451
3.04092 5831
3.04132 6186
3.04133 6521
3.04176 6838
3.04176 7141
3.04219 7431
3.04219 7710
3.04261 7978
3.04261 8237
3.043 8488
3.043 8732
3.04342 8969
3.04342 9200
3.04342 9425
3.04385 9645
3.04385 9859
3.04386 10069
3.04428 10274
3.04429 10475
3.04429 10672
3.0447 10866
3.04471 11056
3.04471 11243
3.04508 11427
3.04508 11608
3.04508 11786
3.04545 11961
3.04546 12134
3.04546 12304
3.04546 12472
3.04588 12638
3.04588 12802
3.04589 12963
3.04589 13122
3.04631 13280
3.04631 13436
3.04632 13590
3.04632 13742
3.04674 13892
3.04675 14041
3.04675 14188
3.04675 14334
3.04716 14478
3.04717 14621
3.04717 14762
3.04718 14902
3.04758 15041
3.04758 15178
3.04759 15314
3.04759 15449
3.04759 15583
3.04801 15716
3.04801 15847
3.04802 15977
3.04802 16106
3.04802 16234
3.04844 16361
3.04845 16487
3.04845 7200
3.04888 7488
3.04923 7764
3.04924 8031
3.04958 8289
3.04958 8539
3.04995 8781
3.04995 9017
3.05037 9246
3.05038 9470
3.05038 9688
3.05081 9902
3.05081 10111
3.05081 10316
3.05124 10517
3.05124 10714
3.05125 10907
3.05167 11097
3.05167 11283
3.05168 11466
3.05209 11646
3.0521 11824
3.0521 11999
3.05251 12171
3.05251 12341
3.05252 12509
3.05252 12674
3.05294 12837
3.05295 12998
3.05295 13157
3.05295 13314
3.05338 13469
3.05338 13622
3.05338 13774
3.05339 13924
3.05379 14072
3.0538 14219
3.0538 14364
3.05381 14508
3.05421 14650
3.05421 14791
3.05421 14931
3.05422 15069
3.05422 15206
3.05461 15342
3.05461 15477
3.05462 15610
3.05462 15742
3.05462 15873
3.05504 16003
3.05504 16132
3.05505 16260
3.05505 16387
3.05505 16513
3.05547 16638
3.05547 16762
3.05548 16885
3.05548 17007
3.05549 17128
3.05589 17249
3.05589 17369
3.0559 17488
3.0559 17606
3.05591 17723
3.0563 17840
3.05631 17956
3.05631 18071
3.05632 18185
3.05632 18299
3.05633 18412
3.05671 18524
3.05671 18635
3.05671 18746
3.05672 18856
3.05672 18965
3.05673 19074
3.05714 19182
3.05714 19290
3.05715 19397
3.05715 19503
3.05716 19609
3.05716 19714
3.05757 19819
3.05757 19923
3.05758 20027
3.05758 20130
3.05758 20233
3.05759 20335
3.05799 20436
3.05799 20537
3.05799 20637
3.058 20737
3.058 20836
3.058 20935
3.05801 21034
3.0584 21132
3.0584 21230
3.05841 21327
3.05841 21424
3.05841 21520
3.05842 21616
3.05842 21711
3.05881 21806
3.05882 21901
3.05882 21995
3.05883 22089
3.05883 22182
3.05883 22275
3.05884 22368
3.05924 22460
3.05925 22552
3.05925 22643
3.05926 22734
3.05926 22825
3.05926 22915
3.05927 23005
3.05967 23095
3.05968 23184
3.05968 23273
3.05969 23362
3.05969 23450
3.05969 23538
3.0597 23626
3.0601 23713
3.0601 23800
3.06011 23887
3.06011 23973
3.06011 24059
3.06012 24145
3.06012 24230
3.06012 24315
3.06053 24400
3.06053 24484
3.06054 24568
3.06054 24652
3.06055 24736
3.06055 24819
3.06055 24902
3.06056 24985
3.06096 25067
3.06096 25149
3.06097 25231
3.06098 25313
3.06098 25394
3.06098 25475
3.06099 25556
3.06099 25637
3.06139 25717
3.06139 25797
3.06139 25877
3.0614 25957
3.0614 26036
3.06141 26115
3.06141 26194
3.06141 26273
3.06181 26351
3.06181 26429
3.06181 26507
3.06182 26585
3.06182 26662
3.06183 26739
3.06183 26816
3.06184 26893
3.06184 26970
3.06224 27046
3.06224 27122
3.06224 27198
3.06225 27274
3.06226 27350
3.06226 27425
3.06226 27500
3.06227 27575
3.06227 27650
3.06267 27724
3.06267 27798
3.06268 27872
3.06269 27946
3.06269 28020
3.06269 28094
3.0627 12960
3.06313 13120
3.06353 13278
3.06354 13434
3.06354 13588
3.06354 13740
3.06393 13890
3.06393 14039
3.06394 14186
3.06394 14332
3.06436 14476
3.06436 14619
3.06437 14760
3.06437 14900
3.06479 15039
3.0648 15176
3.0648 6480
3.06522 6800
3.06561 7104
3.06562 7395
3.06603 7675
3.06604 7945
3.06646 8205
3.06646 8457
3.06689 8702
3.06689 8940
3.06732 9171
3.06732 9397
3.06774 3600
3.06816 4176
3.06857 4672
3.06901 5115
3.06986 2880
3.07028 3600
3.07071 4176
3.07114 4672
3.07157 5115
3.07198 5520
3.0724 5895
3.07284 6246
3.07327 6577
3.07369 2880
3.07411 3600
3.07452 4176
3.07496 4672
3.07538 5115
3.0758 5520
3.07622 5895
3.07665 6246
3.07708 6577
3.07751 2880
3.07793 3600
3.0783 4176
3.07868 4672
3.07909 5115
3.07952 5520
3.07995 5895
3.08037 6246
3.08037 6577
3.08079 6892
3.0808 7192
3.08122 7480
3.08123 7757
3.08165 8024
3.08165 8282
3.08205 8532
3.08206 8775
3.08244 9011
3.08244 9241
3.08245 9465
3.08286 9684
3.08287 9898
3.08287 10107
3.08329 10312
3.0833 10513
3.0833 10710
3.08372 10903
3.08373 11093
3.08373 11279
3.08414 11462
3.08414 11642
3.08414 11820
3.08454 11995
3.08455 12167
3.08455 12337
3.08456 12505
3.08497 12670
3.08498 12833
3.08498 12994
3.08498 13153
3.0854 13310
3.08541 13465
3.08541 13618
3.08541 13770
3.08582 13920
3.08583 14068
3.08583 14215
3.08583 14360
3.08623 14504
3.08623 14646
3.08623 14787
3.08624 14927
3.08663 15065
3.08663 15202
3.08663 15338
3.08664 15473
3.08664 15607
3.08706 15739
3.08706 15870
3.08707 16000
3.08707 16129
3.08707 16257
3.08749 16384
3.0875 16510
3.0875 7200
3.08791 7488
3.08826 7764
3.08826 8031
3.08862 8289
3.08862 8539
3.08902 8781
3.08902 9017
3.08945 9246
3.08945 9470
3.08946 9688
3.08988 9902
3.08989 10111
3.08989 10316
3.09032 10517
3.09032 10714
3.09073 4320
3.09115 4800
3.09116 5232
3.09159 5628
3.09202 5996
3.09244 6341
3.09245 6668
3.09285 6978
3.09285 7275
3.09328 7560
3.09328 7834
3.09371 8098
3.09371 8354
3.09414 8602
3.09414 8843
3.09456 9077
3.09457 9305
3.09457 9527
3.09499 9744
3.095 9956
3.095 10164
3.09542 10368
3.09543 10568
3.09543 10764
3.09584 10956
3.09584 11145
3.09585 11331
3.09621 11514
3.09622 11694
3.09622 11871
3.09659 12045
3.0966 12217
3.0966 12386
3.0966 12553
3.09703 12718
3.09703 12881
3.09704 13041
3.09704 13200
3.09746 13357
3.09747 13512
3.09747 13665
3.09787 5760
3.09826 6120
3.09826 6458
3.09865 6779
3.09866 7084
3.09908 7376
3.09909 7657
3.09952 7927
3.09992 2880
3.10029 3600
3.10066 4176
3.10107 4672
3.1015 5115
3.10193 5520
3.10236 5895
3.10278 6246
3.10278 6577
3.10318 6892
3.10319 7192
3.10362 7480
3.10362 7757
3.10404 8024
3.10405 8282
3.10447 8532
3.10448 8775
3.10489 9011
3.10489 9241
3.1049 9465
3.10528 9684
3.10528 9898
3.10528 10107
3.1057 10312
3.1057 10513
3.1057 10710
3.10613 10903
3.10613 11093
3.10613 11279
3.10656 11462
3.10656 11642
3.10657 11820
3.10697 11995
3.10697 12167
3.10698 12337
3.10698 12505
3.10738 12670
3.10738 12833
3.10738 12994
3.10739 13153
3.10781 13310
3.10781 13465
3.10781 13618
3.10782 13770
3.10823 13920
3.10824 14068
3.10824 14215
3.10825 14360
3.10867 14504
3.10868 6480
3.10908 6800
3.10944 7104
3.10945 7395
3.10981 7675
3.10981 7945
3.11022 8205
3.11022 8457
3.11065 8702
3.11107 3600
3.11148 4176
3.11189 4672
3.11232 5115
3.11275 5520
3.11318 5895
3.11356 6246
3.11356 6577
3.1139 6892
3.1139 7192
3.11428 7480
3.11428 7757
3.1147 8024
3.1147 8282
3.11513 8532
3.11513 8775
3.11556 9011
3.11556 9241
3.11598 9465
3.11598 3600
3.11641 4176
3.11684 4672
3.11726 5115
3.11767 5520
3.11809 5895
3.11851 6246
3.11852 6577
3.11895 6892
3.11895 7192
3.11938 7480
3.11938 7757
3.11979 8024
3.1198 8282
3.12019 8532
3.12019 8775
3.12062 9011
3.12105 3600
3.12189 4176
3.12233 4672
3.12276 5115
3.1236 2880
3.12403 3600
3.12444 4176
3.12487 4672
3.1253 5115
3.12573 5520
3.12614 5895
3.12658 6246
3.12701 6577
3.12744 2880
3.12786 3600
3.1283 4176
3.12873 4672
3.12914 5115
3.12954 5520
3.12995 5895
3.13038 6246
3.13081 6577
3.13122 2880
3.13164 3600
3.13207 4176
3.1325 4672
3.13293 5115
3.13334 5520
3.13375 5895
3.13418 6246
3.13418 6577
3.13461 6892
3.13504 2880
3.13545 3600
3.13586 4176
3.13629 4672
3.13672 5115
3.13714 5520
3.13749 5895
3.13784 6246
3.13785 6577
3.13823 6892
3.13824 7192
3.13867 7480
3.13867 7757
3.1391 8024
3.1395 2880
3.13993 3600
3.14036 4176
3.14079 4672
3.14121 5115
3.14163 5520
3.14203 5895
3.14244 6246
3.14245 6577
3.14288 6892
3.14288 7192
3.14331 7480
3.14331 7757
3.14373 8024
3.14373 8282
3.14416 8532
3.14416 8775
3.14458 9011
3.14459 9241
3.14459 9465
3.14502 9684
3.14502 9898
3.14502 10107
3.14543 10312
3.14544 10513
3.14544 10710
3.14584 10903
3.14585 11093
3.14585 11279
3.14627 11462
3.14627 11642
3.14628 11820
3.1467 11995
3.1467 12167
3.14671 12337
3.14671 12505
3.14714 12670
3.14714 5040
3.14757 5451
3.14799 5831
3.14842 6186
3.14842 6521
3.14883 6838
3.14884 7141
3.14924 7431
3.14924 7710
3.14967 7978
3.14967 8237
3.1501 8488
3.1501 8732
3.15053 8969
3.15053 9200
3.15054 9425
3.15092 9645
3.15093 9859
3.15093 10069
3.15133 10274
3.15133 10475
3.15134 10672
3.15174 10866
3.15174 11056
3.15175 11243
3.15217 11427
3.15217 11608
3.15217 11786
3.15259 11961
3.15259 12134
3.1526 12304
3.1526 12472
3.15301 12638
3.15302 12802
3.15302 12963
3.15302 13122
3.15345 13280
3.15345 13436
3.15345 13590
3.15346 13742
3.15388 13892
3.15388 14041
3.15389 14188
3.15389 14334
3.15431 14478
3.15431 14621
3.15432 14762
3.15432 14902
3.15472 15041
3.15472 15178
3.15473 15314
3.15473 15449
3.15474 15583
3.15515 15716
3.15515 15847
3.15516 15977
3.15516 16106
3.15516 16234
3.15558 16361
3.15559 16487
3.15559 16612
3.15559 16736
3.1556 16859
3.156 16981
3.156 17103
3.15601 17224
3.15601 17344
3.15601 17463
3.15643 17581
3.15643 17698
3.15644 17815
3.15644 17931
3.15644 18046
3.15645 18160
3.15687 18274
3.15687 7920
3.1573 8181
3.15771 8434
3.15771 8679
3.15809 8917
3.1581 9149
3.1581 9375
3.15852 9596
3.15853 9812
3.15853 10023
3.15896 10229
3.15896 10431
3.15897 10629
3.15939 10824
3.1594 4320
3.15981 4800
3.16019 5232
3.16058 5628
3.16101 5996
3.16144 6341
3.16187 6668
3.16226 2880
3.16265 3600
3.16308 4176
3.16351 4672
3.16394 5115
3.16435 5520
3.16477 5895
3.1652 6246
3.16563 6577
3.16686 2880
3.16772 3600
3.16812 4176
3.16854 4672
3.16897 5115
3.16982 2880
3.17024 3600
3.17064 4176
3.17104 4672
3.17147 5115
3.1719 5520
3.17232 5895
3.17274 6246
3.17275 6577
3.17314 6892
3.17315 7192
3.17357 7480
3.17357 7757
3.174 8024
3.17442 2880
3.17483 3600
3.17519 4176
3.17557 4672
3.17599 5115
3.17642 5520
3.17684 5895
3.17723 6246
3.17724 6577
3.17763 6892
3.17763 7192
3.17806 7480
3.17806 7757
3.1785 8024
3.17893 2880
3.17974 3600
3.38017 4176
3.38146 2880
3.38188 3600
3.38231 4176
3.58274 4672
3.58361 2880
3.58404 3600
3.58446 4176
3.78489 4672
3.78575 2880
3.78618 3600
3.78659 4176
3.787 4672
3.7874 5115
3.78783 5520
3.78824 5895
3.78866 6246
3.78866 6577
3.78906 6892
3.78906 7192
3.78944 7480
3.78944 7757
3.78987 8024
3.7903 2880
3.79073 3600
3.79115 4176
3.79157 4672
3.792 5115
3.79284 2880
3.79324 3600
3.79367 4176
3.9941 4672
3.99497 2880
3.99538 3600
3.9958 4176
4.19623 4672
4.1971 2880
4.19752 3600
4.19791 4176
4.19829 4672
4.19871 5115
4.19914 5520
4.19957 5895
4.19999 6246
4.19999 6577
4.20041 6892
4.20042 7192
4.20084 7480
4.20085 7757
4.20127 8024
4.20127 8282
4.20168 8532
4.20168 8775
4.20211 9011
4.20254 3600
4.20422 4176
4.20465 4672
4.20508 5115
4.20549 5520
4.20589 5895
4.20632 6246
4.20675 6577
4.20717 2880
4.2076 3600
4.208 4176
4.20842 4672
4.20885 5115
4.20927 5520
4.2097 5895
4.21012 6246
4.21012 6577
4.21055 6892
4.21055 7192
4.21098 7480
4.21099 7757
4.2114 8024
4.2114 8282
4.21182 8532
4.21182 8775
4.21225 9011
4.21225 9241
4.21267 9465
4.21268 3600
4.21309 4176
4.21352 4672
4.21394 5115
4.21437 5520
4.2148 5895
4.21524 2880
4.21563 3600
4.21604 4176
4.21647 4672
4.21691 5115
4.21733 5520
4.21774 5895
4.21816 6246
4.21816 6577
4.21859 6892
4.21859 7192
4.21902 7480
4.21902 7757
4.21945 8024
4.21945 8282
4.21985 8532
4.21985 8775
4.22022 9011
4.22023 9241
4.22023 9465
4.22063 9684
4.22064 9898
4.22064 10107
4.22107 10312
4.22107 10513
4.22107 10710
4.2215 4320
4.22188 4800
4.22226 5232
4.22268 5628
4.2231 5996
4.22353 6341
4.22438 2880
4.22517 3600
4.2256 4176
4.22603 4672
4.22643 5115
4.22681 5520
4.22723 5895
4.22766 6246
4.22767 6577
4.2281 6892
4.2281 7192
4.2285 7480
4.2285 7757
4.22889 8024
4.22889 8282
4.2293 8532
4.2293 8775
4.22973 9011
4.22973 9241
4.23016 9465
4.23017 3600
4.23059 4176
4.23096 4672
4.23134 5115
4.23175 5520
4.23219 5895
4.23262 6246
4.23345 2880
4.23429 3600
4.23554 2880
4.23592 3600
4.23633 4176
4.23676 4672
4.23717 5115
4.23759 5520
4.23802 5895
4.23845 6246
4.23845 6577
4.23888 6892
4.23888 7192
4.23927 7480
4.23927 7757
4.23966 8024
4.23966 8282
4.24005 8532
4.24006 8775
4.24048 9011
4.24049 9241
4.2409 9465
4.24091 3600
4.24134 4176
4.24176 4672
4.24216 5115
4.24256 5520
4.24297 5895
4.2434 6246
4.24424 2880
4.24508 3600
4.24549 4176
4.24593 4672
4.24635 5115
4.24677 5520
4.24718 5895
4.24758 6246
4.24759 6577
4.24802 6892
4.24845 2880
4.24887 3600
4.24925 4176
4.24967 4672
4.25011 5115
4.25091 2880
4.25132 3600
4.25175 4176
4.25218 4672
4.25261 5115
4.25304 5520
4.25348 5895
4.2539 2880
4.25433 3600
4.25476 4176
4.25519 4672
4.25562 5115
4.25604 5520
4.25648 5895
4.25691 2880
4.25734 3600
4.25777 4176
4.25815 4672
4.25854 5115
4.25895 5520
4.25938 5895
4.26024 2880
4.2611 3600
4.26151 4176
4.26194 4672
4.26237 5115
4.2628 5520
4.26323 5895
4.26366 6246
4.26366 6577
4.26408 6892
4.26408 7192
4.26451 7480
4.26452 7757
4.26494 8024
4.26495 8282
4.26537 8532
4.26537 8775
4.2658 9011
4.2658 9241
4.26623 9465
4.26666 3600
4.26748 4176
4.26791 4672
4.26834 5115
4.26877 5520
4.2692 5895
4.26961 6246
4.26961 6577
4.27004 6892
4.27004 7192
4.27047 7480
4.27048 7757
4.27089 8024
4.27089 8282
4.27127 8532
4.27128 8775
4.27161 9011
4.27162 9241
4.27162 9465
4.27199 9684
4.272 9898
4.272 10107
4.27242 10312
4.27243 10513
4.27243 10710
4.27286 10903
4.27286 11093
4.27286 11279
4.27327 11462
4.27328 11642
4.27328 11820
4.27369 11995
4.2737 12167
4.2737 12337
4.2737 12505
4.27412 12670
4.27413 12833
4.27413 12994
4.27413 13153
4.27455 13310
4.27456 13465
4.27456 13618
4.27456 13770
4.27498 13920
4.27499 14068
4.27499 14215
4.27499 14360
4.27537 14504
4.27538 14646
4.27538 14787
4.27538 14927
4.27574 15065
4.27575 15202
4.27575 15338
4.27575 15473
4.27576 15607
4.27615 15739
4.27615 15870
4.27615 16000
4.27616 16129
4.27616 16257
4.27658 16384
4.27658 16510
4.27658 16635
4.27659 16759
4.27659 16882
4.27701 17004
4.27701 17125
4.27702 17246
4.27702 17366
4.27702 17485
4.27744 17603
4.27744 17720
4.27745 17837
4.27745 17953
4.27745 18068
4.27786 7920
4.27828 8181
4.27828 8434
4.27871 8679
4.27871 8917
4.27914 9149
4.27914 9375
4.27955 3600
4.27995 4176
4.28038 4672
4.28081 5115
4.28166 2880
4.2821 3600
4.28252 4176
4.28295 4672
4.28335 5115
4.28377 5520
4.2842 5895
4.28463 2880
4.28504 3600
4.28544 4176
4.28587 4672
4.2863 5115
4.28673 5520
4.28715 5895
4.28758 6246
4.28797 6577
4.28835 2880
4.28876 3600
4.28919 4176
4.2896 4672
4.29002 5115
4.29043 5520
4.29086 5895
4.2913 6246
4.29212 2880
4.29287 3600
4.29327 4176
4.2937 4672
4.29413 5115
4.29455 5520
4.29499 5895
4.29584 2880
4.29667 3600
4.29708 4176
4.49752 4672
4.49881 2880
4.49965 3600
4.50006 4176
4.50049 4672
4.50092 5115
4.50134 5520
4.50175 5895
4.50218 6246
4.50304 2880
4.50385 3600
4.50428 4176
4.50471 4672
4.50511 5115
4.5055 5520
4.50588 5895
4.50629 6246
4.50629 6577
4.50672 6892
4.50673 7192
4.50715 7480
4.50716 7757
4.50759 8024
4.50759 8282
4.50798 8532
4.50798 8775
4.50836 9011
4.50836 9241
4.50837 9465
4.50876 9684
4.50876 9898
4.50877 10107
4.50919 10312
4.5092 10513
4.5092 10710
4.50963 4320
4.51003 4800
4.51046 5232
4.51089 5628
4.51132 5996
4.51175 6341
4.51257 2880
4.51343 3600
4.51386 4176
4.51425 4672
4.51467 5115
4.5151 5520
4.51554 5895
4.51597 6246
4.51639 6577
4.51682 2880
4.51725 3600
4.51768 4176
4.51811 4672
4.51853 5115
4.51896 5520
4.51937 5895
4.5198 6246
4.5198 6577
4.52023 6892
4.52024 7192
4.52067 7480
4.52067 7757
4.5211 8024
4.5211 8282
4.52153 8532
4.52153 8775
4.52195 9011
4.52195 9241
4.52196 9465
4.52238 9684
4.52238 9898
4.52239 10107
4.52281 10312
4.52282 10513
4.52282 10710
4.52324 4320
4.52366 4800
4.52404 5232
4.52445 5628
4.52488 5996
4.52531 2880
4.52573 3600
4.52616 4176
4.52659 4672
4.52702 5115
4.52743 5520
4.52782 5895
4.52823 6246
4.52824 6577
4.52867 6892
4.52867 7192
4.5291 7480
4.5291 7757
4.52952 8024
4.52953 8282
4.52991 8532
4.52991 8775
4.53032 9011
4.53032 9241
4.53032 9465
4.53075 9684
4.53075 9898
4.53076 10107
4.53118 10312
4.53118 10513
4.53118 10710
4.53158 10903
4.53158 11093
4.53159 11279
4.53197 11462
4.53197 11642
4.53198 11820
4.53236 11995
4.53236 12167
4.53236 12337
4.53237 12505
4.53279 12670
4.53279 12833
4.5328 12994
4.5328 13153
4.53322 13310
4.53322 13465
4.53323 13618
4.53323 13770
4.53365 13920
4.53366 14068
4.53366 14215
4.53366 14360
4.53406 14504
4.53406 14646
4.53406 14787
4.53407 14927
4.53445 15065
4.53446 15202
4.53446 15338
4.53446 15473
4.53447 15607
4.53488 15739
4.53488 15870
4.53489 16000
4.53489 16129
4.53489 16257
4.53531 16384
4.53531 16510
4.53532 16635
4.53532 16759
4.53532 16882
4.53573 17004
4.53573 17125
4.53573 17246
4.53574 17366
4.53574 17485
4.53611 17603
4.53611 17720
4.53611 17837
4.53612 17953
4.53612 18068
4.53612 18182
4.53652 18296
4.53652 18409
4.53652 18521
4.53653 18632
4.53653 18743
4.53653 18853
4.53695 18962
4.53695 19071
4.53695 19179
4.53696 19287
4.53696 19394
4.53696 19500
4.53738 19606
4.53738 19711
4.53738 19816
4.53739 19920
4.53739 20024
4.53739 20127
4.53778 20230
4.53778 20332
4.53778 20433
4.53779 20534
4.53779 20634
4.53779 20734
4.53817 20834
4.53818 20933
4.53818 21032
4.53819 21130
4.53819 21228
4.53819 21325
4.5382 21422
4.53859 21518
4.5386 21614
4.5386 21709
4.5386 21804
4.53861 21899
4.53861 21993
4.53861 22087
4.53903 22180
4.53903 22273
4.53904 10080
4.53946 10285
4.53986 10486
4.53987 10683
4.53987 10877
4.54025 11067
4.54025 11254
4.54025 11438
4.54066 11619
4.54066 11797
4.54067 11972
4.54109 12145
4.5411 5040
4.54193 5451
4.54234 5831
4.54277 6186
4.54363 2880
4.54447 3600
4.5449 4176
4.54529 4672
4.54567 5115
4.54605 5520
4.54645 5895
4.54688 6246
4.54773 2880
4.54851 3600
4.54893 4176
4.54936 4672
4.54976 5115
4.55015 5520
4.55055 5895
4.55098 6246
4.55098 6577
4.55141 6892
4.55184 2880
4.55225 3600
4.55265 4176
4.55308 4672
4.55351 5115
4.55394 5520
4.55436 5895
4.55479 6246
4.55479 6577
4.55522 6892
4.55522 7192
4.55563 7480
4.55563 7757
4.55603 8024
4.55603 8282
4.55643 8532
4.55644 8775
4.55686 9011
4.55687 9241
4.55687 9465
4.55729 9684
4.5573 9898
4.5573 10107
4.55773 10312
4.55773 10513
4.55773 10710
4.55816 10903
4.55816 11093
4.55816 11279
4.55857 11462
4.55857 11642
4.55858 11820
4.55898 11995
4.55898 12167
4.55898 12337
4.55899 12505
4.55939 12670
4.5594 12833
4.5594 12994
4.5594 13153
4.55983 13310
4.55983 13465
4.55984 13618
4.56025 5760
4.56066 6120
4.56066 6458
4.56106 6779
4.56107 7084
4.56147 7376
4.56147 7657
4.5619 7927
4.5619 8188
4.56233 8441
4.56233 8686
4.56275 8924
4.56276 9156
4.56276 9382
4.56316 9603
4.56316 9818
4.56317 10029
4.56357 10235
4.56358 10437
4.56358 10635
4.56401 10829
4.56401 4320
4.56444 4800
4.56485 5232
4.56524 5628
4.56564 5996
4.56608 6341
4.5665 6668
4.56692 2880
4.5673 3600
4.56766 4176
4.56806 4672
4.56849 5115
4.56935 2880
4.56974 3600
4.57015 4176
4.77059 4672
4.77145 2880
4.77187 3600
4.77226 4176
4.77266 4672
4.77309 5115
4.77352 5520
4.77395 5895
4.77437 6246
4.77438 6577
4.77481 6892
4.77481 7192
4.77523 7480
4.77524 7757
4.77565 8024
4.77565 8282
4.77606 8532
4.77606 8775
4.77647 9011
4.77647 9241
4.77647 9465
4.7769 9684
4.7769 9898
4.77691 10107
4.77733 10312
4.77733 10513
4.77734 10710
4.77776 10903
4.77777 11093
4.77777 11279
4.77816 11462
4.77816 11642
4.77816 11820
4.77856 11995
4.77856 12167
4.77857 12337
4.77857 12505
4.77899 12670
4.77899 12833
4.77899 12994
4.779 13153
4.77942 13310
4.77942 13465
4.77943 13618
4.77943 13770
4.77985 13920
4.77985 14068
4.77985 14215
4.77986 14360
4.7802 14504
4.7802 14646
4.78021 14787
4.78021 14927
4.78056 15065
4.78056 15202
4.78056 15338
4.78057 15473
4.78057 15607
4.78093 15739
4.78094 15870
4.78094 16000
4.78094 16129
4.78095 16257
4.78137 16384
4.78137 16510
4.78138 7200
4.7818 7488
4.78222 7764
4.78223 8031
4.78263 8289
4.78263 8539
4.78304 8781
4.78305 9017
4.78348 9246
4.7839 3600
4.78475 4176
4.78518 4672
4.98561 5115
4.98689 2880
4.98773 3600
4.989 2880
4.98939 3600
4.98982 4176
4.99025 4672
4.99068 5115
4.9915 2880
4.99187 3600
4.99227 4176
4.9927 4672
4.99312 5115
4.99355 5520
4.99398 5895
4.99441 6246
4.99526 2880
4.99612 3600
4.99655 4176
4.99698 4672
4.99741 5115
4.99826 2880
4.99869 3600
4.99911 4176
4.99953 4672
4.99996 5115
5.00039 5520
5.0008 5895
5.00121 6246
5.00122 6577
5.00163 6892
5.00163 7192
5.00206 7480
5.00207 7757
5.00249 8024
5.0025 8282
5.0029 8532
5.0029 8775
5.00332 9011
5.00332 9241
5.00333 9465
5.00374 9684
5.00374 9898
5.00374 10107
5.00417 10312
5.00417 10513
5.00418 10710
5.0046 4320
5.005 4800
5.00542 5232
5.00585 5628
5.00628 5996
5.00671 6341
5.00754 2880
5.0084 3600
5.00882 4176
5.00922 4672
5.00963 5115
5.01007 5520
5.0109 2880
5.01131 3600
5.01173 4176
5.01216 4672
5.0126 5115
5.01343 2880
5.01386 3600
5.01427 4176
5.01466 4672
5.01506 5115
5.01548 5520
5.01592 5895
5.01635 6246
5.01635 6577
5.01678 6892
5.01678 7192
5.0172 7480
5.0172 7757
5.01762 8024
5.01763 8282
5.01805 8532
5.01806 8775
5.01849 9011
5.01889 3600
5.01971 4176
5.02014 4672
5.02058 5115
5.02138 2880
5.02178 3600
5.02221 4176
5.02264 4672
5.02305 5115
5.02343 5520
5.02383 5895
5.02425 6246
5.02425 6577
5.02469 6892
5.02511 2880
5.02553 3600
5.02595 4176
5.02638 4672
5.02681 5115
5.02722 5520
5.02765 5895
5.02808 6246
5.02851 6577
5.02894 2880
5.02937 3600
5.02978 4176
5.03019 4672
5.0306 5115
5.03103 5520
5.03146 5895
5.03188 6246
5.03189 6577
5.03229 6892
5.03229 7192
5.03272 7480
5.03272 7757
5.03315 8024
5.03315 8282
5.03357 8532
5.03358 8775
5.03399 9011
5.034 9241
5.034 9465
5.03439 9684
5.03439 9898
5.0344 10107
5.03479 10312
5.0348 10513
5.0348 10710
5.03522 10903
5.03523 11093
5.03523 11279
5.03566 11462
5.03566 11642
5.03566 11820
5.03607 11995
5.03607 12167
5.03607 12337
5.03608 12505
5.03646 12670
5.03646 12833
5.03646 12994
5.03647 13153
5.03684 13310
5.03685 13465
5.03685 13618
5.03685 13770
5.03727 13920
5.03728 14068
5.03728 14215
5.03728 14360
5.03771 14504
5.03771 6480
5.03813 6800
5.0385 7104
5.03851 7395
5.03887 7675
5.03887 7945
5.03927 8205
5.03927 8457
5.0397 8702
5.04014 3600
5.04141 4176
5.04184 4672
5.04224 5115
5.04265 5520
5.04308 5895
5.04351 6246
5.04352 6577
5.04394 6892
5.04395 7192
5.04437 7480
5.04438 7757
5.04479 8024
5.04479 8282
5.04522 8532
5.04522 8775
5.04565 9011
5.04565 9241
5.04608 9465
5.04608 3600
5.0465 4176
5.04693 4672
5.04734 5115
5.04775 5520
5.04819 5895
5.04861 6246
5.04861 6577
5.04902 6892
5.04902 7192
5.04944 7480
5.04944 7757
5.04986 8024
5.04987 8282
5.0503 8532
5.0503 8775
5.05073 9011
5.05073 9241
5.05112 9465
5.05112 3600
5.05151 4176
5.05192 4672
5.05235 5115
5.05319 2880
5.05359 3600
5.05402 4176
5.05446 4672
5.05488 5115
5.05529 5520
5.0557 5895
5.05613 6246
5.05697 2880
5.05777 3600
5.05821 4176
5.05863 4672
5.05907 5115
5.05945 5520
5.05984 5895
5.06023 6246
5.06024 6577
5.06067 6892
5.0611 2880
5.06151 3600
5.06192 4176
5.06234 4672
5.06277 5115
5.06362 2880
5.06402 3600
5.06445 4176
5.26488 4672
5.26575 2880
5.26615 3600
5.26654 4176
5.26696 4672
5.26739 5115
5.26782 5520
5.26825 5895
5.26863 6246
5.26863 6577
5.26906 6892
5.26906 7192
5.26949 7480
5.26949 7757
5.26991 8024
5.26992 8282
5.27033 8532
5.27033 8775
5.27075 9011
5.27075 9241
5.27076 9465
5.27118 9684
5.27119 3600
5.27162 4176
5.27199 4672
5.27238 5115
5.27279 5520
5.27322 5895
5.27365 6246
5.27409 6577
5.27451 2880
5.27494 3600
5.27536 4176
5.27575 4672
5.2761 5115
5.27647 5520
5.27684 5895
5.27725 6246
5.27726 6577
5.27769 6892
5.27769 7192
5.27812 7480
5.27812 7757
5.27851 8024
5.27852 8282
5.27892 8532
5.27892 8775
5.27934 9011
5.27934 9241
5.27934 9465
5.27977 9684
5.27977 9898
5.27978 10107
5.2802 10312
5.28021 10513
5.28021 10710
5.28059 10903
5.28059 11093
5.2806 11279
5.28095 11462
5.28096 11642
5.28096 11820
5.28132 11995
5.28132 12167
5.28133 12337
5.28133 12505
5.28175 12670
5.28175 12833
5.28176 12994
5.28176 13153
5.28218 13310
5.28219 13465
5.28219 13618
5.28219 13770
5.28261 13920
5.28261 14068
5.28262 14215
5.28262 14360
5.28304 14504
5.28304 14646
5.28305 14787
5.28305 14927
5.28344 15065
5.28344 15202
5.28345 15338
5.28345 15473
5.28345 15607
5.28382 15739
5.28383 15870
5.28384 16000
5.28384 16129
5.28384 16257
5.28426 16384
5.28426 16510
5.28427 7200
5.2847 7488
5.28511 7764
5.28512 8031
5.28553 8289
5.28553 8539
5.28596 8781
5.28596 9017
5.28639 9246
5.28682 3600
5.28764 4176
5.28807 4672
5.28851 5115
5.28935 2880
5.28973 3600
5.29012 4176
5.29055 4672
5.29098 5115
5.29141 5520
5.29179 5895
5.29219 6246
5.2922 6577
5.29261 6892
5.29261 7192
5.29304 7480
5.29304 7757
5.29347 8024
5.29347 8282
5.29387 8532
5.29387 8775
5.29428 9011
5.29428 9241
5.29429 9465
5.29471 9684
5.29471 9898
5.29471 10107
5.29514 10312
5.29514 10513
5.29515 10710
5.29557 4320
5.29597 4800
5.29637 5232
5.29678 5628
5.29722 5996
5.29763 6341
5.29763 6668
5.29805 6978
5.29805 7275
5.29845 7560
5.29846 7834
5.29888 8098
5.29888 8354
5.29931 8602
5.29974 2880
5.30016 3600
5.30058 4176
5.50102 4672
5.50188 2880
5.50227 3600
5.50263 4176
5.50299 4672
5.50341 5115
5.50383 5520
5.50427 5895
5.50469 6246
5.5047 6577
5.50511 6892
5.50511 7192
5.50553 7480
5.50553 7757
5.50596 8024
5.50596 8282
5.50639 8532
5.50639 8775
5.5068 9011
5.5068 9241
5.5068 9465
5.50718 9684
5.50718 9898
5.50719 10107
5.5076 10312
5.5076 10513
5.50761 10710
5.50803 10903
5.50803 11093
5.50804 11279
5.50846 11462
5.50846 11642
5.50847 11820
5.50887 11995
5.50887 12167
5.50887 12337
5.50888 12505
5.50925 12670
5.50926 12833
5.50926 12994
5.50927 13153
5.50965 13310
5.50965 13465
5.50965 13618
5.50966 13770
5.51008 13920
5.51008 14068
5.51009 14215
5.51009 14360
5.51051 14504
5.51051 14646
5.51052 14787
5.51052 14927
5.51093 15065
5.51093 15202
5.51094 15338
5.51094 15473
5.51094 15607
5.51133 15739
5.51133 15870
5.51134 16000
5.51134 16129
5.51134 16257
5.51173 16384
5.51173 16510
5.51173 16635
5.51174 16759
5.51174 16882
5.51216 17004
5.51216 17125
5.51217 17246
5.51217 17366
5.51217 17485
5.51259 17603
5.5126 7920
5.51339 8181
5.51375 8434
5.51375 8679
5.51414 8917
5.51414 9149
5.51414 9375
5.51457 9596
5.51458 3600
5.515 4176
5.51542 4672
5.51582 5115
5.51626 5520
5.51669 5895
5.5171 2880
5.51746 3600
5.51782 4176
5.51824 4672
5.51868 5115
5.51951 2880
5.51995 3600
5.52037 4176
5.52079 4672
5.52122 5115
5.52165 5520
5.52207 5895
5.5225 6246
5.52251 6577
5.52294 6892
5.52294 7192
5.52337 7480
5.52337 7757
5.5238 8024
5.5238 8282
5.52419 8532
5.5242 8775
5.52462 9011
5.52463 9241
5.52463 9465
5.52506 9684
5.52507 3600
5.5255 4176
5.52591 4672
5.52635 5115
5.52678 5520
5.52721 5895
5.52763 6246
5.52763 6577
5.52806 6892
5.52806 7192
5.52849 7480
5.52849 7757
5.52892 8024
5.52933 2880
5.5297 3600
5.53008 4176
5.53048 4672
5.53091 5115
5.53135 5520
5.53178 5895
5.53215 6246
5.53216 6577
5.53255 6892
5.53255 7192
5.53298 7480
5.53299 7757
5.53341 8024
5.53342 8282
5.53383 8532
5.53384 8775
5.53424 9011
5.53425 9241
5.53425 9465
5.53463 9684
5.53463 9898
5.53463 10107
5.53505 10312
5.53505 10513
5.53506 10710
5.53548 10903
5.53548 11093
5.53549 11279
5.53591 11462
5.53591 11642
5.53592 11820
5.53632 11995
5.53632 12167
5.53632 12337
5.53633 12505
5.53672 12670
5.53672 12833
5.53672 12994
5.53673 13153
5.53714 13310
5.53715 13465
5.53715 13618
5.53715 13770
5.53758 13920
5.53758 14068
5.53758 14215
5.53759 14360
5.53799 14504
5.538 14646
5.538 14787
5.538 14927
5.53842 15065
5.53842 15202
5.53842 15338
5.53843 15473
5.53843 15607
5.53885 15739
5.53885 15870
5.53886 16000
5.53886 16129
5.53886 16257
5.53928 16384
5.53929 16510
5.53929 16635
5.53929 16759
5.5393 16882
5.53971 17004
5.53972 17125
5.53972 17246
5.53972 17366
5.53973 17485
5.54014 17603
5.54014 17720
5.54015 17837
5.54015 17953
5.54015 18068
5.54016 18182
5.54057 18296
5.54057 18409
5.54058 18521
5.54058 18632
5.54058 18743
5.54059 18853
5.541 18962
5.54101 19071
5.54101 19179
5.54101 19287
5.54102 19394
5.54102 19500
5.54143 19606
5.54143 19711
5.54144 19816
5.54144 19920
5.54144 20024
5.54145 20127
5.54186 20230
5.54187 9360
5.54273 9581
5.54315 9797
5.54316 10008
5.54316 10215
5.54359 10417
5.54359 4320
5.54444 4800
5.54484 5232
5.54524 5628
5.54567 5996
5.54609 6341
5.5461 6668
5.54653 6978
5.54653 7275
5.54696 7560
5.54696 7834
5.54739 8098
5.54739 8354
5.54782 8602
5.54783 8843
5.54825 9077
5.54825 9305
5.54825 9527
5.54868 9744
5.54868 9956
5.54869 10164
5.54911 10368
5.54911 10568
5.54912 10764
5.54954 10956
5.54955 11145
5.54955 11331
5.54997 11514
5.54998 11694
5.54998 11871
5.55039 12045
5.5504 12217
5.5504 12386
5.5504 12553
5.55083 12718
5.55083 12881
5.55083 13041
5.55084 13200
5.55125 13357
5.55125 13512
5.55126 13665
5.55126 13816
5.55167 13966
5.55167 14114
5.55168 14260
5.55168 14405
5.5521 14548
5.5521 14690
5.55211 14831
5.55211 14970
5.55252 15108
5.55252 6480
5.55295 6800
5.55338 7104
5.55338 7395
5.55381 7675
5.55381 7945
5.55422 8205
5.55422 8457
5.55464 8702
5.55465 8940
5.55507 9171
5.55508 9397
5.55508 9617
5.55551 9832
5.55551 10042
5.55551 10248
5.55594 10450
5.55594 10648
5.55595 10842
5.55635 11033
5.55636 11220
5.55636 11404
5.55677 11585
5.55677 11763
5.55678 11939
5.55719 12112
5.5572 12283
5.5572 12451
5.5572 12617
5.55763 12781
5.55763 12943
5.55763 13103
5.55764 13261
5.55806 13417
5.55806 13571
5.55806 13723
5.55807 13874
5.55845 14023
5.55845 14170
5.55845 14316
5.55846 14460
5.55881 14603
5.55881 14744
5.55882 14884
5.55882 15023
5.55882 15161
5.5592 15297
5.5592 15432
5.55921 15566
5.55921 15699
5.55921 15831
5.55961 15961
5.55962 16090
5.55962 16218
5.55962 16345
5.55963 16471
5.56004 16596
5.56005 16720
5.56005 16844
5.56006 16967
5.56006 17089
5.56048 17210
5.56048 17330
5.56048 17449
5.56049 17567
5.56049 17685
5.5609 17802
5.5609 17918
5.56091 18033
5.56091 18147
5.56091 18261
5.56092 18374
5.56128 18486
5.56129 18598
5.56129 18709
5.56129 18819
5.5613 18929
5.5613 19038
5.56169 19146
5.56169 19254
5.56169 19361
5.5617 19468
5.5617 19574
5.5617 19679
5.56212 19784
5.56212 19888
5.56212 19992
5.56213 20095
5.56213 20198
5.56213 20300
5.56255 20402
5.56256 9360
5.56377 9581
5.56377 9797
5.5642 10008
5.5642 10215
5.5642 10417
5.56463 10616
5.56463 10811
5.56463 11002
5.56504 11190
5.56505 11375
5.56505 11557
5.56544 11736
5.56544 11912
5.56545 12086
5.56545 12257
5.56582 12426
5.56582 12592
5.56583 12756
5.56583 12918
5.56623 13078
5.56624 13236
5.56624 13392
5.56624 13546
5.56666 13699
5.56666 13850
5.56667 13999
5.56667 14147
5.56709 14293
5.56709 14438
5.56709 14581
5.5671 14723
5.56752 14863
5.56752 15002
5.56753 15140
5.56753 6480
5.56796 6800
5.56839 7104
5.56839 7395
5.56882 7675
5.56882 7945
5.56924 8205
5.56925 8457
5.56963 8702
5.56964 8940
5.57002 9171
5.57002 9397
5.57002 9617
5.57043 9832
5.57043 10042
5.57043 10248
5.57086 10450
5.57086 10648
5.57087 10842
5.57129 11033
5.57129 11220
5.57129 11404
5.57171 11585
5.57172 11763
5.57172 11939
5.57213 12112
5.57213 12283
5.57214 12451
5.57214 12617
5.57257 12781
5.57257 5040
5.573 5451
5.57342 5831
5.57382 6186
5.57382 6521
5.57421 6838
5.57422 7141
5.57465 7431
5.57465 7710
5.57508 7978
5.57508 8237
5.57549 8488
5.57549 8732
5.57588 8969
5.57588 9200
5.57588 9425
5.57629 9645
5.5763 9859
5.5763 10069
5.57673 10274
5.57673 10475
5.57673 10672
5.57716 10866
5.57717 4320
5.57758 4800
5.57798 5232
5.57839 5628
5.57882 5996
5.57925 2880
5.57968 3600
5.58009 4176
5.58051 4672
5.58094 5115
5.58178 2880
5.5822 3600
5.58259 4176
5.58303 4672
5.58346 5115
5.58387 5520
5.58426 5895
5.58466 6246
5.58466 6577
5.5851 6892
5.58553 2880
5.58593 3600
5.58628 4176
5.58664 4672
5.58703 5115
5.58746 5520
5.58789 5895
5.5883 6246
5.5883 6577
5.58871 6892
5.58871 7192
5.58912 7480
5.58912 7757
5.58955 8024
5.58998 2880
5.59038 3600
5.59078 4176
5.59118 4672
5.59161 5115
5.59247 2880
5.59289 3600
5.59331 4176
5.59374 4672
5.59412 5115
5.59448 5520
5.59488 5895
5.5953 6246
5.59531 6577
5.59573 6892
5.59573 7192
5.59615 7480
5.59615 7757
5.59658 8024
5.59659 8282
5.59702 8532
5.59702 8775
5.59743 9011
5.59743 9241
5.59743 9465
5.59784 9684
5.59784 9898
5.59784 10107
5.59826 10312
5.59827 10513
5.59827 10710
5.5987 10903
5.5987 11093
5.5987 11279
5.59912 11462
5.59913 11642
5.59913 11820
5.59951 11995
5.59952 12167
5.59952 12337
5.59952 12505
5.59992 12670
5.59993 12833
5.59993 12994
5.59993 13153
5.60036 13310
5.60036 13465
5.60036 13618
5.60037 13770
5.60079 13920
5.60079 14068
5.60079 14215
5.6008 14360
5.6012 14504
5.6012 14646
5.6012 14787
5.60121 14927
5.6016 15065
5.6016 15202
5.60161 15338
5.60161 15473
5.60161 15607
5.60202 15739
5.60203 15870
5.60203 16000
5.60203 16129
5.60204 16257
5.60246 16384
5.60246 16510
5.60246 7200
5.60289 7488
5.60331 7764
5.60331 8031
5.60372 8289
5.60372 8539
5.60415 8781
5.60415 9017
5.60457 9246
5.60458 9470
5.60458 9688
5.605 9902
5.605 10111
5.60501 10316
5.60543 10517
5.60543 10714
5.60544 10907
5.60586 11097
5.60586 11283
5.60587 11466
5.60629 11646
5.6063 11824
5.6063 11999
5.60672 12171
5.60673 12341
5.60673 5040
5.60757 5451
5.60796 5831
5.60838 6186
5.60838 6521
5.60881 6838
5.60881 7141
5.60923 7431
5.60923 7710
5.60966 7978
5.60967 8237
5.61005 8488
5.61006 8732
5.61049 8969
5.61092 3600
5.61174 4176
5.6121 4672
5.6125 5115
5.61293 5520
5.61335 5895
5.61377 6246
5.61377 6577
5.61419 6892
5.61419 7192
5.61462 7480
5.61462 7757
5.61504 8024
5.61505 8282
5.61545 8532
5.61545 8775
5.61586 9011
5.61587 9241
5.61587 9465
5.61627 9684
5.61627 9898
5.61628 10107
5.6167 10312
5.61671 10513
5.61671 10710
5.61714 4320
5.61756 4800
5.61798 5232
5.61838 5628
5.6188 5996
5.61923 6341
5.61924 6668
5.61966 6978
5.61967 7275
5.62009 7560
5.62009 7834
5.62052 8098
5.62052 8354
5.62095 8602
5.62138 2880
5.62221 3600
5.62262 4176
5.82305 4672
5.82389 2880
5.82432 3600
5.82474 4176
5.82514 4672
5.82555 5115
5.82599 5520
5.82642 5895
5.82685 2880
5.82725 3600
5.82766 4176
5.82806 4672
5.82849 5115
5.8293 2880
5.82966 3600
5.83002 4176
5.83043 4672
5.83087 5115
5.8313 5520
5.83172 5895
5.83215 6246
5.83216 6577
5.83259 6892
5.83259 7192
5.833 7480
5.833 7757
5.83341 8024
5.83341 8282
5.8338 8532
5.8338 8775
5.83422 9011
5.83422 9241
5.83423 9465
5.83465 9684
5.83466 9898
5.83466 10107
5.83508 10312
5.83509 10513
5.83509 10710
5.83549 10903
5.83549 11093
5.8355 11279
5.83591 11462
5.83591 11642
5.83591 11820
5.83634 11995
5.83634 12167
5.83635 12337
5.83677 5040
5.83762 5451
5.83801 5831
5.83845 6186
5.8393 2880
5.84015 3600
5.84056 4176
5.841 4672
5.84143 5115
5.84224 2880
5.84266 3600
5.84309 4176
6.04353 4672
6.04438 2880
6.0448 3600
6.04518 4176
6.04559 4672
6.04602 5115
6.04645 5520
6.04688 5895
6.04729 6246
6.04729 6577
6.04772 6892
6.04773 7192
6.04814 7480
6.04815 7757
6.04857 8024
6.04857 8282
6.04898 8532
6.04899 8775
6.04942 9011
6.04942 9241
6.04984 9465
6.04984 3600
6.05025 4176
6.05068 4672
6.05107 5115
6.05149 5520
6.05192 5895
6.05236 6246
6.05279 6577
6.05321 2880
6.05361 3600
6.05404 4176
6.05447 4672
6.05488 5115
6.05527 5520
6.05567 5895
6.05608 6246
6.05608 6577
6.05694 2880
6.05772 3600
6.05812 4176
6.25856 4672
6.25941 2880
6.25981 3600
6.26022 4176
6.46065 4672
6.46151 2880
6.46194 3600
6.46235 4176
6.46276 4672
6.46317 5115
6.4636 5520
6.46403 5895
6.46445 6246
6.46446 6577
6.46487 6892
6.46487 7192
6.46527 7480
6.46528 7757
6.46571 8024
6.46571 8282
6.46612 8532
6.46612 8775
6.46653 9011
6.46653 9241
6.46654 9465
6.46696 9684
6.46697 9898
6.46697 10107
6.46739 10312
6.4674 10513
6.4674 10710
6.46782 10903
6.46782 11093
6.46783 11279
6.46824 11462
6.46825 11642
6.46825 11820
6.46868 11995
6.46868 5040
6.46996 5451
6.46996 5831
6.47039 6186
6.47081 6521
6.47124 2880
6.47166 3600
6.47207 4176
6.4725 4672
6.47293 5115
6.47336 5520
6.47379 5895
6.47422 6246
6.47422 6577
6.47465 6892
6.47507 2880
6.47549 3600
6.47592 4176
6.47635 4672
6.47677 5115
6.47719 5520
6.47761 5895
6.47804 6246
6.47804 6577
6.47847 6892
6.4789 2880
6.47931 3600
6.47969 4176
6.48013 4672
6.48056 5115
6.48099 5520
6.48141 5895
6.48182 6246
6.48182 6577
6.48226 6892
6.48268 2880
6.4831 3600
6.48351 4176
6.48392 4672
6.48435 5115
6.48478 5520
6.48522 5895
6.48563 6246
6.48563 6577
6.486 6892
6.48601 7192
6.48641 7480
6.48642 7757
6.48684 8024
6.48685 8282
6.48726 8532
6.48727 8775
6.48768 9011
6.48769 9241
6.48769 9465
6.48809 9684
6.4881 9898
6.48811 10107
6.48853 10312
6.48854 10513
6.48854 10710
6.48896 10903
6.48896 11093
6.48897 11279
6.48938 11462
6.48939 11642
6.48939 11820
6.48979 11995
6.48981 12167
6.48981 12337
6.48981 12505
6.49023 12670
6.49024 12833
6.49024 12994
6.49025 13153
6.49065 13310
6.49067 13465
6.49067 13618
6.49067 13770
6.49109 13920
6.4911 14068
6.4911 14215
6.4911 14360
6.49152 14504
6.49153 6480
6.49196 6800
6.49238 7104
6.49239 7395
6.49281 7675
6.49281 7945
6.49324 8205
6.49325 8457
6.49367 8702
6.49367 8940
6.4941 9171
6.49411 9397
6.49452 3600
6.49493 4176
6.49537 4672
6.4958 5115
6.49622 5520
6.49665 5895
6.49706 6246
6.49707 6577
6.49749 6892
6.49749 7192
6.49792 7480
6.49793 7757
6.49833 8024
6.49833 8282
6.49873 8532
6.49873 8775
6.49915 9011
6.49915 9241
6.49915 9465
6.49958 9684
6.49959 3600
6.50001 4176
6.50039 4672
6.50076 5115
6.50115 5520
6.50156 5895
6.50199 6246
6.50243 6577
6.50285 2880
6.50324 3600
6.50366 4176
6.50409 4672
6.50452 5115
6.50528 2880
6.50564 3600
6.50606 4176
6.70649 4672
6.70736 2880
6.70778 3600
6.70817 4176
6.70859 4672
6.70902 5115
6.70945 5520
6.70986 5895
6.71024 6246
6.71025 6577
6.71062 6892
6.71062 7192
6.71105 7480
6.71105 7757
6.71148 8024
6.71148 8282
6.71191 8532
6.71191 8775
6.71232 9011
6.71232 9241
6.71233 9465
6.71271 9684
6.71272 9898
6.71272 10107
6.71314 10312
6.71315 10513
6.71315 10710
6.71356 10903
6.71357 11093
6.71358 11279
6.71399 11462
6.714 11642
6.71401 11820
6.71439 11995
6.7144 12167
6.7144 12337
6.71441 12505
6.71481 12670
6.71482 12833
6.71482 12994
6.71483 13153
6.71524 13310
6.71525 13465
6.71525 13618
6.71525 13770
6.71567 13920
6.71568 14068
6.71568 14215
6.71569 14360
6.71609 14504
6.7161 14646
6.7161 14787
6.71611 14927
6.71649 15065
6.71649 15202
6.7165 15338
6.71651 15473
6.71651 15607
6.7169 15739
6.7169 15870
6.71691 16000
6.71692 16129
6.71692 16257
6.71733 16384
6.71733 16510
6.71735 7200
6.71778 7488
6.71818 7764
6.71819 8031
6.7186 8289
6.71861 8539
6.71902 8781
6.71903 9017
6.71946 9246
6.71947 9470
6.72032 3600
6.72158 4176
6.92202 4672
6.92326 2880
6.92411 3600
6.92534 2880
6.92572 3600
6.92613 4176
7.12656 4672
7.12782 2880
7.12867 3600
7.1299 2880
7.13029 3600
7.13072 4176
7.13116 4672
7.13158 5115
7.13199 5520
7.13242 5895
7.13285 6246
7.13285 6577
7.13328 6892
7.13328 7192
7.1337 7480
7.13371 7757
7.1341 8024
7.13411 8282
7.13453 8532
7.13453 8775
7.13496 9011
7.13538 3600
7.13614 4176
7.13654 4672
7.33697 5115
7.33826 2880
7.33911 3600
7.33954 4176
7.33997 4672
7.34037 5115
7.34076 5520
7.34116 5895
7.3416 6246
7.34246 2880
7.34325 3600
7.34367 4176
7.34409 4672
7.34452 5115
7.34495 5520
7.34534 5895
7.34574 6246
7.34574 6577
7.34617 6892
7.34617 7192
7.3466 7480
7.34661 7757
7.34701 8024
7.34701 8282
7.34739 8532
7.3474 8775
7.34777 9011
7.34778 9241
7.34778 9465
7.34819 9684
7.3482 9898
7.3482 10107
7.34863 10312
7.34863 10513
7.34863 10710
7.34905 10903
7.34905 11093
7.34906 11279
7.34946 11462
7.34947 11642
7.34947 11820
7.34988 11995
7.34989 12167
7.34989 12337
7.34989 12505
7.35032 12670
7.35032 12833
7.35032 12994
7.35033 13153
7.35075 13310
7.35075 13465
7.35076 13618
7.35117 5760
7.35156 6120
7.35156 6458
7.35191 6779
7.35192 7084
7.35229 7376
7.3523 7657
7.35271 7927
7.35271 8188
7.35314 8441
7.35314 8686
7.35357 8924
7.35357 9156
7.35398 9382
7.35399 3600
7.35441 4176
7.35484 4672
7.35526 5115
7.35569 5520
7.35612 5895
7.35655 6246
7.35739 2880
7.35818 3600
7.35861 4176
7.35904 4672
7.35944 5115
7.35981 5520
7.36017 5895
7.36055 6246
7.36055 6577
7.36099 6892
7.36141 2880
7.36182 3600
7.36225 4176
7.36268 4672
7.36311 5115
7.3639 2880
7.36433 3600
7.36477 4176
7.3652 4672
7.36559 5115
7.36601 5520
7.36644 5895
7.36688 6246
7.36768 2880
7.36853 3600
7.36897 4176
7.36939 4672
7.36982 5115
7.37025 5520
7.37068 5895
7.3711 6246
7.37111 6577
7.37154 6892
7.37196 2880
7.37239 3600
7.37281 4176
7.37322 4672
7.37363 5115
7.37406 5520
7.37449 5895
7.3749 6246
7.3749 6577
7.37529 6892
7.3753 7192
7.37571 7480
7.37571 7757
7.37614 8024
7.37657 2880
7.37698 3600
7.37738 4176
7.3778 4672
7.37824 5115
7.37909 2880
7.37949 3600
7.3799 4176
7.38032 4672
7.38076 5115
7.38119 5520
7.38158 5895
7.38192 6246
7.38192 6577
7.3823 6892
7.3823 7192
7.38272 7480
7.38272 7757
7.38315 8024
7.38315 8282
7.38358 8532
7.38358 8775
7.38399 9011
7.38399 9241
7.384 9465
7.38442 9684
7.38443 9898
7.38443 10107
7.38486 10312
7.38486 10513
7.38486 10710
7.38529 4320
7.38571 4800
7.3861 5232
7.38653 5628
7.38696 5996
7.38737 6341
7.38738 6668
7.3878 6978
7.3878 7275
7.38823 7560
7.38823 7834
7.38864 8098
7.38864 8354
7.38907 8602
7.38907 8843
7.38949 9077
7.3895 9305
7.3895 9527
7.38991 9744
7.38992 9956
7.38992 10164
7.39034 10368
7.39034 10568
7.39034 10764
7.39077 10956
7.39077 11145
7.39078 11331
7.3912 11514
7.39121 4320
7.39162 4800
7.39201 5232
7.39241 5628
7.39284 5996
7.39327 6341
7.39369 6668
7.3941 2880
7.39451 3600
7.39494 4176
7.39538 4672
7.39578 5115
7.39615 5520
7.3965 5895
7.39688 6246
7.39688 6577
7.39729 6892
7.3973 7192
7.39773 7480
7.39773 7757
7.39816 8024
7.39816 8282
7.39856 8532
7.39856 8775
7.39895 9011
7.39895 9241
7.39896 9465
7.39936 9684
7.39936 9898
7.39936 10107
7.39979 10312
7.39979 10513
7.39979 10710
7.40021 10903
7.40021 11093
7.40021 11279
7.40063 11462
7.40063 11642
7.40063 11820
7.40106 11995
7.40106 5040
7.4023 5451
7.4023 5831
7.40268 6186
7.40268 6521
7.40311 6838
7.40312 7141
7.40354 7431
7.40355 7710
7.40397 7978
7.40397 8237
7.40438 8488
7.40438 8732
7.40476 8969
7.40476 9200
7.40476 9425
7.40519 9645
7.40519 9859
7.4052 10069
7.40562 10274
7.40563 10475
7.40563 10672
7.40606 10866
7.40606 11056
7.40606 11243
7.40648 11427
7.40649 11608
7.40649 11786
7.40688 11961
7.40689 12134
7.40689 12304
7.40689 12472
7.40732 12638
7.40732 12802
7.40732 12963
7.40733 13122
7.40775 13280
7.40775 13436
7.40776 13590
7.40817 5760
7.40859 6120
7.40859 6458
7.409 6779
7.40901 7084
7.40942 7376
7.40943 7657
7.40986 7927
7.40986 8188
7.41029 8441
7.41029 8686
7.4107 8924
7.4107 9156
7.41071 9382
7.41111 9603
7.41112 9818
7.41112 10029
7.41153 10235
7.41154 10437
7.41154 10635
7.41196 10829
7.41197 11020
7.41197 11208
7.41239 11393
7.4124 11575
7.4124 11754
7.41281 11930
7.41281 12103
7.41282 12274
7.41282 12442
7.41322 12608
7.41322 12772
7.41323 12934
7.41323 13094
7.41365 13252
7.41365 13408
7.41366 13562
7.41366 13714
7.41408 13865
7.41408 14014
7.41409 14161
7.41409 14307
7.41451 14451
7.41452 14594
7.41452 14736
7.41452 14876
7.41493 15015
7.41494 15153
7.41494 15289
7.41494 15424
7.41495 15558
7.41537 15691
7.41537 15823
7.41537 15954
7.41538 16083
7.41538 16211
7.4158 16338
7.4158 16464
7.4158 16589
7.41581 16713
7.41581 16837
7.41622 16960
7.41622 17082
7.41623 17203
7.41623 17323
7.41624 17442
7.41662 17560
7.41662 17678
7.41663 17795
7.41663 17911
7.41663 18026
7.41664 18141
7.41704 18255
7.41704 18368
7.41704 18480
7.41705 18592
7.41705 18703
7.41705 18813
7.41747 18923
7.41747 19032
7.41747 19140
7.41748 19248
7.41748 19355
7.41748 19462
7.41789 19568
7.4179 19673
7.4179 19778
7.4179 19882
7.41791 19986
7.41791 20089
7.4183 20192
7.41831 20294
7.41831 20396
7.41831 20497
7.41832 20598
7.41832 20698
7.4187 20798
7.41871 20897
7.41871 20996
7.41871 21094
7.41872 21192
7.41872 21289
7.41872 21386
7.41913 21482
7.41914 21578
7.41914 21674
7.41914 21769
7.41915 21864
7.41915 21958
7.41915 22052
7.41957 22146
7.41957 22239
7.41957 22332
7.41958 10080
7.42001 10285
7.42042 10486
7.42042 10683
7.42042 10877
7.42082 11067
7.42082 11254
7.42082 11438
7.42124 11619
7.42124 11797
7.42124 11972
7.42167 12145
7.42168 5040
7.42253 5451
7.42296 5831
7.42337 6186
7.42338 6521
7.42379 6838
7.4238 7141
7.42422 7431
7.42423 7710
7.42465 7978
7.42466 8237
7.42506 8488
7.42507 8732
7.42547 8969
7.42547 9200
7.42547 9425
7.4259 9645
7.4259 9859
7.42591 10069
7.42633 10274
7.42633 10475
7.42633 10672
7.42675 10866
7.42676 11056
7.42676 11243
7.42718 11427
7.42718 11608
7.42718 11786
7.42761 11961
7.42761 12134
7.42762 12304
7.42804 5040
7.42847 5451
7.42888 5831
7.4293 6186
7.42931 6521
7.42974 6838
7.43016 2880
7.43059 3600
7.43099 4176
7.43142 4672
7.43185 5115
7.43228 5520
7.43269 5895
7.43308 6246
7.43308 6577
7.43351 6892
7.43351 7192
7.43394 7480
7.43395 7757
7.43437 8024
7.43438 8282
7.43477 8532
7.43477 8775
7.43516 9011
7.43516 9241
7.43516 9465
7.43556 9684
7.43557 9898
7.43557 10107
7.436 10312
7.436 10513
7.436 10710
7.43643 4320
7.43684 4800
7.43721 5232
7.43758 5628
7.43801 5996
7.43844 6341
7.43928 2880
7.44012 3600
7.44056 4176
7.64099 4672
7.64182 2880
7.6422 3600
7.64261 4176
7.84304 4672
7.8439 2880
7.8443 3600
7.84472 4176
7.84515 4672
7.84558 5115
7.84638 2880
7.84675 3600
7.84716 4176
7.84759 4672
7.84802 5115
7.84887 2880
7.84929 3600
7.84973 4176
7.85016 4672
7.85057 5115
7.85096 5520
7.85135 5895
7.85178 6246
7.85306 2880
7.8543 3600
7.85473 4176
7.85515 4672
7.85554 5115
7.85597 5520
7.8564 5895
7.85683 6246
7.85763 2880
7.85848 3600
7.85892 4176
7.85935 4672
7.85976 5115
7.86016 5520
7.86059 5895
7.86101 6246
7.86102 6577
7.86145 6892
7.86185 2880
7.86224 3600
7.86266 4176
7.8631 4672
7.86353 5115
7.86435 2880
7.86478 3600
7.86521 4176
8.06565 4672
8.0665 2880
8.06692 3600
8.06736 4176
8.06778 4672
8.06821 5115
8.06861 5520
8.06901 5895
8.06943 6246
8.06943 6577
8.06986 6892
8.06986 7192
8.07029 7480
8.0703 7757
8.0707 8024
8.0707 8282
8.07107 8532
8.07107 8775
8.07145 9011
8.07145 9241
8.07145 9465
8.07188 9684
8.07188 9898
8.07189 10107
8.07231 10312
8.07232 10513
8.07232 10710
8.07271 10903
8.07271 11093
8.07271 11279
8.0731 11462
8.0731 11642
8.0731 11820
8.07352 11995
8.07352 12167
8.07353 12337
8.07353 12505
8.07395 12670
8.07396 5040
8.07438 5451
8.07479 5831
8.07518 6186
8.07518 6521
8.07561 6838
8.07605 2880
8.07647 3600
8.07687 4176
8.07727 4672
8.0777 5115
8.07813 5520
8.07856 5895
8.07898 6246
8.07898 6577
8.07939 6892
8.07939 7192
8.07982 7480
8.07982 7757
8.08025 8024
8.08068 2880
8.08107 3600
8.08143 4176
8.08181 4672
8.08222 5115
8.08265 5520
8.08308 5895
8.08351 6246
8.08393 6577
8.08433 2880
8.08473 3600
8.08511 4176
8.08552 4672
8.08595 5115
8.08638 5520
8.0868 5895
8.0872 6246
8.08721 6577
8.0876 6892
8.0876 7192
8.08803 7480
8.08804 7757
8.08847 8024
8.08847 8282
8.08889 8532
8.08889 8775
8.08929 9011
8.08929 9241
8.08929 9465
8.0897 9684
8.0897 9898
8.08971 10107
8.09013 10312
8.09014 10513
8.09014 10710
8.09057 4320
8.091 4800
8.09141 5232
8.0918 5628
8.09223 5996
8.09266 6341
8.09351 2880
8.09437 3600
8.09561 2880
8.09603 3600
8.09647 4176
8.09688 4672
8.0973 5115
8.09771 5520
8.09813 5895
8.09857 6246
8.09941 2880
8.10021 3600
8.10064 4176
8.30108 4672
8.30191 2880
8.30234 3600
8.30277 4176
8.30318 4672
8.3036 5115
8.30401 5520
8.30444 5895
8.30486 6246
8.30486 6577
8.30528 6892
8.30528 7192
8.3057 7480
8.30571 7757
8.30613 8024
8.30614 8282
8.30657 8532
8.30657 8775
8.307 9011
8.30742 3600
8.30828 4176
8.3087 4672
8.3091 5115
8.30951 5520
8.30994 5895
8.31037 6246
8.31037 6577
8.3108 6892
8.3108 7192
8.31123 7480
8.31123 7757
8.31166 8024
8.31209 2880
8.31252 3600
8.31294 4176
8.31337 4672
8.31377 5115
8.3142 5520
8.31463 5895
8.31506 6246
8.31506 6577
8.31547 6892
8.31548 7192
8.31591 7480
8.31591 7757
8.31634 8024
8.31634 8282
8.31677 8532
8.31677 8775
8.31718 9011
8.31718 9241
8.31718 9465
8.31757 9684
8.31757 9898
8.31758 10107
8.31798 10312
8.31798 10513
8.31799 10710
8.31841 10903
8.31841 11093
8.31842 11279
8.31884 11462
8.31884 11642
8.31885 11820
8.31925 11995
8.31925 12167
8.31926 12337
8.31926 12505
8.31964 12670
8.31965 12833
8.31965 12994
8.31965 13153
8.32005 13310
8.32006 13465
8.32006 13618
8.32006 13770
8.32048 13920
8.32048 14068
8.32049 14215
8.32049 14360
8.32091 14504
8.32092 6480
8.32133 6800
8.3217 7104
8.3217 7395
8.3221 7675
8.3221 7945
8.32253 8205
8.32253 8457
8.32296 8702
8.32296 8940
8.32337 9171
8.32338 9397
8.32338 9617
8.3238 9832
8.3238 10042
8.32381 10248
8.32423 10450
8.32423 10648
8.32423 10842
8.32465 11033
8.32466 11220
8.32466 11404
8.32507 11585
8.32507 11763
8.32507 11939
8.32545 12112
8.32546 12283
8.32546 12451
8.32547 12617
8.32587 12781
8.32587 12943
8.32587 13103
8.32588 13261
8.3263 13417
8.3263 13571
8.3263 13723
8.32631 13874
8.32673 14023
8.32673 14170
8.32674 14316
8.32674 14460
8.32714 14603
8.32714 14744
8.32714 14884
8.32715 15023
8.32715 15161
8.32754 15297
8.32754 15432
8.32754 15566
8.32755 15699
8.32755 15831
8.32796 15961
8.32796 16090
8.32796 16218
8.32797 16345
8.32797 16471
8.32839 16596
8.32839 16720
8.32839 16844
8.3284 16967
8.3284 17089
8.32882 17210
8.32882 17330
8.32883 17449
8.32883 17567
8.32883 17685
8.32925 17802
8.32926 7920
8.33009 8181
8.33052 8434
8.33052 8679
8.33095 8917
8.33095 9149
8.33095 9375
8.33138 9596
8.33138 9812
8.33138 10023
8.3318 10229
8.3318 10431
8.3318 10629
8.33223 10824
8.33223 11015
8.33223 11203
8.33265 11388
8.33265 11570
8.33266 11749
8.33306 11925
8.33306 12098
8.33306 12269
8.33307 12438
8.33347 12604
8.33347 12768
8.33348 12930
8.33348 13090
8.33389 13248
8.33389 13404
8.33389 13558
8.3339 13710
8.33432 13861
8.33432 14010
8.33432 14158
8.33433 14304
8.33475 14448
8.33475 14591
8.33476 14733
8.33476 14873
8.33518 15012
8.33518 15150
8.33519 6480
8.33559 6800
8.33594 7104
8.33594 7395
8.33631 7675
8.33632 7945
8.33672 8205
8.33673 8457
8.33716 8702
8.33716 8940
8.33759 9171
8.33801 3600
8.33887 4176
8.3393 4672
8.33973 5115
8.34015 5520
8.34054 5895
8.34096 6246
8.34096 6577
8.34139 6892
8.34139 7192
8.34181 7480
8.34182 7757
8.34224 8024
8.34224 8282
8.34267 8532
8.34267 8775
8.34309 9011
8.34309 9241
8.3431 9465
8.34353 9684
8.34353 3600
8.34396 4176
8.34439 4672
8.34482 5115
8.34525 5520
8.34568 5895
8.34609 6246
8.3461 6577
8.3465 6892
8.34651 7192
8.34691 7480
8.34691 7757
8.34734 8024
8.34735 8282
8.34777 8532
8.34778 8775
8.3482 9011
8.3482 9241
8.34821 9465
8.34863 9684
8.34863 9898
8.34864 10107
8.34902 10312
8.34902 10513
8.34903 10710
8.34941 10903
8.34941 11093
8.34941 11279
8.34984 11462
8.34985 4320
8.35069 4800
8.35111 5232
8.35154 5628
8.3524 2880
8.35282 3600
8.35321 4176
8.35362 4672
8.35405 5115
8.35447 5520
8.35487 5895
8.35524 6246
8.35525 6577
8.35564 6892
8.35565 7192
8.35608 7480
8.35608 7757
8.35651 8024
8.35693 2880
8.35734 3600
8.35775 4176
8.55818 4672
8.55904 2880
8.55946 3600
8.55987 4176
8.5603 4672
8.56073 5115
8.56115 5520
8.56152 5895
8.56191 6246
8.56191 6577
8.56234 6892
8.56277 2880
8.56319 3600
8.56362 4176
8.56404 4672
8.56447 5115
8.56533 2880
8.56575 3600
8.56616 4176
8.56659 4672
8.56702 5115
8.56784 2880
8.56823 3600
8.56865 4176
8.76908 4672
8.77032 2880
8.77111 3600
8.77155 4176
8.77198 4672
8.77239 5115
8.77276 5520
8.77314 5895
8.77357 6246
8.77357 6577
8.774 6892
8.774 7192
8.77442 7480
8.77443 7757
8.77485 8024
8.77486 8282
8.77525 8532
8.77526 8775
8.77567 9011
8.77568 9241
8.77568 9465
8.77611 9684
8.77611 9898
8.77611 10107
8.77654 10312
8.77654 10513
8.77655 10710
8.77694 10903
8.77694 11093
8.77694 11279
8.77735 11462
8.77735 11642
8.77735 11820
8.77778 11995
8.77778 12167
8.77778 12337
8.77779 12505
8.77821 12670
8.77822 5040
8.77864 5451
8.77905 5831
8.77942 6186
8.77943 6521
8.77984 6838
8.77984 7141
8.78027 7431
8.78027 7710
8.7807 7978
8.7807 8237
8.78108 8488
8.78109 8732
8.78146 8969
8.78146 9200
8.78146 9425
8.78183 9645
8.78184 9859
8.78184 10069
8.78225 10274
8.78225 10475
8.78226 10672
8.78268 10866
8.78269 11056
8.78269 11243
8.78311 11427
8.78312 11608
8.78312 11786
8.78352 11961
8.78353 12134
8.78353 12304
8.78354 12472
8.78394 12638
8.78394 12802
8.78394 12963
8.78395 13122
8.78437 13280
8.78437 13436
8.78438 13590
8.78438 13742
8.78479 13892
8.7848 14041
8.7848 14188
8.7848 14334
8.78519 14478
8.78519 14621
8.78519 14762
8.7852 14902
8.78556 15041
8.78556 15178
8.78556 15314
8.78557 15449
8.78557 15583
8.78595 15716
8.78596 15847
8.78596 15977
8.78596 16106
8.78597 16234
8.78639 16361
8.78639 16487
8.7864 7200
8.78682 7488
8.78723 7764
8.78723 8031
8.78762 8289
8.78763 8539
8.78804 8781
8.78805 9017
8.78848 9246
8.78891 3600
8.79012 4176
8.79054 4672
8.99098 5115
8.99222 2880
8.99308 3600
8.99351 4176
8.99391 4672
8.99429 5115
8.99468 5520
8.99511 5895
8.99554 6246
8.99597 6577
8.9964 2880
8.99682 3600
8.99724 4176
8.99767 4672
8.99809 5115
8.99851 5520
8.99895 5895
8.99938 6246
8.99938 6577
8.99981 6892
8.99981 7192
9.0002 7480
9.00021 7757
9.00063 8024
9.00063 8282
9.00105 8532
9.00106 8775
9.00146 9011
9.00147 9241
9.00147 9465
9.0019 9684
9.0019 9898
9.0019 10107
9.00231 10312
9.00232 10513
9.00232 10710
9.00272 10903
9.00272 11093
9.00273 11279
9.00314 11462
9.00314 11642
9.00315 11820
9.00357 11995
9.00357 12167
9.00358 12337
9.004 5040
9.00439 5451
9.00474 5831
9.00513 6186
9.00514 6521
9.00557 6838
9.00557 7141
9.006 7431
9.00601 7710
9.00643 7978
9.00644 8237
9.00684 8488
9.00685 8732
9.00724 8969
9.00724 9200
9.00724 9425
9.00767 9645
9.00767 9859
9.00768 10069
9.0081 10274
9.00811 10475
9.00811 10672
9.00854 10866
9.00854 4320
9.00893 4800
9.00928 5232
9.00964 5628
9.01005 5996
9.01049 6341
9.01135 2880
9.01217 3600
9.0126 4176
9.01304 4672
9.01347 5115
9.01431 2880
9.01474 3600
9.01515 4176
9.21559 4672
9.21644 2880
9.21684 3600
9.21724 4176
9.21765 4672
9.21808 5115
9.2185 5520
9.21891 5895
9.21934 6246
9.21934 6577
9.21975 6892
9.21976 7192
9.22019 7480
9.22019 7757
9.22062 8024
9.22062 8282
9.22101 8532
9.22101 8775
9.22137 9011
9.22137 9241
9.22137 9465
9.22173 9684
9.22173 9898
9.22174 10107
9.22213 10312
9.22213 10513
9.22214 10710
9.22256 10903
9.22256 11093
9.22257 11279
9.22299 11462
9.223 11642
9.223 11820
9.22341 11995
9.22342 12167
9.22342 12337
9.22342 12505
9.22382 12670
9.22383 12833
9.22383 12994
9.22383 13153
9.2242 13310
9.22421 13465
9.22421 13618
9.22421 13770
9.22461 13920
9.22461 14068
9.22461 14215
9.22462 14360
9.22504 14504
9.22504 14646
9.22504 14787
9.22505 14927
9.22547 15065
9.22547 15202
9.22548 6480
9.22589 6800
9.22629 7104
9.2263 7395
9.22672 7675
9.22673 7945
9.22716 8205
9.22716 8457
9.22758 8702
9.22758 8940
9.22799 9171
9.22799 9397
9.228 9617
9.22841 9832
9.22842 10042
9.22842 10248
9.22885 10450
9.22885 10648
9.22885 10842
9.22927 4320
9.22968 4800
9.23007 5232
9.23049 5628
9.23092 5996
9.23135 6341
9.23135 6668
9.23173 6978
9.23174 7275
9.23211 7560
9.23211 7834
9.23249 8098
9.2325 8354
9.23293 8602
9.23293 8843
9.23335 9077
9.23336 9305
9.23336 9527
9.23379 9744
9.23379 9956
9.23379 10164
9.2342 10368
9.2342 10568
9.2342 10764
9.2346 10956
9.2346 11145
9.2346 11331
9.23502 11514
9.23502 11694
9.23503 11871
9.23545 12045
9.23545 12217
9.23546 12386
9.23546 12553
9.23588 12718
9.23589 12881
9.23589 13041
9.23589 13200
9.2363 13357
9.2363 13512
9.23631 13665
9.23631 13816
9.2367 13966
9.23671 14114
9.23671 14260
9.23671 14405
9.23713 14548
9.23714 14690
9.23714 14831
9.23714 14970
9.23715 15108
9.23757 15245
9.23757 15381
9.23757 15515
9.23758 15648
9.23758 15780
9.238 15911
9.238 16041
9.238 16170
9.23801 16298
9.23801 16425
9.23843 16551
9.23843 16676
9.23844 16800
9.23844 16923
9.23844 17045
9.23886 17166
9.23886 17286
9.23886 17405
9.23887 17524
9.23887 17642
9.23929 17759
9.23929 17875
9.23929 17991
9.2393 18106
9.2393 18220
9.2393 18333
9.23972 18446
9.23972 18558
9.23972 18669
9.23973 18780
9.23973 18890
9.23973 18999
9.24014 19108
9.24014 19216
9.24014 19323
9.24015 19430
9.24015 19536
9.24015 19642
9.24056 19747
9.24056 19852
9.24057 19956
9.24057 20059
9.24057 20162
9.24058 20264
9.24097 20366
9.24098 20467
9.24098 20568
9.24098 20668
9.24099 20768
9.24099 20867
9.24099 20966
9.24141 21064
9.24141 21162
9.24141 21259
9.24142 21356
9.24142 21453
9.24142 21549
9.24143 21645
9.24184 21740
9.24184 21835
9.24185 21929
9.24185 22023
9.24185 22117
9.24186 22210
9.24186 22303
9.24226 22395
9.24226 22487
9.24226 22579
9.24227 22670
9.24227 22761
9.24227 22852
9.24228 22942
9.24266 23032
9.24266 23122
9.24267 23211
9.24267 23300
9.24267 23388
9.24268 23476
9.24268 23564
9.24307 23651
9.24307 23738
9.24308 23825
9.24308 23912
9.24309 23998
9.24309 24084
9.24309 24170
9.2431 24255
9.24351 24340
9.24351 24425
9.24351 24509
9.24352 24593
9.24352 24677
9.24352 24761
9.24353 24844
9.24353 24927
9.24393 25010
9.24394 25092
9.24394 25174
9.24394 25256
9.24395 25338
9.24395 25419
9.24395 25500
9.24396 25581
9.24436 25662
9.24436 25742
9.24437 25822
9.24437 25902
9.24437 25982
9.24438 26061
9.24438 26140
9.24438 26219
9.24478 26298
9.24479 26376
9.24479 26454
9.24479 26532
9.2448 26610
9.2448 26687
9.2448 26764
9.24481 26841
9.24481 26918
9.24522 26995
9.24522 12240
9.24563 12409
9.24563 12576
9.24604 12740
9.24604 12902
9.24605 13062
9.24605 13220
9.24644 13376
9.24645 13531
9.24645 13684
9.24645 13835
9.24685 13984
9.24685 14132
9.24685 14278
9.24686 14423
9.24728 14566
9.24728 14708
9.24728 14848
9.24729 14987
9.24771 15125
9.24771 6480
9.24813 6800
9.24853 7104
9.24853 7395
9.24893 7675
9.24893 7945
9.24935 8205
9.24935 8457
9.24979 8702
9.2502 3600
9.25059 4176
9.25096 4672
9.25135 5115
9.25178 5520
9.25221 5895
9.25262 2880
9.25302 3600
9.25344 4176
9.25388 4672
9.25431 5115
9.25474 5520
9.25512 5895
9.25547 6246
9.25547 6577
9.25586 6892
9.25586 7192
9.2563 7480
9.25673 2880
9.25716 3600
9.25755 4176
9.25796 4672
9.2584 5115
9.25922 2880
9.25962 3600
9.26002 4176
9.46045 4672
9.46131 2880
9.46175 3600
9.46215 4176
9.46254 4672
9.46296 5115
9.46339 5520
9.46382 5895
9.46421 6246
9.46421 6577
9.46462 6892
9.46462 7192
9.46505 7480
9.46506 7757
9.46549 8024
9.46549 8282
9.46591 8532
9.46591 8775
9.46631 9011
9.46631 9241
9.46631 9465
9.46672 9684
9.46672 9898
9.46672 10107
9.46715 10312
9.46715 10513
9.46716 10710
9.46758 4320
9.46801 4800
9.46841 5232
9.46882 5628
9.46925 5996
9.46968 2880
9.47012 3600
9.4705 4176
9.47084 4672
9.4712 5115
9.47162 5520
9.47205 5895
9.47247 6246
9.47248 6577
9.4729 6892
9.4729 7192
9.47333 7480
9.47333 7757
9.47376 8024
9.47419 2880
9.4746 3600
9.47499 4176
9.47539 4672
9.47583 5115
9.47626 5520
9.47668 5895
9.4771 6246
9.4771 6577
9.47752 6892
9.47753 7192
9.47795 7480
9.47796 7757
9.47838 8024
9.47838 8282
9.47878 8532
9.47878 8775
9.47916 9011
9.47916 9241
9.47917 9465
9.47958 9684
9.47958 9898
9.47959 10107
9.48001 10312
9.48002 10513
9.48002 10710
9.48044 10903
9.48044 11093
9.48045 11279
9.48087 11462
9.48088 11642
9.48088 11820
9.48128 11995
9.48129 12167
9.48129 12337
9.48129 12505
9.48172 12670
9.48172 12833
9.48172 12994
9.48173 13153
9.48215 13310
9.48215 13465
9.48215 13618
9.48216 13770
9.48258 13920
9.48258 14068
9.48258 14215
9.48259 14360
9.483 14504
9.48301 14646
9.48301 14787
9.48301 14927
9.48343 15065
9.48344 15202
9.48344 15338
9.48344 15473
9.48345 15607
9.48387 15739
9.48387 6480
9.4843 6800
9.4847 7104
9.48471 7395
9.48511 7675
9.48512 7945
9.48554 8205
9.48554 8457
9.48597 8702
9.48597 8940
9.48639 9171
9.4864 9397
9.4864 9617
9.48682 9832
9.48683 10042
9.48683 10248
9.48725 10450
9.48725 10648
9.48726 10842
9.48768 11033
9.48768 11220
9.48769 11404
9.48811 11585
9.48811 11763
9.48812 11939
9.48854 12112
9.48854 12283
9.48854 12451
9.48855 12617
9.48897 12781
9.48898 12943
9.48898 13103
9.48898 13261
9.48938 13417
9.48939 13571
9.48939 13723
9.4894 13874
9.48981 14023
9.48981 14170
9.48982 14316
9.48982 14460
9.49024 14603
9.49025 14744
9.49025 14884
9.49025 15023
9.49068 15161
9.49068 6480
9.49152 6800
9.49194 7104
9.49195 7395
9.49238 7675
9.49238 7945
9.49281 8205
9.49281 8457
9.49323 8702
9.49324 8940
9.49362 9171
9.49362 9397
9.49362 9617
9.49405 9832
9.49405 10042
9.49406 10248
9.49448 10450
9.49448 10648
9.49449 10842
9.4949 11033
9.4949 11220
9.49491 11404
9.49531 11585
9.49532 11763
9.49532 11939
9.49575 12112
9.49575 12283
9.49575 12451
9.49576 12617
9.49617 12781
9.49618 12943
9.49618 13103
9.49619 13261
9.49661 13417
9.49661 13571
9.49661 13723
9.497 5760
9.49738 6120
9.49738 6458
9.49779 6779
9.4978 7084
9.49823 7376
9.49865 2880
9.49907 3600
9.49949 4176
9.49992 4672
9.50036 5115
9.50121 2880
9.50163 3600
9.50207 4176
9.50248 4672
9.50288 5115
9.50328 5520
9.50371 5895
9.50414 6246
9.50415 6577
9.50458 6892
9.50498 2880
9.50538 3600
9.50579 4176
9.70622 4672
9.70705 2880
9.70748 3600
9.7079 4176
9.70831 4672
9.70872 5115
9.70915 5520
9.70958 5895
9.70997 6246
9.70998 6577
9.71031 6892
9.71032 7192
9.71067 7480
9.71067 7757
9.71105 8024
9.71106 8282
9.71146 8532
9.71147 8775
9.7119 9011
9.7119 9241
9.71232 9465
9.71233 3600
9.71275 4176
9.71317 4672
9.7136 5115
9.71442 2880
9.71481 3600
9.71524 4176
9.91568 4672
9.91654 2880
9.91696 3600
9.91739 4176
10.1178 4672
10.1187 2880
10.1191 3600
10.1195 4176
10.12 4672
10.1204 5115
10.1212 2880
10.1216 3600
10.122 4176
10.1225 4672
10.1229 5115
10.1233 5520
10.1237 5895
10.1241 6246
10.1241 6577
10.1245 6892
10.1245 7192
10.1249 7480
10.1249 7757
10.1254 8024
10.1254 8282
10.1257 8532
10.1257 8775
10.1261 9011
10.1261 9241
10.1261 9465
10.1265 9684
10.1265 9898
10.1265 10107
10.1269 10312
10.1269 10513
10.1269 10710
10.1274 10903
10.1274 11093
10.1274 11279
10.1278 11462
10.1278 11642
10.1278 11820
10.1282 11995
10.1282 12167
10.1282 12337
10.1282 12505
10.1286 12670
10.1286 12833
10.1286 12994
10.1286 13153
10.1291 13310
10.1291 13465
10.1291 13618
10.1295 5760
10.1299 6120
10.1299 6458
10.1303 6779
10.1303 7084
10.1307 7376
10.1307 7657
10.1311 7927
10.1315 2880
10.1319 3600
10.1323 4176
10.3328 4672
10.3336 2880
10.3341 3600
10.3345 4176
10.3349 4672
10.3353 5115
10.3357 5520
10.3362 5895
10.3366 6246
10.3366 6577
10.337 6892
10.337 7192
10.3374 7480
10.3374 7757
10.3378 8024
10.3382 2880
10.3386 3600
10.339 4176
10.3395 4672
10.3399 5115
10.3403 5520
10.3407 5895
10.3411 6246
10.3411 6577
10.3416 6892
10.3416 7192
10.342 7480
10.342 7757
10.3424 8024
10.3424 8282
10.3428 8532
10.3428 8775
10.3432 9011
10.3432 9241
10.3432 9465
10.3437 9684
10.3437 9898
10.3437 10107
10.3441 10312
10.3441 10513
10.3441 10710
10.3445 4320
10.3449 4800
10.3453 5232
10.3457 5628
10.3461 5996
10.3466 6341
10.3474 2880
10.3482 3600
10.3486 4176
10.349 4672
10.3495 5115
10.3498 5520
10.3502 5895
10.3507 6246
10.3507 6577
10.3511 6892
10.3515 2880
10.3519 3600
10.3523 4176
10.3527 4672
10.3532 5115
10.3536 5520
10.354 5895
10.3544 6246
10.3544 6577
10.3548 6892
10.3548 7192
10.3552 7480
10.3552 7757
10.3557 8024
10.3561 2880
10.3565 3600
10.3569 4176
10.3574 4672
10.3578 5115
10.3582 5520
10.3586 5895
10.359 6246
10.359 6577
10.3595 6892
10.3595 7192
10.3599 7480
10.3599 7757
10.3603 8024
10.3603 8282
10.3607 8532
10.3607 8775
10.3611 9011
10.3611 9241
10.3611 9465
10.3615 9684
10.3615 3600
10.362 4176
10.3624 4672
10.3628 5115
10.3632 5520
10.3636 5895
10.3641 2880
10.3645 3600
10.3649 4176
10.3653 4672
10.3657 5115
10.3665 2880
10.367 3600
10.3674 4176
10.3678 4672
10.3683 5115
10.3687 5520
10.3691 5895
10.3695 6246
10.3704 2880
10.3712 3600
10.3716 4176
10.3719 4672
10.3724 5115
10.3728 5520
10.3732 5895
10.3736 6246
10.3736 6577
10.3741 6892
10.3741 7192
10.3745 7480
10.3745 7757
10.3749 8024
10.3749 8282
10.3753 8532
10.3753 8775
10.3757 9011
10.3757 9241
10.3757 9465
10.3762 9684
10.3762 9898
10.3762 10107
10.3766 10312
10.3766 10513
10.3766 10710
10.377 10903
10.377 11093
10.377 11279
10.3774 11462
10.3774 11642
10.3774 11820
10.3779 11995
10.3779 12167
10.3779 12337
10.3783 5040
10.3787 5451
10.3791 5831
10.3795 6186
10.3795 6521
10.3799 6838
10.3799 7141
10.3803 7431
10.3803 7710
10.3808 7978
10.3808 8237
10.3812 8488
10.3812 8732
10.3816 8969
10.3816 9200
10.3816 9425
10.382 9645
10.382 9859
10.382 10069
10.3824 10274
10.3824 10475
10.3824 10672
10.3829 10866
10.3829 11056
10.3829 11243
10.3833 11427
10.3833 11608
10.3833 11786
10.3837 11961
10.3837 12134
10.3837 12304
10.3837 12472
10.3841 12638
10.3841 12802
10.3841 12963
10.3841 13122
10.3845 13280
10.3845 13436
10.3845 13590
10.385 5760
10.3854 6120
10.3854 6458
10.3858 6779
10.3858 7084
10.3861 7376
10.3861 7657
10.3865 7927
10.3866 8188
10.387 8441
10.387 8686
10.3874 8924
10.3874 9156
10.3874 9382
10.3878 9603
10.3878 9818
10.3878 10029
10.3882 10235
10.3882 10437
10.3882 10635
10.3886 10829
10.3886 11020
10.3886 11208
10.389 11393
10.389 11575
10.389 11754
10.3894 11930
10.3894 5040
10.3902 5451
10.3906 5831
10.3911 6186
10.3919 2880
10.3927 3600
10.3932 4176
10.3936 4672
10.394 5115
10.3944 5520
10.3949 5895
10.3953 6246
10.3953 6577
10.3957 6892
10.3957 7192
10.3961 7480
10.3961 7757
10.3965 8024
10.3965 8282
10.397 8532
10.397 8775
10.3974 9011
10.3974 9241
10.3974 9465
10.3978 9684
10.3978 9898
10.3978 10107
10.3982 10312
10.3982 10513
10.3982 10710
10.3986 10903
10.3986 11093
10.3986 11279
10.3991 11462
10.3991 11642
10.3991 11820
10.3995 11995
10.3995 12167
10.3995 12337
10.3999 12505
10.3999 5040
10.4003 5451
10.4007 5831
10.401 6186
10.401 6521
10.4014 6838
10.4014 7141
10.4018 7431
10.4018 7710
10.4023 7978
10.4023 8237
10.4027 8488
10.4027 8732
10.4031 8969
10.4031 9200
10.4031 9425
10.4035 9645
10.4035 9859
10.4035 10069
10.4039 10274
10.4039 10475
10.4039 10672
10.4044 10866
10.4044 11056
10.4044 11243
10.4048 11427
10.4048 11608
10.4048 11786
10.4052 11961
10.4052 12134
10.4052 12304
10.4052 12472
10.4056 12638
10.4056 12802
10.4056 12963
10.4056 13122
10.406 13280
10.406 13436
10.406 13590
10.406 13742
10.4065 13892
10.4065 14041
10.4065 14188
10.4065 14334
10.4069 14478
10.4069 14621
10.4069 14762
10.4069 14902
10.4073 15041
10.4073 15178
10.4073 15314
10.4073 15449
10.4073 15583
10.4077 15716
10.4077 15847
10.4077 15977
10.4077 16106
10.4077 16234
10.4081 16361
10.4081 16487
10.4081 16612
10.4081 16736
10.4081 16859
10.4085 16981
10.4085 17103
10.4085 17224
10.4085 17344
10.4085 17463
10.4089 17581
10.4089 7920
10.4098 8181
10.4102 8434
10.4102 8679
10.4106 8917
10.411 3600
10.4118 4176
10.4122 4672
10.4126 5115
10.413 5520
10.4135 5895
10.4139 6246
10.4143 6577
10.4147 2880
10.4151 3600
10.4155 4176
10.416 4672
10.4164 5115
10.4168 5520
10.4172 5895
10.4176 6246
10.4176 6577
10.418 6892
10.418 7192
10.4184 7480
10.4184 7757
10.4188 8024
10.4188 8282
10.4192 8532
10.4192 8775
10.4197 9011
10.4201 3600
10.4209 4176
10.4213 4672
10.4218 5115
10.4226 2880
10.423 3600
10.4234 4176
10.6239 4672
10.6247 2880
10.625 3600
10.6254 4176
10.6257 4672
10.6261 5115
10.6265 5520
10.6274 2880
10.6278 3600
10.6282 4176
10.8287 4672
10.8295 2880
10.8299 3600
10.8304 4176
11.8304 1440
11.8308 2880
11.8311 3600
11.8315 4176
11.8319 4672
11.8323 5115
11.8327 5520
11.8331 5895
11.8335 6246
11.8335 6577
11.8338 6892
11.8338 7192
11.8341 7480
11.8341 7757
11.8345 8024
11.8345 8282
11.8348 8532
11.8348 8775
11.8352 9011
11.8352 9241
11.8352 9465
11.8356 9684
11.8356 9898
11.8356 10107
11.836 10312
11.836 10513
11.836 10710
11.8364 4320
11.8368 4800
11.8373 5232
11.8377 5628
11.8381 5996
11.8385 2880
11.839 3600
11.8394 4176
11.8398 4672
11.8402 5115
11.8406 5520
11.8411 5895
11.8415 6246
11.8423 2880
11.8432 3600
11.8436 4176
12.0441 4672
12.0449 2880
12.0453 3600
12.0457 4176
12.0461 4672
12.0465 5115
12.0469 5520
12.0473 5895
12.0477 6246
12.0482 6577
12.0486 2880
12.049 3600
12.0494 4176
12.0498 4672
12.0503 5115
12.0507 5520
12.051 5895
12.0514 6246
12.0514 6577
12.0518 6892
12.0518 7192
12.0523 7480
12.0523 7757
12.0527 8024
12.0527 8282
12.0531 8532
12.0531 8775
12.0535 9011
12.0535 9241
12.0535 9465
12.0539 9684
12.0539 9898
12.054 10107
12.0544 10312
12.0544 10513
12.0544 10710
12.0548 10903
12.0548 11093
12.0548 11279
12.0552 11462
12.0552 11642
12.0552 11820
12.0556 11995
12.0556 12167
12.0556 12337
12.0556 12505
12.056 12670
12.056 12833
12.056 12994
12.056 13153
12.0564 13310
12.0564 13465
12.0564 13618
12.0568 5760
12.0572 6120
12.0572 6458
12.0576 6779
12.0576 7084
12.058 7376
12.058 7657
12.0583 7927
12.0583 8188
12.0588 8441
12.0588 8686
12.0592 8924
12.0592 9156
12.0592 9382
12.0596 9603
12.0596 9818
12.0596 10029
12.06 10235
12.06 10437
12.06 10635
12.0604 10829
12.0604 11020
12.0604 11208
12.0608 11393
12.0608 11575
12.0608 11754
12.0613 11930
12.0613 12103
12.0613 12274
12.0613 12442
12.0617 12608
12.0617 12772
12.0617 12934
12.0617 13094
12.0621 13252
12.0621 13408
12.0621 13562
12.0621 13714
12.0625 13865
12.0625 14014
12.0625 14161
12.0625 14307
12.063 14451
12.063 6480
12.0634 6800
12.0638 7104
12.0638 7395
12.0641 7675
12.0641 7945
12.0645 8205
12.0645 8457
12.065 8702
12.065 8940
12.0654 9171
12.0654 9397
12.0654 9617
12.0658 9832
12.0658 10042
12.0658 10248
12.0661 10450
12.0662 10648
12.0662 10842
12.0665 11033
12.0665 11220
12.0665 11404
12.0669 11585
12.0669 11763
12.0669 11939
12.0673 12112
12.0673 12283
12.0673 12451
12.0673 12617
12.0678 12781
12.0678 12943
12.0678 13103
12.0678 13261
12.0682 13417
12.0682 13571
12.0682 13723
12.0682 13874
12.0686 14023
12.0686 14170
12.0686 14316
12.0686 14460
12.069 14603
12.069 14744
12.069 14884
12.069 15023
12.069 15161
12.0695 15297
12.0695 15432
12.0695 15566
12.0695 15699
12.0695 15831
12.0699 15961
12.0699 16090
12.0699 16218
12.0699 16345
12.0699 16471
12.0703 16596
12.0703 16720
12.0703 16844
12.0703 16967
12.0703 17089
12.0707 17210
12.0707 17330
12.0707 17449
12.0707 17567
12.0707 17685
12.0712 17802
12.0712 17918
12.0712 18033
12.0712 18147
12.0712 18261
12.0712 18374
12.0716 18486
12.0716 18598
12.0716 18709
12.0716 18819
12.0716 18929
12.0716 19038
12.0719 19146
12.0719 19254
12.072 19361
12.072 19468
12.072 19574
12.072 19679
12.0723 19784
12.0723 19888
12.0723 19992
12.0723 20095
12.0723 20198
12.0723 20300
12.0727 20402
12.0727 20503
12.0727 20604
12.0727 20704
12.0727 20804
12.0727 20903
12.0727 21002
12.0731 21100
12.0731 21198
12.0731 21295
12.0731 21392
12.0731 21488
12.0731 21584
12.0731 21680
12.0736 21775
12.0736 21870
12.0736 21964
12.0736 22058
12.0736 22152
12.0736 22245
12.0736 22338
12.074 10080
12.0744 10285
12.0744 10486
12.0744 10683
12.0748 10877
12.0748 11067
12.0748 11254
12.0751 11438
12.0752 11619
12.0752 11797
12.0756 11972
12.0756 5040
12.0768 5451
12.0768 5831
12.0772 6186
12.0772 6521
12.0776 6838
12.0776 7141
12.0781 7431
12.0781 7710
12.0785 7978
12.0785 8237
12.0789 8488
12.0789 8732
12.0793 8969
12.0793 9200
12.0793 9425
12.0798 9645
12.0798 9859
12.0798 10069
12.0802 10274
12.0802 10475
12.0802 10672
12.0806 10866
12.0806 11056
12.0806 11243
12.081 11427
12.081 11608
12.081 11786
12.0814 11961
12.0814 12134
12.0814 12304
12.0814 12472
12.0819 12638
12.0819 12802
12.0819 12963
12.0819 13122
12.0823 13280
12.0823 13436
12.0823 13590
12.0827 5760
12.0831 6120
12.0831 6458
12.0835 6779
12.0835 7084
12.084 7376
12.084 7657
12.0844 7927
12.0844 8188
12.0848 8441
12.0848 8686
12.0852 8924
12.0852 9156
12.0852 9382
12.0855 9603
12.0855 9818
12.0855 10029
12.0859 10235
12.0859 10437
12.0859 10635
12.0863 10829
12.0863 11020
12.0863 11208
12.0868 11393
12.0868 11575
12.0868 11754
12.0872 11930
12.0872 12103
12.0872 12274
12.0876 5040
12.088 5451
12.0884 5831
12.0889 6186
12.0889 6521
12.0893 6838
12.0893 7141
12.0897 7431
12.0897 7710
12.0901 7978
12.0901 8237
12.0906 8488
12.0906 8732
12.091 8969
12.091 9200
12.091 9425
12.0914 9645
12.0914 9859
12.0914 10069
12.0918 10274
12.0918 10475
12.0918 10672
12.0923 10866
12.0923 11056
12.0923 11243
12.0927 11427
12.0927 11608
12.0927 11786
12.0931 11961
12.0931 12134
12.0931 12304
12.0931 12472
12.0935 12638
12.0935 12802
12.0935 12963
12.0935 13122
12.0939 13280
12.0939 13436
12.0939 13590
12.0939 13742
12.0943 13892
12.0943 14041
12.0943 14188
12.0944 14334
12.0947 14478
12.0947 14621
12.0947 14762
12.0947 14902
12.0951 15041
12.0951 15178
12.0951 15314
12.0951 15449
12.0952 15583
12.0956 15716
12.0956 15847
12.0956 15977
12.0956 16106
12.0956 16234
12.096 16361
12.096 16487
12.096 16612
12.096 16736
12.096 16859
12.0964 16981
12.0964 17103
12.0964 17224
12.0964 17344
12.0964 17463
12.0969 17581
12.0969 17698
12.0969 17815
12.0969 17931
12.0969 18046
12.0969 18160
12.0973 18274
12.0973 7920
12.0977 8181
12.0981 8434
12.0981 8679
12.0985 8917
12.0985 9149
12.0986 9375
12.099 9596
12.099 9812
12.099 10023
12.0994 10229
12.0994 10431
12.0994 10629
12.0998 10824
12.0998 4320
12.1003 4800
12.1007 5232
12.1011 5628
12.1015 5996
12.1028 2880
12.104 3600
12.1044 4176
12.1048 4672
12.1052 5115
12.1057 5520
12.1061 5895
12.1065 6246
12.1073 2880
12.1081 3600
12.1086 4176
12.109 4672
12.1094 5115
12.1098 5520
12.1102 5895
12.1107 6246
12.1111 6577
12.1122 2880
12.1131 3600
12.1135 4176
12.114 4672
12.1144 5115
12.1148 5520
12.1152 5895
12.1157 2880
12.1161 3600
12.1165 4176
12.1169 4672
12.1173 5115
12.1177 5520
12.1181 5895
12.1185 6246
12.1185 6577
12.1189 6892
12.1189 7192
12.1194 7480
12.1194 7757
12.1198 8024
12.1198 8282
12.1202 8532
12.1202 8775
12.1206 9011
12.1206 9241
12.1206 9465
12.121 9684
12.121 9898
12.1211 10107
12.1215 10312
12.1215 10513
12.1215 10710
12.1219 10903
12.1219 11093
12.1219 11279
12.1223 11462
12.1223 11642
12.1223 11820
12.1227 11995
12.1227 12167
12.1227 12337
12.1227 12505
12.1231 12670
12.1231 12833
12.1231 12994
12.1231 13153
12.1236 13310
12.1236 13465
12.1236 13618
12.1236 13770
12.1239 13920
12.1239 14068
12.1239 14215
12.1239 14360
12.1243 14504
12.1243 14646
12.1243 14787
12.1243 14927
12.1247 15065
12.1247 15202
12.1247 15338
12.1247 15473
12.1247 15607
12.1252 15739
12.1252 15870
12.1252 16000
12.1252 16129
12.1252 16257
12.1256 16384
12.1256 16510
12.1256 16635
12.1256 16759
12.1256 16882
12.126 17004
12.126 17125
12.126 17246
12.126 17366
12.126 17485
12.1264 17603
12.1264 17720
12.1264 17837
12.1264 17953
12.1264 18068
12.1264 18182
12.1268 18296
12.1268 18409
12.1268 18521
12.1268 18632
12.1268 18743
12.1268 18853
12.1272 18962
12.1272 19071
12.1272 19179
12.1272 19287
12.1272 19394
12.1272 19500
12.1276 19606
12.1276 19711
12.1276 19816
12.1276 19920
12.1276 20024
12.1276 20127
12.128 20230
12.1281 20332
12.1281 20433
12.1281 20534
12.1281 20634
12.1281 20734
12.1285 20834
12.1285 20933
12.1285 21032
12.1285 21130
12.1285 21228
12.1285 21325
12.1285 21422
12.1289 21518
12.1289 21614
12.1289 21709
12.1289 21804
12.1289 21899
12.1289 21993
12.1289 22087
12.1293 22180
12.1293 22273
12.1293 22366
12.1293 22458
12.1293 22550
12.1293 22641
12.1293 22732
12.1297 22823
12.1298 22913
12.1298 23003
12.1298 23093
12.1298 23182
12.1298 23271
12.1298 23360
12.1302 23448
12.1302 23536
12.1302 23624
12.1302 23711
12.1302 23798
12.1302 23885
12.1302 23971
12.1302 24057
12.1305 24143
12.1305 24228
12.1305 24313
12.1305 24398
12.1305 24482
12.1305 24566
12.1306 24650
12.1306 24734
12.1309 24817
12.1309 24900
12.131 24983
12.131 25066
12.131 25148
12.131 25230
12.131 25312
12.131 25393
12.1314 25474
12.1314 25555
12.1314 25636
12.1314 25716
12.1314 25796
12.1314 25876
12.1314 25956
12.1314 26035
12.1318 26114
12.1318 26193
12.1318 26272
12.1318 26350
12.1318 26428
12.1318 26506
12.1318 26584
12.1318 26662
12.1318 26739
12.1322 26816
12.1322 12240
12.1327 12409
12.1327 12576
12.1331 12740
12.1331 12902
12.1331 13062
12.1331 13220
12.1335 13376
12.1335 13531
12.1335 13684
12.1335 13835
12.134 13984
12.134 14132
12.134 14278
12.134 14423
12.1344 14566
12.1344 14708
12.1344 14848
12.1344 14987
12.1344 15125
12.1348 15262
12.1348 15397
12.1348 15531
12.1348 15664
12.1348 15796
12.1352 15927
12.1352 16057
12.1352 16186
12.1352 16314
12.1352 16441
12.1356 16567
12.1357 7200
12.1361 7488
12.1365 7764
12.1365 8031
12.1369 8289
12.1369 8539
12.1373 8781
12.1373 9017
12.1377 9246
12.1382 3600
12.139 4176
12.1394 4672
12.3398 5115
12.341 2880
12.3418 3600
12.3422 4176
12.5427 4672
12.5432 2880
12.5435 3600
12.5437 4176
12.544 4672
12.5443 5115
12.5445 5520
12.5448 5895
12.545 6246
