1 14400
1.07995 1440
3.08247 2880
3.08296 3600
3.08345 4176
3.08395 4672
3.08447 5115
4.08547 1440
4.28647 2880
4.287 3600
4.28748 4176
4.28798 4672
4.2885 5115
4.28902 5520
4.28951 5895
4.28997 6246
4.28998 6577
4.29048 6892
4.29049 7192
4.291 7480
4.29153 7757
4.29202 2880
4.29288 3600
4.2933 4176
4.29378 4672
4.29428 5115
4.2948 5520
4.29533 5895
4.29584 6246
4.29585 6577
4.29633 6892
4.29633 7192
4.29683 7480
4.29684 7757
4.29736 8024
4.29784 2880
4.29832 3600
4.29881 4176
4.29932 4672
4.29984 5115
4.30036 5520
4.30085 5895
4.30132 6246
4.30132 6577
4.3018 6892
4.3018 7192
4.3023 7480
4.30231 7757
4.30282 8024
4.30334 2880
4.30382 3600
4.30423 4176
4.30465 4672
4.3051 5115
4.3056 5520
4.30612 5895
4.30664 6246
4.30716 6577
4.30763 2880
4.30807 3600
4.30852 4176
4.309 4672
4.3095 5115
4.31002 5520
4.31053 5895
4.31105 6246
4.31105 6577
4.31155 6892
4.31156 7192
4.31205 7480
4.31205 7757
4.31256 8024
4.31257 8282
4.31308 8532
4.31309 8775
4.31357 9011
4.31358 9241
4.31358 9465
4.3141 9684
4.3141 9898
4.31462 10107
4.31462 4320
4.31513 4800
4.31561 5232
4.31613 5628
4.31665 5996
4.31717 6341
4.31717 6668
4.31768 6978
4.31769 7275
4.3182 7560
4.3182 7834
4.31872 8098
4.31872 8354
4.31923 8602
4.31923 8843
4.3197 9077
4.3197 9305
4.31971 9527
4.32014 9744
4.32015 9956
4.32015 10164
4.32059 10368
4.32059 10568
4.3206 10764
4.32107 10956
4.32107 11145
4.32107 11331
4.32158 11514
4.32159 11694
4.32159 11871
4.3221 12045
4.32211 12217
4.32211 12386
4.32212 12553
4.32263 12718
4.32263 12881
4.32264 13041
4.32312 13200
4.32313 5760
4.32362 6120
4.32412 6458
4.32412 6779
4.32464 7084
4.32464 7376
4.32514 7657
4.32515 7927
4.32563 8188
4.32563 8441
4.32607 8686
4.32608 8924
4.32652 9156
4.32652 9382
4.32653 9603
4.327 9818
4.32701 10029
4.32701 10235
4.32753 10437
4.32753 10635
4.32753 10829
4.32804 4320
4.32853 4800
4.32902 5232
4.32954 5628
4.33005 5996
4.33056 6341
4.33057 6668
4.33107 6978
4.33107 7275
4.33159 7560
4.33159 7834
4.3321 8098
4.33211 8354
4.3326 8602
4.33261 8843
4.33307 9077
4.33308 9305
4.33308 9527
4.33356 9744
4.33357 9956
4.33357 10164
4.33409 10368
4.33409 10568
4.3346 10764
4.33461 4320
4.3356 4800
4.33608 5232
4.33658 5628
4.33709 5996
4.33761 6341
4.33762 6668
4.33859 2880
4.33952 3600
4.34001 4176
4.34052 4672
4.34105 5115
4.34156 5520
4.34208 5895
4.34257 6246
4.34257 6577
4.34307 6892
4.34307 7192
4.34358 7480
4.34359 7757
4.34411 8024
4.34458 2880
4.3455 3600
4.34598 4176
4.34649 4672
4.54701 5115
4.54851 2880
4.54955 3600
4.55007 4176
4.55054 4672
4.55098 5115
4.55145 5520
4.55195 5895
4.55247 6246
4.55247 6577
4.55299 6892
4.553 7192
4.55351 7480
4.55352 7757
4.55397 8024
4.55397 8282
4.55442 8532
4.55442 8775
4.5549 9011
4.5549 9241
4.55491 9465
4.5554 9684
4.55541 9898
4.55541 10107
4.55592 10312
4.55593 10513
4.55593 10710
4.55644 10903
4.55645 11093
4.55645 11279
4.55692 11462
4.55693 11642
4.55693 11820
4.55739 11995
4.55739 12167
4.5574 12337
4.5574 12505
4.55787 12670
4.55787 12833
4.55787 12994
4.55788 13153
4.55835 13310
4.55836 13465
4.55836 13618
4.55837 13770
4.55887 13920
4.55887 14068
4.55888 14215
4.55888 14360
4.55939 14504
4.55939 14646
4.5594 14787
4.5594 14927
4.55988 15065
4.55989 15202
4.55989 15338
4.5599 15473
4.5599 15607
4.56033 15739
4.56033 15870
4.56034 16000
4.56034 16129
4.56035 16257
4.56081 16384
4.56082 16510
4.56082 16635
4.56083 16759
4.56083 16882
4.56133 17004
4.56134 17125
4.56134 17246
4.56135 17366
4.56135 17485
4.56184 17603
4.56185 17720
4.56185 17837
4.56186 17953
4.56186 18068
4.56187 18182
4.56236 18296
4.56237 18409
4.56237 18521
4.56238 18632
4.56238 18743
4.56238 18853
4.56287 18962
4.56288 19071
4.56288 19179
4.56289 19287
4.56289 19394
4.5629 19500
4.56338 19606
4.56339 19711
4.56339 19816
4.5634 19920
4.5634 20024
4.56341 20127
4.56389 20230
4.5639 20332
4.5639 20433
4.56391 20534
4.56391 20634
4.56392 20734
4.56439 20834
4.5644 20933
4.5644 21032
4.56441 21130
4.56441 21228
4.56442 21325
4.56442 21422
4.56491 21518
4.56491 21614
4.56492 21709
4.56492 21804
4.56493 21899
4.56493 21993
4.56494 22087
4.56542 22180
4.56543 22273
4.56543 22366
4.56544 22458
4.56544 22550
4.56545 22641
4.56545 22732
4.56594 22823
4.56594 22913
4.56595 23003
4.56595 23093
4.56596 23182
4.56596 23271
4.56596 23360
4.56643 23448
4.56643 23536
4.56644 23624
4.56644 23711
4.56645 23798
4.56645 23885
4.56645 23971
4.56646 24057
4.56689 24143
4.56689 24228
4.5669 24313
4.5669 24398
4.56691 24482
4.56691 24566
4.56692 24650
4.56692 24734
4.56737 24817
4.56738 24900
4.56738 24983
4.56739 25066
4.56739 25148
4.5674 25230
4.5674 25312
4.56741 25393
4.56788 25474
4.56789 25555
4.56789 25636
4.5679 25716
4.5679 25796
4.56791 25876
4.56791 25956
4.56792 26035
4.5684 26114
4.56841 26193
4.56841 26272
4.56842 26350
4.56842 26428
4.56843 26506
4.56843 26584
4.56844 26662
4.56893 12240
4.56944 12409
4.56944 12576
4.56945 12740
4.56991 12902
4.56991 13062
4.56992 13220
4.56992 13376
4.57038 13531
4.57039 13684
4.57039 13835
4.5704 13984
4.57088 14132
4.57088 14278
4.57089 14423
4.57089 14566
4.5714 14708
4.5714 14848
4.57141 14987
4.57141 15125
4.57192 6480
4.57244 6800
4.57294 7104
4.57295 7395
4.57345 7675
4.57345 7945
4.57396 8205
4.57397 8457
4.57448 8702
4.57449 8940
4.57499 9171
4.575 9397
4.575 9617
4.57552 9832
4.57552 10042
4.57552 10248
4.57604 10450
4.57604 10648
4.57605 10842
4.57649 4320
4.5769 4800
4.5773 5232
4.57772 5628
4.57815 5996
4.57861 6341
4.57861 6668
4.57909 6978
4.5791 7275
4.57961 7560
4.57962 7834
4.58012 8098
4.58013 8354
4.58064 8602
4.58065 8843
4.58114 9077
4.58115 9305
4.58115 9527
4.58163 9744
4.58164 9956
4.58165 10164
4.58212 10368
4.58213 10568
4.58213 10764
4.5826 10956
4.58261 11145
4.58261 11331
4.58311 11514
4.58312 11694
4.58313 11871
4.58363 12045
4.58364 12217
4.58365 12386
4.58365 12553
4.58415 12718
4.58415 12881
4.58416 13041
4.58416 13200
4.58464 13357
4.58466 13512
4.58466 13665
4.58467 13816
4.58516 13966
4.58517 14114
4.58517 14260
4.58518 14405
4.58568 14548
4.58569 14690
4.58569 14831
4.5857 14970
4.58619 15108
4.58621 6480
4.5867 6800
4.5872 7104
4.58721 7395
4.58773 7675
4.58773 7945
4.58824 2880
4.58865 3600
4.58905 4176
4.58946 4672
4.58988 5115
4.59031 5520
4.59077 5895
4.59125 6246
4.59125 6577
4.59176 6892
4.59177 7192
4.59228 7480
4.59229 7757
4.59279 8024
4.59279 8282
4.59327 8532
4.59328 8775
4.59379 9011
4.59379 9241
4.5938 9465
4.59431 9684
4.59431 9898
4.59432 10107
4.59481 10312
4.59481 10513
4.59482 10710
4.5953 10903
4.5953 11093
4.59531 11279
4.59581 11462
4.59581 11642
4.59582 11820
4.59632 11995
4.59633 12167
4.59633 12337
4.59634 12505
4.59685 12670
4.59685 12833
4.59686 12994
4.59686 13153
4.59735 13310
4.59735 13465
4.59736 13618
4.59736 13770
4.59783 13920
4.59783 14068
4.59784 14215
4.59784 14360
4.59833 14504
4.59834 14646
4.59834 14787
4.59835 14927
4.59884 15065
4.59885 15202
4.59885 15338
4.59886 15473
4.59886 15607
4.59937 15739
4.59937 15870
4.59938 16000
4.59938 16129
4.59939 16257
4.59989 16384
4.59989 16510
4.5999 16635
4.5999 16759
4.59991 16882
4.60035 17004
4.60035 17125
4.60036 17246
4.60036 17366
4.60037 17485
4.60079 17603
4.6008 17720
4.6008 17837
4.60081 17953
4.60081 18068
4.60082 18182
4.60127 18296
4.60127 18409
4.60128 18521
4.60128 18632
4.60129 18743
4.60129 18853
4.60175 18962
4.60175 19071
4.60176 19179
4.60176 19287
4.60177 19394
4.60177 19500
4.60224 19606
4.60225 19711
4.60225 19816
4.60226 19920
4.60226 20024
4.60227 20127
4.60276 20230
4.60277 20332
4.60277 20433
4.60278 20534
4.60278 20634
4.60279 20734
4.60328 20834
4.60328 20933
4.60329 21032
4.60329 21130
4.6033 21228
4.6033 21325
4.60331 21422
4.60376 21518
4.60377 21614
4.60377 21709
4.60378 21804
4.60378 21899
4.60379 21993
4.60379 22087
4.60423 22180
4.60424 22273
4.60424 22366
4.60425 22458
4.60425 22550
4.60426 22641
4.60426 22732
4.6047 22823
4.6047 22913
4.60471 23003
4.60471 23093
4.60472 23182
4.60472 23271
4.60473 23360
4.60518 23448
4.60518 23536
4.60519 23624
4.60519 23711
4.6052 23798
4.6052 23885
4.60521 23971
4.60521 24057
4.60568 24143
4.60569 24228
4.60569 24313
4.6057 24398
4.6057 24482
4.6057 24566
4.60571 24650
4.60571 24734
4.60619 24817
4.60619 24900
4.60619 24983
4.6062 25066
4.6062 25148
4.60621 25230
4.60621 25312
4.60622 25393
4.6067 25474
4.60671 25555
4.60671 25636
4.60672 25716
4.60672 25796
4.60673 25876
4.60673 25956
4.60674 26035
4.60721 26114
4.60721 26193
4.60722 26272
4.60722 26350
4.60723 26428
4.60723 26506
4.60724 26584
4.60724 26662
4.60725 26739
4.60769 26816
4.6077 26893
4.6077 26970
4.60771 27046
4.60771 27122
4.60771 27198
4.60772 27274
4.60772 27350
4.60773 27425
4.60816 27500
4.60817 27575
4.60817 27650
4.60818 27724
4.60818 27798
4.60819 27872
4.60819 27946
4.6082 28020
4.6082 28094
4.60865 28167
4.60866 28240
4.60866 28313
4.60867 28386
4.60867 28459
4.60868 28531
4.60868 28603
4.60869 28675
4.60869 28747
4.60917 28819
4.60918 28890
4.60918 28961
4.60919 29032
4.60919 29103
4.6092 29174
4.6092 29245
4.60921 29315
4.60921 29385
4.6097 29455
4.6097 29525
4.60971 13680
4.61019 13831
4.61019 13980
4.61061 14128
4.61061 14274
4.61062 14419
4.61062 14562
4.61106 14704
4.61106 14845
4.61107 14984
4.61107 15122
4.61108 15259
4.61154 15394
4.61155 15528
4.61155 15661
4.61156 15793
4.61156 15924
4.61206 16054
4.61206 16183
4.61207 16311
4.61207 16438
4.61208 16564
4.61257 16689
4.61257 16813
4.61258 16936
4.61258 17058
4.61259 17179
4.61308 17299
4.61308 17418
4.61309 17537
4.61309 17655
4.6131 17772
4.61357 17888
4.61357 18003
4.61358 18118
4.61358 18232
4.61359 18345
4.61359 18458
4.61409 18570
4.6141 18681
4.6141 18792
4.61411 18902
4.61411 19011
4.61412 19120
4.61461 19228
4.61462 19335
4.61462 19442
4.61463 19548
4.61463 19654
4.61464 19759
4.61509 19863
4.6151 19967
4.6151 20070
4.61511 20173
4.61511 20275
4.61512 20377
4.61553 20478
4.61554 20579
4.61554 20679
4.61555 20779
4.61555 20878
4.61556 20977
4.61556 21075
4.61599 21173
4.61599 21270
4.616 21367
4.616 21464
4.61601 21560
4.61601 21656
4.61602 21751
4.61646 21846
4.61646 21940
4.61647 22034
4.61647 22128
4.61648 22221
4.61648 22314
4.61649 22406
4.61692 22498
4.61693 22590
4.61693 22681
4.61694 22772
4.61694 22863
4.61695 22953
4.61695 23043
4.61741 23132
4.61741 23221
4.61742 23310
4.61742 23398
4.61743 23486
4.61743 23574
4.61744 23661
4.61744 23748
4.61792 23835
4.61793 23921
4.61793 24007
4.61794 24093
4.61794 24179
4.61795 24264
4.61795 24349
4.61796 24434
4.61845 24518
4.61845 24602
4.61846 24686
4.61846 24769
4.61846 24852
4.61847 24935
4.61847 25018
4.61848 25100
4.61894 25182
4.61895 25264
4.61895 25346
4.61896 25427
4.61896 25508
4.61897 25589
4.61897 25670
4.61898 25750
4.61941 25830
4.61941 25910
4.61942 25990
4.61942 26069
4.61943 26148
4.61943 26227
4.61944 26306
4.61944 26384
4.61989 26462
4.6199 26540
4.6199 26618
4.61991 26695
4.61991 26772
4.61992 26849
4.61992 26926
4.61993 27003
4.61993 27079
4.62039 27155
4.6204 27231
4.6204 27307
4.62041 27382
4.62041 27457
4.62042 27532
4.62042 27607
4.62043 27682
4.62043 27756
4.62092 27830
4.62092 27904
4.62093 27978
4.62093 28052
4.62094 12960
4.62146 13120
4.62193 13278
4.62193 13434
4.62194 13588
4.62194 13740
4.62238 13890
4.62239 14039
4.62239 14186
4.6224 14332
4.62284 14476
4.62284 14619
4.62285 14760
4.62285 14900
4.62332 15039
4.62333 15176
4.62333 15312
4.62334 15447
4.62334 15581
4.62384 15714
4.62384 15845
4.62384 15975
4.62385 16104
4.62385 16232
4.62436 16359
4.62436 16485
4.62437 16610
4.62437 16734
4.62438 16857
4.62487 16980
4.62488 17102
4.62488 17223
4.62489 17343
4.62489 17462
4.62535 17580
4.62535 17697
4.62536 17814
4.62536 17930
4.62536 18045
4.62537 18159
4.62576 18273
4.62577 18386
4.62577 18498
4.62578 18610
4.62578 18721
4.62579 18831
4.62618 18941
4.62618 19050
4.62619 19158
4.62619 19266
4.6262 19373
4.6262 19480
4.62662 19586
4.62662 19691
4.62663 19796
4.62663 19900
4.62664 20004
4.62664 20107
4.62707 20210
4.62708 20312
4.62708 20414
4.62709 20515
4.62709 20616
4.62709 20716
4.62758 20816
4.62758 20915
4.62758 21014
4.62759 21112
4.62759 21210
4.6276 21307
4.6276 21404
4.62809 21500
4.62809 21596
4.6281 21692
4.6281 21787
4.62811 21882
4.62811 21976
4.62812 22070
4.62861 22163
4.62861 22256
4.62862 22349
4.62862 22441
4.62863 22533
4.62863 22625
4.62864 22716
4.62913 22807
4.62913 22897
4.62914 22987
4.62914 23077
4.62915 23166
4.62915 23255
4.62916 23344
4.6296 23432
4.6296 23520
4.62961 23608
4.62961 23695
4.62962 23782
4.62962 23869
4.62963 23955
4.62963 24041
4.63005 24127
4.63006 24212
4.63006 24297
4.63007 24382
4.63007 24467
4.63008 24551
4.63008 24635
4.63008 24719
4.63053 24802
4.63053 24885
4.63054 24968
4.63054 25051
4.63055 25133
4.63055 25215
4.63056 25297
4.63056 25378
4.63103 25459
4.63104 25540
4.63104 25621
4.63105 25701
4.63105 25781
4.63106 25861
4.63106 25941
4.63106 26020
4.63154 26099
4.63155 26178
4.63155 26257
4.63156 26335
4.63156 26413
4.63157 26491
4.63157 26569
4.63158 26647
4.63158 26724
4.63207 26801
4.63207 26878
4.63208 26955
4.63208 27031
4.63209 27107
4.63209 27183
4.6321 27259
4.6321 27335
4.63211 27410
4.63256 27485
4.63257 27560
4.63257 27635
4.63258 27710
4.63258 27784
4.63259 27858
4.63259 27932
4.6326 28006
4.6326 28080
4.63302 28153
4.63303 28226
4.63303 28299
4.63304 28372
4.63304 28445
4.63305 28517
4.63305 28589
4.63306 28661
4.63306 28733
4.63351 28805
4.63352 28876
4.63352 28947
4.63353 29018
4.63353 29089
4.63354 29160
4.63354 29231
4.63355 29301
4.63355 29371
4.63403 29441
4.63404 29511
4.63404 29581
4.63404 29651
4.63405 29720
4.63405 29789
4.63406 29858
4.63406 29927
4.63407 29996
4.63407 30065
4.63455 30133
4.63456 30201
4.63456 30269
4.63457 30337
4.63457 30405
4.63458 30473
4.63458 30541
4.63459 30608
4.63459 30675
4.6346 30742
4.63508 30809
4.63508 30876
4.63509 30943
4.63509 14400
4.63556 14544
4.63599 14686
4.63599 14827
4.636 14966
4.636 15104
4.636 15241
4.63644 15377
4.63645 15511
4.63645 15644
4.63646 15776
4.63646 15907
4.63693 16037
4.63694 16166
4.63694 16294
4.63695 16421
4.63695 16547
4.63746 16672
4.63746 16796
4.63747 16919
4.63747 17041
4.63747 17162
4.63797 17282
4.63797 17401
4.63798 17520
4.63798 17638
4.63799 17755
4.63845 17871
4.63845 17987
4.63846 18102
4.63846 18216
4.63847 18329
4.63847 18442
4.63895 18554
4.63895 18665
4.63896 18776
4.63896 18886
4.63897 18995
4.63897 19104
4.63946 19212
4.63947 19319
4.63947 19426
4.63948 19532
4.63948 19638
4.63948 19743
4.63998 19848
4.63999 19952
4.63999 20055
4.64 20158
4.64 20260
4.64001 20362
4.6405 20463
4.6405 20564
4.64051 20664
4.64051 20764
4.64052 20863
4.64052 20962
4.64053 21060
4.641 21158
4.641 21256
4.64101 21353
4.64101 21450
4.64102 21546
4.64102 21642
4.64103 21737
4.64146 21832
4.64146 21926
4.64147 22020
4.64147 22114
4.64148 22207
4.64148 22300
4.64149 22392
4.64194 22484
4.64194 22576
4.64195 22667
4.64195 22758
4.64196 22849
4.64196 22939
4.64197 23029
4.64244 23119
4.64244 23208
4.64245 23297
4.64245 23386
4.64246 23474
4.64246 23562
4.64247 23650
4.64295 23737
4.64296 23824
4.64296 23911
4.64297 23997
4.64297 24083
4.64298 24169
4.64298 24254
4.64299 24339
4.64348 24424
4.64348 24508
4.64349 24592
4.64349 24676
4.6435 24760
4.6435 24843
4.64351 24926
4.64351 25009
4.64399 25091
4.644 25173
4.644 25255
4.64401 25337
4.64401 25418
4.64402 25499
4.64402 25580
4.64403 25661
4.64451 25741
4.64451 25821
4.64452 25901
4.64452 25981
4.64453 26060
4.64453 26139
4.64453 26218
4.64454 26297
4.64503 26375
4.64503 26453
4.64504 26531
4.64504 26609
4.64505 26686
4.64505 12240
4.64556 12409
4.64602 12576
4.64603 12740
4.64603 12902
4.64604 13062
4.64648 13220
4.64648 13376
4.64649 13531
4.64649 13684
4.64694 13835
4.64695 13984
4.64695 14132
4.64696 14278
4.64745 14423
4.64746 14566
4.64746 14708
4.64747 14848
4.64797 14987
4.64798 15125
4.64799 6480
4.6485 6800
4.64897 7104
4.64898 7395
4.64945 7675
4.64946 7945
4.64997 8205
4.64997 8457
4.65049 8702
4.6505 8940
4.651 9171
4.651 9397
4.65101 9617
4.65149 9832
4.65149 10042
4.6515 10248
4.65201 10450
4.65201 10648
4.65202 10842
4.65253 11033
4.65253 11220
4.65254 11404
4.65304 11585
4.65304 11763
4.65305 11939
4.65351 12112
4.65351 12283
4.65352 12451
4.65352 12617
4.654 12781
4.65401 12943
4.65401 13103
4.65402 13261
4.65452 13417
4.65453 13571
4.65453 13723
4.65454 13874
4.65503 14023
4.65504 14170
4.65504 14316
4.65505 14460
4.6555 14603
4.6555 14744
4.65551 14884
4.65551 15023
4.65552 15161
4.65592 15297
4.65592 15432
4.65593 15566
4.65593 15699
4.65594 15831
4.65637 15961
4.65637 16090
4.65637 16218
4.65638 16345
4.65638 16471
4.65685 16596
4.65685 16720
4.65686 16844
4.65686 16967
4.65687 17089
4.65736 17210
4.65737 17330
4.65737 17449
4.65738 17567
4.65738 17685
4.65789 17802
4.65789 17918
4.65789 18033
4.6579 7920
4.65838 8181
4.65884 8434
4.65884 8679
4.6593 8917
4.6593 9149
4.6593 9375
4.65978 9596
4.65978 9812
4.65979 10023
4.66027 10229
4.66027 10431
4.66028 10629
4.66078 10824
4.66079 11015
4.66079 11203
4.6613 11388
4.6613 11570
4.66131 11749
4.66182 11925
4.66182 12098
4.66183 12269
4.66233 5040
4.66283 5451
4.66335 5831
4.66387 6186
4.66387 6521
4.66439 6838
4.6644 7141
4.66484 7431
4.66484 7710
4.66529 7978
4.66529 8237
4.66576 8488
4.66576 8732
4.66626 8969
4.66626 9200
4.66627 9425
4.66677 9645
4.66678 9859
4.66678 10069
4.66729 10274
4.6673 10475
4.6673 10672
4.66779 10866
4.6678 11056
4.6678 11243
4.66826 11427
4.66827 11608
4.66827 11786
4.66873 11961
4.66874 12134
4.66874 12304
4.66875 12472
4.66924 12638
4.66924 12802
4.66925 12963
4.66925 13122
4.66976 13280
4.66977 13436
4.66977 13590
4.66978 13742
4.67026 13892
4.67026 14041
4.67027 14188
4.67027 14334
4.67077 14478
4.67078 14621
4.67078 14762
4.67079 14902
4.6713 15041
4.6713 15178
4.67131 6480
4.67183 6800
4.67234 7104
4.67234 7395
4.67281 7675
4.67282 7945
4.67328 8205
4.67329 8457
4.67378 8702
4.67379 8940
4.67429 9171
4.67429 9397
4.6743 9617
4.67481 9832
4.67482 10042
4.67482 10248
4.67533 10450
4.67534 10648
4.67534 10842
4.67584 4320
4.67634 4800
4.67685 5232
4.67737 5628
4.67789 5996
4.6784 6341
4.6784 6668
4.67891 6978
4.67891 7275
4.67943 7560
4.67943 7834
4.67991 8098
4.67992 8354
4.6804 8602
4.6804 8843
4.68089 9077
4.6809 9305
4.6809 9527
4.68142 9744
4.68142 9956
4.68143 10164
4.68194 10368
4.68195 10568
4.68195 10764
4.68241 4320
4.68282 4800
4.68325 5232
4.68369 5628
4.68417 5996
4.68468 6341
4.68468 6668
4.6852 6978
4.68521 7275
4.6857 7560
4.68571 7834
4.68616 8098
4.68616 8354
4.68665 8602
4.68666 8843
4.68717 9077
4.68718 9305
4.68769 9527
4.6877 3600
4.68822 4176
4.68869 4672
4.68915 5115
4.68962 5520
4.69011 5895
4.69063 6246
4.69115 6577
4.69168 2880
4.69215 3600
4.69261 4176
4.69306 4672
4.69353 5115
4.69404 5520
4.69456 5895
4.69508 6246
4.69558 6577
4.69605 2880
4.69653 3600
4.69704 4176
4.69756 4672
4.69808 5115
4.69857 5520
4.69899 5895
4.6994 6246
4.69941 6577
4.69987 6892
4.69988 7192
4.70036 7480
4.70036 7757
4.70086 8024
4.70087 8282
4.70138 8532
4.70139 8775
4.7019 9011
4.70191 9241
4.7024 9465
4.70241 3600
4.70288 4176
4.70334 4672
4.70379 5115
4.70428 5520
4.7048 5895
4.70531 6246
4.70531 6577
4.70582 6892
4.70583 7192
4.70629 7480
4.7063 7757
4.70678 8024
4.70679 8282
4.7073 8532
4.70731 8775
4.70782 9011
4.70783 9241
4.70829 9465
4.7083 3600
4.70878 4176
4.70927 4672
4.7098 5115
4.71081 2880
4.71133 3600
4.71184 4176
4.71236 4672
4.71287 5115
4.71338 5520
4.71385 5895
4.7143 6246
4.7143 6577
4.71479 6892
4.71479 7192
4.71529 7480
4.7153 7757
4.71581 8024
4.71581 8282
4.7163 8532
4.7163 8775
4.71675 9011
4.71676 9241
4.71676 9465
4.71723 9684
4.71723 9898
4.71724 10107
4.71775 10312
4.71775 10513
4.71776 10710
4.71826 10903
4.71827 11093
4.71827 11279
4.71875 11462
4.71876 11642
4.71876 11820
4.71922 11995
4.71923 12167
4.71923 12337
4.71924 12505
4.71971 12670
4.71972 12833
4.71972 12994
4.71973 13153
4.72022 13310
4.72023 13465
4.72023 13618
4.72024 13770
4.72074 13920
4.72074 14068
4.72075 14215
4.72075 14360
4.72126 14504
4.72127 6480
4.72176 6800
4.72223 7104
4.72224 7395
4.72274 7675
4.72275 7945
4.72327 8205
4.72327 8457
4.72379 8702
4.72429 3600
4.72474 4176
4.72518 4672
4.72568 5115
4.7262 5520
4.7267 5895
4.72721 6246
4.72721 6577
4.72773 6892
4.72773 7192
4.72824 7480
4.72825 7757
4.72874 8024
4.72875 8282
4.72921 8532
4.72921 8775
4.72972 9011
4.72972 9241
4.72973 9465
4.73024 3600
4.73077 4176
4.73125 4672
4.73166 5115
4.7321 5520
4.73256 5895
4.73306 6246
4.73307 6577
4.73359 6892
4.73359 7192
4.73411 7480
4.73411 7757
4.73463 8024
4.73463 8282
4.73513 8532
4.73513 8775
4.73561 9011
4.73561 9241
4.73562 9465
4.73611 9684
4.73612 9898
4.73612 10107
4.73663 10312
4.73664 10513
4.73664 10710
4.73715 10903
4.73716 11093
4.73716 11279
4.73762 11462
4.73762 11642
4.73763 11820
4.73809 11995
4.7381 12167
4.7381 12337
4.73811 12505
4.7386 12670
4.7386 12833
4.73861 12994
4.73861 13153
4.73912 13310
4.73912 13465
4.73913 13618
4.73913 13770
4.73964 13920
4.73964 14068
4.73965 14215
4.73965 14360
4.74015 14504
4.74016 14646
4.74016 14787
4.74017 14927
4.74062 15065
4.74063 15202
4.74063 15338
4.74064 15473
4.74065 15607
4.74111 15739
4.74111 15870
4.74112 16000
4.74112 16129
4.74113 16257
4.74163 16384
4.74163 16510
4.74164 16635
4.74164 16759
4.74165 16882
4.74214 17004
4.74215 17125
4.74215 17246
4.74216 17366
4.74217 17485
4.74266 17603
4.74267 17720
4.74267 17837
4.74268 17953
4.74269 18068
4.74318 7920
4.74368 8181
4.74369 8434
4.74418 8679
4.74419 8917
4.74466 9149
4.74466 9375
4.74468 9596
4.74517 9812
4.74518 10023
4.74519 10229
4.74569 10431
4.7457 10629
4.74571 10824
4.74619 11015
4.74619 11203
4.74621 11388
4.74667 11570
4.74667 11749
4.74669 11925
4.74718 12098
4.74719 12269
4.74719 12438
4.74721 12604
4.74771 12768
4.74771 12930
4.74772 13090
4.74773 13248
4.74823 13404
4.74823 13558
4.74824 13710
4.74825 13861
4.74869 14010
4.7487 14158
4.7487 14304
4.74871 14448
4.74915 14591
4.74916 14733
4.74916 14873
4.74918 15012
4.74918 15150
4.74964 15286
4.74964 15421
4.74965 15555
4.74966 15688
4.74966 15820
4.75016 15951
4.75016 16080
4.75017 16208
4.75018 16335
4.75018 16461
4.75068 16586
4.75068 16711
4.75069 16835
4.7507 16958
4.7507 17080
4.75118 17201
4.75119 17321
4.75119 17440
4.7512 17558
4.7512 17676
4.7517 17793
4.75171 17909
4.75171 18024
4.75172 7920
4.75224 8181
4.75275 8434
4.75276 8679
4.75325 8917
4.75326 9149
4.75326 9375
4.75378 3600
4.75429 4176
4.75481 4672
4.75531 5115
4.75583 5520
4.75635 5895
4.75686 6246
4.75686 6577
4.75733 6892
4.75734 7192
4.7578 7480
4.7578 7757
4.7583 8024
4.75831 8282
4.75882 8532
4.75883 8775
4.7593 9011
4.7593 9241
4.75931 9465
4.75979 9684
4.7598 9898
4.7598 10107
4.76031 10312
4.76031 10513
4.76032 10710
4.76083 10903
4.76083 11093
4.76084 11279
4.76135 11462
4.76136 4320
4.76186 4800
4.76234 5232
4.76284 5628
4.76336 5996
4.76388 6341
4.76388 6668
4.7644 6978
4.7644 7275
4.76491 7560
4.76492 7834
4.76533 8098
4.76533 8354
4.76575 8602
4.76575 8843
4.76617 9077
4.76618 9305
4.76618 9527
4.76662 9744
4.76663 9956
4.76663 10164
4.76711 10368
4.76711 10568
4.76711 10764
4.7676 10956
4.7676 11145
4.7676 11331
4.76812 11514
4.76812 11694
4.76813 11871
4.76864 12045
4.76864 12217
4.76865 12386
4.76915 5040
4.76964 5451
4.77012 5831
4.77064 6186
4.77064 6521
4.77116 6838
4.77117 7141
4.77168 7431
4.77169 7710
4.77218 7978
4.77219 8237
4.77266 8488
4.77266 8732
4.77312 8969
4.77313 9200
4.77313 9425
4.77364 9645
4.77365 9859
4.77365 10069
4.77417 10274
4.77417 10475
4.77417 10672
4.77469 10866
4.7747 4320
4.77514 4800
4.77557 5232
4.77603 5628
4.77651 5996
4.777 6341
4.77701 6668
4.77753 6978
4.77753 7275
4.77804 7560
4.77804 7834
4.77855 8098
4.77855 8354
4.77902 8602
4.77903 8843
4.77953 9077
4.77954 9305
4.77954 9527
4.78006 9744
4.78006 9956
4.78007 10164
4.78058 10368
4.78058 10568
4.78058 10764
4.78107 10956
4.78108 11145
4.78108 11331
4.78156 11514
4.78156 11694
4.78157 11871
4.78206 12045
4.78207 12217
4.78208 12386
4.78208 12553
4.78259 12718
4.7826 12881
4.7826 13041
4.78261 13200
4.78311 13357
4.78312 13512
4.78313 13665
4.78363 5760
4.7841 6120
4.78411 6458
4.78453 6779
4.78454 7084
4.78499 7376
4.785 7657
4.78547 7927
4.78549 8188
4.78599 8441
4.78601 8686
4.78651 8924
4.78653 9156
4.78703 9382
4.78704 3600
4.78755 4176
4.78806 4672
4.78858 5115
4.7891 5520
4.78958 5895
4.79002 6246
4.79002 6577
4.7905 6892
4.79051 7192
4.79101 7480
4.79102 7757
4.79153 8024
4.79154 8282
4.79205 8532
4.79206 8775
4.79253 9011
4.79253 9241
4.79254 9465
4.79302 9684
4.79303 9898
4.79303 10107
4.79355 10312
4.79355 10513
4.79356 10710
4.79407 4320
4.79459 4800
4.79506 5232
4.79553 5628
4.79602 5996
4.79654 6341
4.79655 6668
4.79706 6978
4.79707 7275
4.79758 7560
4.79758 7834
4.79806 8098
4.79807 8354
4.79851 8602
4.79851 8843
4.79898 9077
4.79898 9305
4.79899 9527
4.79948 9744
4.79949 9956
4.79949 10164
4.8 10368
4.80001 10568
4.80001 10764
4.80052 10956
4.80053 11145
4.80053 11331
4.80104 11514
4.80105 11694
4.80105 11871
4.8015 12045
4.8015 12217
4.80151 12386
4.80151 12553
4.80196 12718
4.80197 12881
4.80197 13041
4.80198 13200
4.8024 13357
4.8024 13512
4.80241 13665
4.80241 13816
4.80286 13966
4.80286 14114
4.80287 14260
4.80287 14405
4.80336 14548
4.80336 14690
4.80337 14831
4.80337 14970
4.80338 15108
4.80388 15245
4.80388 15381
4.80389 15515
4.80389 15648
4.8039 15780
4.80437 15911
4.80438 16041
4.80438 16170
4.80439 16298
4.80439 16425
4.80488 16551
4.80489 16676
4.80489 16800
4.8049 16923
4.8049 17045
4.80537 17166
4.80537 17286
4.80538 17405
4.80538 17524
4.80539 17642
4.80589 17759
4.80589 17875
4.8059 17991
4.80591 7920
4.80643 8181
4.80693 8434
4.80693 8679
4.80742 8917
4.80742 9149
4.80743 9375
4.80791 9596
4.80792 9812
4.80792 10023
4.80843 10229
4.80843 10431
4.80844 10629
4.80895 10824
4.80895 11015
4.80896 11203
4.80947 11388
4.80947 11570
4.80948 11749
4.80998 11925
4.80999 12098
4.80999 12269
4.81 12438
4.81051 12604
4.81051 12768
4.81051 12930
4.81052 13090
4.81102 13248
4.81102 13404
4.81103 13558
4.81103 13710
4.81151 13861
4.81152 14010
4.81152 14158
4.81153 14304
4.81203 14448
4.81204 14591
4.81204 14733
4.81205 14873
4.81253 15012
4.81253 15150
4.81254 15286
4.81254 15421
4.81255 15555
4.81303 15688
4.81304 15820
4.81304 15951
4.81305 16080
4.81305 16208
4.81356 16335
4.81356 16461
4.81357 16586
4.81357 7200
4.81408 7488
4.81452 7764
4.81453 8031
4.81496 8289
4.81496 8539
4.8154 8781
4.81541 9017
4.81587 9246
4.81587 9470
4.81588 9688
4.81637 9902
4.81638 10111
4.81638 10316
4.81689 10517
4.8169 10714
4.8169 10907
4.8174 11097
4.8174 11283
4.81741 11466
4.81786 11646
4.81786 11824
4.81787 11999
4.81831 12171
4.81832 12341
4.81832 12509
4.81833 12674
4.81881 12837
4.81882 12998
4.81882 13157
4.81882 13314
4.81933 13469
4.81933 13622
4.81934 13774
4.81934 13924
4.81985 14072
4.81985 14219
4.81985 14364
4.81986 14508
4.82035 14650
4.82035 14791
4.82036 14931
4.82036 15069
4.82037 15206
4.82085 15342
4.82085 15477
4.82086 15610
4.82086 15742
4.82087 15873
4.82137 16003
4.82137 16132
4.82138 16260
4.82138 16387
4.82139 16513
4.82189 16638
4.82189 16762
4.8219 16885
4.8219 17007
4.82191 17128
4.8224 17249
4.82241 17369
4.82241 17488
4.82241 17606
4.82242 17723
4.82292 17840
4.82293 17956
4.82293 18071
4.82294 7920
4.82343 8181
4.82383 8434
4.82383 8679
4.82423 8917
4.82424 9149
4.82424 9375
4.82465 9596
4.82466 9812
4.82466 10023
4.8251 10229
4.8251 10431
4.82511 10629
4.82558 10824
4.82559 11015
4.82559 11203
4.82609 11388
4.8261 11570
4.8261 11749
4.82661 11925
4.82662 12098
4.82662 12269
4.82712 5040
4.82762 5451
4.82813 5831
4.82862 6186
4.82863 6521
4.82914 6838
4.82914 7141
4.82966 7431
4.82967 7710
4.83016 7978
4.83017 8237
4.83059 8488
4.8306 8732
4.83101 8969
4.83101 9200
4.83102 9425
4.83147 9645
4.83148 9859
4.83148 10069
4.83194 10274
4.83194 10475
4.83195 10672
4.83243 10866
4.83244 11056
4.83244 11243
4.83295 11427
4.83295 11608
4.83296 11786
4.83347 11961
4.83347 12134
4.83348 12304
4.83396 5040
4.83443 5451
4.83494 5831
4.83545 6186
4.83546 6521
4.83598 6838
4.83598 7141
4.83649 7431
4.8365 7710
4.837 7978
4.837 8237
4.83749 8488
4.8375 8732
4.83802 8969
4.83802 9200
4.83853 9425
4.83854 3600
4.83906 4176
4.83957 4672
4.84008 5115
4.84055 5520
4.84104 5895
4.84155 6246
4.84156 6577
4.84208 6892
4.84208 7192
4.84259 7480
4.8426 7757
4.84308 8024
4.84308 8282
4.84356 8532
4.84357 8775
4.84408 9011
4.84409 9241
4.84461 9465
4.84461 3600
4.8451 4176
4.84553 4672
4.84597 5115
4.84644 5520
4.84693 5895
4.84744 6246
4.84745 6577
4.84797 6892
4.84797 7192
4.84848 7480
4.84848 7757
4.84899 8024
4.849 8282
4.84949 8532
4.8495 8775
4.85001 9011
4.85002 9241
4.85053 9465
4.85054 3600
4.85106 4176
4.85156 4672
4.85207 5115
4.85258 5520
4.8531 5895
4.85361 6246
4.85362 6577
4.85411 6892
4.85411 7192
4.8546 7480
4.8546 7757
4.85512 8024
4.85512 8282
4.85563 8532
4.85564 8775
4.85615 9011
4.85615 9241
4.85616 9465
4.85663 9684
4.85664 9898
4.85664 10107
4.85714 10312
4.85715 10513
4.85715 10710
4.85766 10903
4.85767 11093
4.85767 11279
4.85817 11462
4.85817 11642
4.85818 11820
4.85867 11995
4.85867 12167
4.85868 12337
4.85868 12505
4.85918 12670
4.85918 12833
4.85919 12994
4.85919 13153
4.8597 13310
4.85971 13465
4.85971 13618
4.86021 5760
4.8607 6120
4.86071 6458
4.86118 6779
4.86119 7084
4.86169 7376
4.86169 7657
4.8622 7927
4.8622 8188
4.86272 8441
4.86272 8686
4.86323 8924
4.86324 9156
4.86324 9382
4.8637 9603
4.8637 9818
4.86371 10029
4.86416 10235
4.86416 10437
4.86416 10635
4.86465 10829
4.86466 11020
4.86466 11208
4.86517 11393
4.86518 11575
4.86518 11754
4.86569 11930
4.8657 12103
4.8657 12274
4.86619 5040
4.86667 5451
4.86712 5831
4.8676 6186
4.8676 6521
4.86812 6838
4.86813 7141
4.86863 7431
4.86863 7710
4.86907 7978
4.86908 8237
4.86949 8488
4.8695 8732
4.86996 8969
4.86997 9200
4.86997 9425
4.87046 9645
4.87046 9859
4.87047 10069
4.87097 10274
4.87098 10475
4.87098 10672
4.8715 10866
4.8715 4320
4.87202 4800
4.87252 5232
4.87303 5628
4.87355 5996
4.87404 6341
4.87404 6668
4.87454 6978
4.87454 7275
4.87506 7560
4.87506 7834
4.87557 8098
4.87558 8354
4.87604 8602
4.87605 8843
4.87645 9077
4.87646 9305
4.87646 9527
4.87687 9744
4.87688 9956
4.87688 10164
4.87731 10368
4.87732 10568
4.87732 10764
4.87779 10956
4.87779 11145
4.87779 11331
4.87831 11514
4.87831 11694
4.87832 11871
4.87882 12045
4.87883 12217
4.87883 12386
4.87884 12553
4.87932 12718
4.87933 12881
4.87933 13041
4.87934 13200
4.87979 13357
4.8798 13512
4.8798 13665
4.8798 13816
4.88027 13966
4.88027 14114
4.88028 14260
4.88028 14405
4.88077 14548
4.88078 14690
4.88078 14831
4.88079 14970
4.88079 15108
4.88129 15245
4.8813 15381
4.8813 15515
4.88131 15648
4.88131 15780
4.88181 15911
4.88182 16041
4.88182 16170
4.88183 16298
4.88183 16425
4.88233 16551
4.88234 16676
4.88234 16800
4.88235 16923
4.88235 17045
4.88283 17166
4.88284 17286
4.88284 17405
4.88284 17524
4.88285 17642
4.88335 17759
4.88336 17875
4.88336 17991
4.88337 7920
4.88388 8181
4.88435 8434
4.88436 8679
4.88486 8917
4.88486 9149
4.88487 9375
4.88538 9596
4.88539 9812
4.88539 10023
4.8859 10229
4.8859 10431
4.88591 10629
4.88638 10824
4.88638 11015
4.88639 11203
4.88689 11388
4.8869 11570
4.8869 11749
4.88741 11925
4.88742 12098
4.88742 12269
4.88794 5040
4.88843 5451
4.8889 5831
4.88938 6186
4.88938 6521
4.8899 6838
4.8899 7141
4.89042 7431
4.89043 7710
4.89094 7978
4.89094 8237
4.89145 8488
4.89145 8732
4.89197 8969
4.89197 9200
4.89197 9425
4.89248 9645
4.89248 9859
4.89249 10069
4.893 10274
4.893 10475
4.89301 10672
4.89352 10866
4.89353 11056
4.89353 11243
4.89404 11427
4.89404 11608
4.89405 11786
4.89454 11961
4.89454 12134
4.89455 12304
4.89455 12472
4.89502 12638
4.89503 12802
4.89503 12963
4.89504 13122
4.8955 13280
4.8955 13436
4.89551 13590
4.89551 13742
4.89599 13892
4.89599 14041
4.896 14188
4.896 14334
4.89651 14478
4.89652 14621
4.89652 14762
4.89653 14902
4.89703 15041
4.89703 15178
4.89704 15314
4.89704 15449
4.89705 15583
4.89755 15716
4.89756 15847
4.89756 15977
4.89757 16106
4.89757 16234
4.89803 16361
4.89803 16487
4.89804 16612
4.89804 16736
4.89805 16859
4.89852 16981
4.89853 17103
4.89853 17224
4.89854 17344
4.89854 17463
4.89903 17581
4.89904 17698
4.89904 17815
4.89905 17931
4.89905 18046
4.89906 18160
4.89956 18274
4.89956 18387
4.89957 18499
4.89957 18611
4.89957 18722
4.89958 18832
4.90008 18942
4.90008 19051
4.90009 19159
4.90009 19267
4.9001 19374
4.9001 19481
4.90058 19587
4.90058 19692
4.90059 19797
4.90059 19901
4.9006 20005
4.9006 20108
4.90101 20211
4.90101 20313
4.90102 20415
4.90102 20516
4.90103 20617
4.90103 20717
4.90145 20817
4.90146 20916
4.90146 21015
4.90147 21113
4.90147 21211
4.90148 21308
4.90148 21405
4.90193 21501
4.90194 21597
4.90194 21693
4.90195 21788
4.90195 21883
4.90196 21977
4.90196 22071
4.90245 22164
4.90245 22257
4.90246 22350
4.90246 22442
4.90247 22534
4.90247 22626
4.90248 22717
4.90297 22808
4.90297 22898
4.90298 22988
4.90298 23078
4.90299 23167
4.90299 23256
4.903 23345
4.90348 23433
4.90349 23521
4.90349 23609
4.9035 23696
4.9035 23783
4.90351 23870
4.90351 23956
4.90352 24042
4.90396 24128
4.90396 24213
4.90397 24298
4.90397 24383
4.90397 24468
4.90398 24552
4.90398 24636
4.90399 24720
4.90444 24803
4.90445 24886
4.90445 24969
4.90446 25052
4.90446 25134
4.90447 25216
4.90447 25298
4.90448 25379
4.90494 25460
4.90495 25541
4.90495 25622
4.90495 25702
4.90496 25782
4.90496 25862
4.90497 25942
4.90497 26021
4.90546 26100
4.90546 26179
4.90547 26258
4.90547 26336
4.90548 26414
4.90548 26492
4.90549 26570
4.90549 26648
4.9055 26725
4.90598 26802
4.90598 26879
4.90599 26956
4.90599 27032
4.906 27108
4.906 27184
4.90601 27260
4.90601 27336
4.90602 27411
4.90648 27486
4.90649 27561
4.90649 27636
4.9065 27711
4.9065 27785
4.90651 27859
4.90651 27933
4.90652 28007
4.90652 28081
4.907 28154
4.90701 28227
4.90701 28300
4.90702 28373
4.90702 28446
4.90703 28518
4.90703 28590
4.90704 28662
4.90704 28734
4.90752 28806
4.90753 28877
4.90753 28948
4.90754 29019
4.90754 29090
4.90755 29161
4.90755 29232
4.90756 29302
4.90756 29372
4.90802 29442
4.90802 29512
4.90803 29582
4.90803 29652
4.90804 29721
4.90804 29790
4.90805 29859
4.90805 29928
4.90805 29997
4.90806 30066
4.90848 30134
4.90849 30202
4.90849 30270
4.9085 30338
4.9085 30406
4.90851 30474
4.90851 30542
4.90852 30609
4.90852 30676
4.90853 30743
4.90898 30810
4.90898 30877
4.90899 30944
4.90899 31011
4.909 31077
4.909 31143
4.90901 31209
4.90901 31275
4.90902 31341
4.90902 31407
4.9095 31473
4.90951 31538
4.90951 31603
4.90951 31668
4.90952 31733
4.90952 31798
4.90953 31863
4.90953 31928
4.90954 31992
4.90954 32056
4.91002 32120
4.91003 32184
4.91003 32248
4.91004 32312
4.91004 32376
4.91005 32440
4.91005 15120
4.91057 15257
4.91104 15392
4.91104 15526
4.91105 15659
4.91105 15791
4.91106 15922
4.91155 16052
4.91156 16181
4.91156 16309
4.91157 16436
4.91157 16562
4.91207 16687
4.91208 16811
4.91208 16934
4.91209 17056
4.91209 17177
4.91258 17297
4.91259 17416
4.91259 17535
4.9126 17653
4.9126 17770
4.91307 17886
4.91307 18001
4.91308 18116
4.91308 18230
4.91309 18343
4.91309 18456
4.91357 18568
4.91358 18679
4.91358 18790
4.91359 18900
4.91359 19009
4.9136 19118
4.9141 19226
4.9141 19333
4.91411 19440
4.91411 8640
4.9146 8880
4.91502 9113
4.91503 9340
4.91503 9562
4.91544 9778
4.91544 9990
4.91545 10197
4.91586 10400
4.91586 10599
4.91587 10794
4.91628 10986
4.91628 11174
4.91629 11359
4.91671 11541
4.91672 11720
4.91672 11896
4.91717 12070
4.91717 12241
4.91718 12410
4.91718 12577
4.91767 12741
4.91768 12903
4.91768 13063
4.91769 13221
4.91819 13377
4.9182 13532
4.9182 13685
4.91821 13836
4.91872 5760
4.91975 6120
4.92027 6458
4.92027 6779
4.92077 7084
4.92078 7376
4.92127 7657
4.92127 7927
4.92177 8188
4.92178 8441
4.92229 8686
4.9223 8924
4.9228 9156
4.92281 9382
4.92281 9603
4.92329 9818
4.92329 10029
4.9233 10235
4.92379 10437
4.92379 10635
4.9238 10829
4.9243 11020
4.92431 11208
4.92432 11393
4.92481 11575
4.92482 11754
4.92482 11930
4.92533 12103
4.92534 12274
4.92535 5040
4.92586 5451
4.92634 5831
4.92682 6186
4.92683 6521
4.92734 6838
4.92735 7141
4.92786 7431
4.92787 7710
4.92839 7978
4.92839 8237
4.92884 2880
4.92931 3600
4.9298 4176
4.93033 4672
4.93085 5115
4.93132 5520
4.93175 5895
4.93219 6246
4.9322 6577
4.93266 6892
4.93266 7192
4.93315 7480
4.93315 7757
4.93367 8024
4.93367 8282
4.93419 8532
4.93419 8775
4.93468 9011
4.93469 9241
4.93469 9465
4.93512 9684
4.93512 9898
4.93513 10107
4.93557 10312
4.93558 10513
4.93558 10710
4.93605 10903
4.93606 11093
4.93606 11279
4.93657 11462
4.93658 11642
4.93658 11820
4.93709 11995
4.9371 12167
4.9371 12337
4.9376 5040
4.93804 5451
4.93845 5831
4.93888 6186
4.93889 6521
4.93934 6838
4.93934 7141
4.9398 7431
4.9398 7710
4.9403 7978
4.9403 8237
4.94081 8488
4.94082 8732
4.94133 8969
4.94133 9200
4.94133 9425
4.94182 9645
4.94182 9859
4.94183 10069
4.94232 10274
4.94232 10475
4.94233 10672
4.94282 10866
4.94282 11056
4.94283 11243
4.94334 11427
4.94334 11608
4.94335 11786
4.94386 11961
4.94386 12134
4.94387 12304
4.94431 5040
4.94473 5451
4.94518 5831
4.94566 6186
4.94566 6521
4.94617 6838
4.94618 7141
4.94669 7431
4.9467 7710
4.9472 7978
4.9472 8237
4.94766 8488
4.94767 8732
4.94813 8969
4.94813 9200
4.94814 9425
4.94865 9645
4.94866 9859
4.94866 10069
4.94917 10274
4.94917 10475
4.94918 10672
4.94969 10866
4.94969 11056
4.9497 11243
4.9502 11427
4.9502 11608
4.95021 11786
4.9507 11961
4.95071 12134
4.95071 12304
4.95072 12472
4.9512 12638
4.9512 12802
4.95121 12963
4.95121 13122
4.95166 13280
4.95167 13436
4.95167 13590
4.95168 13742
4.95216 13892
4.95216 14041
4.95217 14188
4.95217 14334
4.95267 14478
4.95268 14621
4.95268 14762
4.95268 14902
4.95319 15041
4.95319 15178
4.9532 15314
4.9532 15449
4.95321 15583
4.95371 15716
4.95372 15847
4.95372 15977
4.95372 16106
4.9542 16234
4.9542 7200
4.95467 7488
4.95514 7764
4.95515 8031
4.95562 8289
4.95563 8539
4.95614 8781
4.95615 9017
4.95666 9246
4.95667 9470
4.95713 3600
4.95757 4176
4.95805 4672
4.95857 5115
4.95908 5520
4.95959 5895
4.96004 6246
4.96004 6577
4.96053 6892
4.96054 7192
4.96106 7480
4.96106 7757
4.96158 8024
4.96208 2880
4.96256 3600
4.96306 4176
4.96358 4672
4.96409 5115
4.96461 5520
4.9651 5895
4.96561 6246
4.96561 6577
4.96613 6892
4.96614 7192
4.96665 7480
4.96666 7757
4.96714 8024
4.96715 8282
4.96762 8532
4.96763 8775
4.96812 9011
4.96812 9241
4.96813 9465
4.96864 9684
4.96865 9898
4.96865 10107
4.96916 10312
4.96917 10513
4.96917 10710
4.96968 4320
4.97011 4800
4.97053 5232
4.97098 5628
4.97145 5996
4.97196 6341
4.97196 6668
4.97247 6978
4.97247 7275
4.97299 7560
4.973 7834
4.97349 8098
4.97349 8354
4.97399 8602
4.97399 8843
4.97448 9077
4.97448 9305
4.97449 9527
4.975 9744
4.97501 9956
4.97552 10164
4.97553 4320
4.97602 4800
4.97647 5232
4.97692 5628
4.97739 5996
4.9779 6341
4.9779 6668
4.97842 6978
4.97842 7275
4.97893 7560
4.97894 7834
4.97943 8098
4.97944 8354
4.9799 8602
4.97991 8843
4.98036 9077
4.98037 9305
4.98037 9527
4.98086 9744
4.98086 9956
4.98087 10164
4.98137 10368
4.98137 10568
4.98138 10764
4.98189 10956
4.98189 11145
4.9819 11331
4.98241 11514
4.98241 11694
4.98242 11871
4.98291 12045
4.98292 12217
4.98292 12386
4.98293 12553
4.98342 12718
4.98342 12881
4.98343 13041
4.98343 13200
4.98388 13357
4.98388 13512
4.98389 13665
4.98389 13816
4.98437 13966
4.98437 14114
4.98438 14260
4.98438 14405
4.98488 14548
4.98489 14690
4.98489 14831
4.9849 14970
4.9849 15108
4.98541 15245
4.98541 15381
4.98542 15515
4.98542 15648
4.98593 15780
4.98593 6480
4.98643 6800
4.9869 7104
4.98691 7395
4.9874 7675
4.98741 7945
4.98792 8205
4.98793 8457
4.98843 8702
4.98844 8940
4.98892 9171
4.98893 9397
4.98893 9617
4.98941 9832
4.98941 10042
4.98942 10248
4.9899 10450
4.9899 10648
4.98991 10842
4.99042 11033
4.99043 11220
4.99043 11404
4.99093 11585
4.99093 11763
4.99094 11939
4.99145 12112
4.99145 12283
4.99146 12451
4.99146 12617
4.99197 12781
4.99197 12943
4.99198 13103
4.99249 13261
4.9925 5760
4.993 6120
4.99345 6458
4.99346 6779
4.99395 7084
4.99396 7376
4.99447 7657
4.99448 7927
4.99499 2880
4.99548 3600
4.99594 4176
4.99643 4672
4.99695 5115
4.99747 5520
4.99797 5895
4.99848 6246
4.99849 6577
4.99901 6892
4.99952 7192
5.00003 2880
5.0005 3600
5.00094 4176
5.00141 4672
5.00193 5115
5.00245 5520
5.00295 5895
5.00342 6246
5.00343 6577
5.00391 6892
5.00391 7192
5.00443 7480
5.00495 7757
5.00547 2880
5.00591 3600
5.00635 4176
5.00681 4672
5.0073 5115
5.00782 5520
5.00833 5895
5.00882 6246
5.00882 6577
5.00934 6892
5.00934 7192
5.00986 7480
5.00986 7757
5.01037 8024
5.01037 8282
5.0108 8532
5.01081 8775
5.01124 9011
5.01125 9241
5.01125 9465
5.01172 9684
5.01173 9898
5.01173 10107
5.01222 10312
5.01222 10513
5.01223 10710
5.01274 10903
5.01275 11093
5.01275 11279
5.01326 11462
5.01327 11642
5.01327 11820
5.01377 11995
5.01378 12167
5.01378 12337
5.01379 12505
5.01426 12670
5.01426 12833
5.01427 12994
5.01427 13153
5.01475 13310
5.01476 13465
5.01476 13618
5.01477 13770
5.01527 13920
5.01528 14068
5.01528 14215
5.01529 14360
5.01579 14504
5.0158 14646
5.0158 14787
5.01581 14927
5.01631 15065
5.01631 15202
5.01632 15338
5.01632 15473
5.01633 15607
5.0168 15739
5.01681 15870
5.01681 16000
5.01682 16129
5.01682 16257
5.01725 16384
5.01726 16510
5.01726 16635
5.01727 16759
5.01727 16882
5.01776 17004
5.01777 17125
5.01777 17246
5.01778 17366
5.01778 17485
5.01827 17603
5.01827 17720
5.01828 17837
5.01828 17953
5.01829 18068
5.01829 18182
5.01879 18296
5.0188 18409
5.0188 18521
5.01881 18632
5.01881 18743
5.01882 18853
5.01931 18962
5.01932 19071
5.01932 19179
5.01933 19287
5.01933 19394
5.01934 19500
5.01981 19606
5.01981 19711
5.01982 19816
5.01982 19920
5.01982 20024
5.01983 20127
5.02021 20230
5.02022 20332
5.02022 20433
5.02023 20534
5.02023 20634
5.02024 20734
5.02062 20834
5.02063 20933
5.02063 21032
5.02064 21130
5.02064 21228
5.02065 21325
5.02065 21422
5.02105 21518
5.02105 21614
5.02106 21709
5.02106 21804
5.02107 21899
5.02107 21993
5.02107 22087
5.0215 22180
5.0215 22273
5.0215 22366
5.02151 22458
5.02151 22550
5.02152 22641
5.02152 22732
5.02197 22823
5.02198 22913
5.02198 23003
5.02199 23093
5.02199 23182
5.022 23271
5.022 23360
5.02248 23448
5.02248 23536
5.02249 23624
5.02249 23711
5.0225 23798
5.0225 23885
5.02251 23971
5.02251 24057
5.02301 10800
5.02352 10992
5.02353 11180
5.02353 11365
5.02399 11547
5.024 11726
5.024 11902
5.02446 12076
5.02446 12247
5.02447 12416
5.02447 12583
5.02496 12747
5.02497 12909
5.02497 13069
5.02498 13227
5.02549 13383
5.02549 13537
5.0255 13690
5.026 5760
5.02652 6120
5.02653 6458
5.02703 6779
5.02704 7084
5.02754 7376
5.02754 7657
5.02804 7927
5.02804 8188
5.02854 8441
5.02855 8686
5.02904 8924
5.02905 9156
5.02905 9382
5.02955 9603
5.02956 9818
5.02956 10029
5.03008 10235
5.03008 10437
5.03008 10635
5.03059 10829
5.03059 11020
5.0306 11208
5.03104 11393
5.03104 11575
5.03105 11754
5.03149 11930
5.0315 12103
5.0315 12274
5.03151 12442
5.03197 12608
5.03198 12772
5.03198 12934
5.03198 13094
5.03249 13252
5.03249 13408
5.0325 13562
5.0325 13714
5.033 13865
5.03301 14014
5.03301 14161
5.03302 14307
5.03352 14451
5.03353 14594
5.03353 14736
5.03354 14876
5.03403 15015
5.03403 15153
5.03404 15289
5.03404 15424
5.03405 15558
5.0345 15691
5.03451 15823
5.03451 15954
5.03452 16083
5.03452 16211
5.03497 16338
5.03498 16464
5.03498 16589
5.03499 16713
5.03499 16837
5.03546 16960
5.03547 17082
5.03547 17203
5.03548 17323
5.03548 17442
5.03598 17560
5.03599 17678
5.03599 17795
5.036 17911
5.036 18026
5.0365 7920
5.03699 8181
5.037 8434
5.03749 8679
5.03749 8917
5.03797 9149
5.03797 9375
5.03798 9596
5.0385 3600
5.03951 4176
5.04001 4672
6.04001 1440
6.24049 2880
6.44101 3600
7.44101 1440
7.64203 2880
7.64253 3600
7.64305 4176
7.64357 4672
7.64404 5115
7.64445 5520
7.64487 5895
7.64533 6246
7.64534 6577
7.64584 6892
7.64585 7192
7.64636 7480
7.64636 7757
7.64687 8024
7.64688 8282
7.64739 8532
7.6474 8775
7.64791 9011
7.64791 9241
7.64792 9465
7.64841 9684
7.64841 9898
7.64841 10107
7.64892 10312
7.64892 10513
7.64893 10710
7.64944 10903
7.64944 11093
7.64944 11279
7.64996 11462
7.64996 11642
7.64997 11820
7.65048 11995
7.65048 12167
7.65049 12337
7.65097 5040
7.65147 5451
7.65198 5831
7.6525 6186
7.6525 6521
7.65301 6838
7.65301 7141
7.65351 7431
7.65351 7710
7.65403 7978
7.65403 8237
7.65454 8488
7.65454 8732
7.65506 8969
7.65506 9200
7.65558 9425
7.65558 3600
7.65608 4176
7.6566 4672
7.6571 5115
7.65761 5520
7.65812 5895
7.65862 6246
7.65862 6577
7.65913 6892
7.65914 7192
7.65966 7480
7.65966 7757
7.66017 8024
7.66017 8282
7.66066 8532
7.66066 8775
7.66117 9011
7.66117 9241
7.66117 9465
7.66169 3600
7.66219 4176
7.66271 4672
7.66321 5115
7.66373 5520
7.66424 5895
7.66471 6246
7.66472 6577
7.66519 6892
7.6652 7192
7.66571 7480
7.66572 7757
7.66623 8024
7.66624 8282
7.66671 2880
7.66722 3600
7.66774 4176
7.66822 4672
7.66868 5115
7.66917 5520
7.66967 5895
7.6702 6246
7.67165 2880
7.67259 3600
7.67309 4176
7.67361 4672
7.67411 5115
7.67451 5520
7.67494 5895
7.67537 6246
7.67537 6577
7.67585 6892
7.67586 7192
7.67637 7480
7.67638 7757
7.67689 8024
7.6769 8282
7.6774 8532
7.6774 8775
7.67789 9011
7.67789 9241
7.6779 9465
7.67839 9684
7.67839 9898
7.6784 10107
7.67891 10312
7.67892 10513
7.67892 10710
7.6794 4320
7.67988 4800
7.6804 5232
7.68092 5628
7.68142 5996
7.68186 6341
7.68186 6668
7.68233 6978
7.68233 7275
7.68284 7560
7.68284 7834
7.68335 8098
7.68336 8354
7.68386 8602
7.68386 8843
7.68432 9077
7.68433 9305
7.68433 9527
7.68479 9744
7.68479 9956
7.6848 10164
7.68531 10368
7.68531 10568
7.68532 10764
7.68583 10956
7.68583 11145
7.68583 11331
7.6863 11514
7.68631 11694
7.68631 11871
7.68678 12045
7.68678 12217
7.68679 12386
7.68679 12553
7.6873 12718
7.6873 12881
7.68731 13041
7.68782 13200
7.68783 5760
7.68833 6120
7.6888 6458
7.6888 6779
7.68926 7084
7.68927 7376
7.68978 7657
7.68979 7927
7.6903 8188
7.69031 8441
7.69079 8686
7.6908 8924
7.6912 9156
7.6912 9382
7.69121 9603
7.69162 9818
7.69163 10029
7.69163 10235
7.69206 10437
7.69207 10635
7.69207 10829
7.69252 11020
7.69253 11208
7.69253 11393
7.69301 11575
7.69301 11754
7.69302 11930
7.69352 12103
7.69352 12274
7.69353 12442
7.69353 12608
7.69404 12772
7.69404 12934
7.69405 13094
7.69452 13252
7.69452 5760
7.69499 6120
7.69543 6458
7.69543 6779
7.69589 7084
7.69589 7376
7.69637 7657
7.69638 7927
7.69689 8188
7.6969 8441
7.69741 8686
7.69793 3600
7.69896 4176
7.69948 4672
7.7 5115
7.70101 2880
7.70152 3600
7.90152 4176
8.90152 1440
9.10203 2880
9.30454 3600
9.30502 4176
9.30549 4672
9.30601 5115
9.30652 5520
9.30704 5895
9.30756 6246
9.30756 6577
9.30806 6892
9.30806 7192
9.30858 7480
9.30858 7757
9.30908 8024
9.30908 8282
9.30959 8532
9.3096 8775
9.31011 9011
9.31012 9241
9.31063 9465
9.31063 3600
9.31113 4176
9.31161 4672
9.31212 5115
9.31264 5520
9.31316 5895
9.31366 6246
9.31367 6577
9.31419 6892
9.31419 7192
9.31471 7480
9.31471 7757
9.31519 8024
9.31519 8282
9.3156 8532
9.31561 8775
9.31603 9011
9.31603 9241
9.31603 9465
9.31648 9684
9.31649 9898
9.31649 10107
9.31697 10312
9.31698 10513
9.31698 10710
9.31746 10903
9.31746 11093
9.31747 11279
9.31796 11462
9.31797 11642
9.31797 11820
9.31848 11995
9.31849 12167
9.31849 12337
9.31899 5040
9.31947 5451
9.31989 5831
9.32036 6186
9.32037 6521
9.32085 6838
9.32086 7141
9.32136 7431
9.32137 7710
9.32188 7978
9.32189 8237
9.3224 8488
9.32241 8732
9.32287 8969
9.32288 9200
9.32288 9425
9.3233 9645
9.3233 9859
9.32331 10069
9.32371 10274
9.32371 10475
9.32372 10672
9.32415 10866
9.32415 11056
9.32416 11243
9.32461 11427
9.32462 11608
9.32462 11786
9.3251 11961
9.3251 12134
9.32511 12304
9.32511 12472
9.32561 12638
9.32562 12802
9.32562 12963
9.32563 13122
9.32613 13280
9.32614 13436
9.32614 13590
9.32662 5760
9.32704 6120
9.32704 6458
9.32745 6779
9.32745 7084
9.32788 7376
9.32789 7657
9.32832 7927
9.32832 8188
9.32879 8441
9.32879 8686
9.32928 8924
9.32929 9156
9.32929 9382
9.32981 9603
9.32981 9818
9.32982 10029
9.33031 10235
9.33031 10437
9.33032 10635
9.33078 10829
9.33078 11020
9.33079 11208
9.33125 11393
9.33126 11575
9.33126 11754
9.33174 11930
9.33175 12103
9.33175 12274
9.33176 12442
9.33226 12608
9.33226 12772
9.33227 12934
9.33227 13094
9.33278 13252
9.33279 13408
9.33279 13562
9.3328 13714
9.3333 13865
9.3333 14014
9.33331 14161
9.33331 14307
9.33378 14451
9.33378 14594
9.33379 14736
9.33379 14876
9.33424 15015
9.33424 15153
9.33425 15289
9.33425 15424
9.33426 15558
9.33474 15691
9.33474 15823
9.33475 15954
9.33475 16083
9.33476 16211
9.33525 16338
9.33526 16464
9.33526 16589
9.33527 16713
9.33527 16837
9.33578 16960
9.33578 17082
9.33579 17203
9.33579 17323
9.33579 17442
9.33628 17560
9.33628 17678
9.33628 17795
9.33629 17911
9.33629 18026
9.3363 18141
9.33679 18255
9.3368 18368
9.3368 18480
9.33681 18592
9.33681 18703
9.33682 18813
9.33731 18923
9.33731 19032
9.33731 19140
9.33732 19248
9.33732 19355
9.33733 19462
9.33779 19568
9.3378 19673
9.3378 19778
9.33781 19882
9.33781 19986
9.33782 20089
9.3383 20192
9.33831 20294
9.33831 20396
9.33832 20497
9.33832 20598
9.33833 20698
9.33883 20798
9.33883 20897
9.33884 9360
9.33936 9581
9.33986 9797
9.33986 10008
9.33987 10215
9.34036 10417
9.34037 10616
9.34037 10811
9.34088 11002
9.34088 11190
9.34089 11375
9.3414 11557
9.3414 11736
9.34141 11912
9.34192 12086
9.34192 12257
9.34193 5040
9.34243 5451
9.34292 5831
9.34343 6186
9.34343 6521
9.34395 2880
9.34444 3600
9.34491 4176
9.34534 4672
9.34579 5115
9.34628 5520
9.34679 5895
9.34731 6246
9.34783 6577
9.34829 2880
9.34875 3600
9.34926 4176
9.34979 4672
9.3503 5115
9.35078 5520
9.35123 5895
9.3517 6246
9.3517 6577
9.35222 6892
9.35222 7192
9.35274 7480
9.35274 7757
9.35326 8024
9.35377 2880
9.35426 3600
9.35472 4176
9.35521 4672
9.35573 5115
9.3567 2880
9.35722 3600
9.35774 4176
9.35822 4672
9.35872 5115
9.35924 5520
9.35976 5895
9.36028 6246
9.3608 6577
9.36128 2880
9.36169 3600
9.36213 4176
9.3626 4672
9.36308 5115
9.3636 5520
9.36412 5895
9.36464 6246
9.36464 6577
9.36514 6892
9.36515 7192
9.36566 7480
9.36567 7757
9.36619 8024
9.36671 2880
9.36765 3600
9.36814 4176
9.36865 4672
9.36916 5115
9.36968 5520
9.37017 5895
9.3707 6246
10.3707 1440
10.3712 2880
10.3712 3600
10.3721 4176
10.3726 4672
10.373 5115
10.3735 5520
10.374 5895
10.3745 6246
10.375 6577
10.3755 2880
10.3759 3600
10.3764 4176
10.3769 4672
10.3774 5115
10.3779 5520
10.3784 5895
10.3789 6246
10.3789 6577
10.3793 6892
10.3793 7192
10.3798 7480
10.3798 7757
10.3803 8024
10.3803 8282
10.3808 8532
10.3808 8775
10.3813 9011
10.3813 9241
10.3818 9465
10.3818 3600
10.3823 4176
10.3828 4672
10.3833 5115
10.3838 5520
10.3843 5895
10.3848 6246
10.3853 6577
10.3858 2880
10.3863 3600
10.3868 4176
10.3873 4672
10.3879 5115
10.3883 5520
10.3889 5895
10.3894 6246
10.3899 6577
10.3903 2880
10.3908 3600
10.3914 4176
10.3919 4672
10.3924 5115
10.3929 5520
10.3934 5895
10.3939 6246
10.3944 6577
10.3949 2880
10.3953 3600
10.3958 4176
10.3964 4672
10.3969 5115
10.3974 5520
10.3979 5895
10.3984 6246
10.3984 6577
10.3989 6892
10.3994 7192
10.3998 2880
10.4003 3600
10.4007 4176
10.4012 4672
10.4017 5115
10.4022 5520
10.4028 5895
10.4033 6246
10.4038 6577
10.4042 2880
10.4047 3600
10.4052 4176
10.4057 4672
10.4062 5115
10.4072 2880
10.4077 3600
10.4081 4176
10.6087 4672
10.6097 2880
10.6102 3600
10.6107 4176
10.6112 4672
10.6117 5115
10.6122 5520
10.6128 5895
10.6132 6246
10.6132 6577
10.6137 6892
10.6138 7192
10.6143 7480
10.6143 7757
10.6148 8024
10.6148 8282
10.6153 8532
10.6153 8775
10.6157 9011
10.6157 9241
10.6157 9465
10.6162 9684
10.6162 9898
10.6162 10107
10.6167 10312
10.6167 10513
10.6167 10710
10.6172 10903
10.6172 11093
10.6172 11279
10.6177 11462
10.6177 4320
10.6182 4800
10.6187 5232
10.6191 5628
10.6195 5996
10.62 6341
10.62 6668
10.6205 6978
10.6205 7275
10.621 7560
10.621 7834
10.6215 8098
10.6215 8354
10.6221 8602
10.6226 2880
10.623 3600
10.6235 4176
10.624 4672
10.6245 5115
10.625 5520
10.6255 5895
10.626 6246
10.626 6577
10.6265 6892
10.6265 7192
10.627 7480
10.627 7757
10.6275 8024
10.6275 8282
10.628 2880
10.6285 3600
10.6289 4176
10.6293 4672
10.6297 5115
10.6302 5520
10.6307 5895
10.6312 6246
10.6312 6577
10.6317 6892
10.6322 7192
10.6327 2880
10.6332 3600
10.6336 4176
10.6341 4672
10.6346 5115
10.6351 5520
10.6357 5895
10.6361 6246
10.6361 6577
10.6366 6892
10.6366 7192
10.637 7480
10.637 7757
10.6375 8024
10.6375 8282
10.638 8532
10.638 8775
10.6386 9011
10.6391 3600
10.6401 4176
10.6406 4672
10.641 5115
10.6416 5520
10.6421 5895
10.6426 6246
10.6426 6577
10.643 6892
10.643 7192
10.6435 7480
10.6435 7757
10.6439 8024
10.6439 8282
10.6444 8532
10.6444 8775
10.6449 9011
10.6449 9241
10.6449 9465
10.6455 9684
10.6455 9898
10.646 10107
10.646 4320
10.6465 4800
10.6469 5232
10.6474 5628
10.6479 5996
10.649 2880
10.6495 3600
10.65 4176
10.6505 4672
10.651 5115
10.6515 5520
10.652 5895
10.6525 6246
10.6525 6577
10.6529 6892
10.6529 7192
10.6533 7480
10.6533 7757
10.6538 8024
10.6539 8282
10.6544 8532
10.6544 8775
10.6549 9011
10.6549 9241
10.6549 9465
10.6554 9684
10.6554 9898
10.6559 10107
10.6559 4320
10.6564 4800
10.6569 5232
10.6573 5628
10.6578 5996
10.6583 6341
10.6583 6668
10.6588 6978
10.6588 7275
10.6593 7560
10.6593 7834
10.6598 8098
10.6598 8354
10.6603 8602
10.6603 8843
10.6608 9077
10.6608 9305
10.6613 9527
10.6614 3600
10.6619 4176
10.6624 4672
10.6629 5115
10.6634 5520
10.6639 5895
10.6648 2880
10.6653 3600
10.6658 4176
10.6663 4672
10.6668 5115
10.6673 5520
10.6678 5895
10.6684 6246
10.6684 6577
10.6689 6892
10.6689 7192
10.6694 7480
10.6694 7757
10.6699 8024
10.6699 8282
10.6704 8532
10.6704 8775
10.6709 9011
10.6709 9241
10.6709 9465
10.6714 9684
10.6714 9898
10.6714 10107
10.6719 10312
10.6719 10513
10.6719 10710
10.6724 10903
10.6724 11093
10.6724 11279
10.6729 11462
10.6729 11642
10.6729 11820
10.6734 11995
10.6734 12167
10.6735 12337
10.6735 12505
10.674 12670
10.674 12833
10.674 12994
10.674 13153
10.6745 13310
10.6745 13465
10.6745 13618
10.6745 13770
10.6749 13920
10.6749 14068
10.6749 14215
10.6749 14360
10.6754 14504
10.6754 14646
10.6754 14787
10.6754 14927
10.6758 15065
10.6758 15202
10.6758 15338
10.6758 15473
10.6759 15607
10.6763 15739
10.6763 15870
10.6763 16000
10.6763 16129
10.6763 16257
10.6768 16384
10.6768 16510
10.6768 16635
10.6768 16759
10.6768 16882
10.6773 17004
10.6773 17125
10.6774 17246
10.6774 17366
10.6774 17485
10.6779 17603
10.6779 17720
10.6779 17837
10.6779 17953
10.6779 18068
10.6779 18182
10.6783 18296
10.6783 18409
10.6783 18521
10.6783 18632
10.6783 18743
10.6783 18853
10.6787 18962
10.6787 19071
10.6787 19179
10.6788 19287
10.6788 19394
10.6788 19500
10.6792 19606
10.6792 19711
10.6792 19816
10.6792 19920
10.6792 20024
10.6792 20127
10.6797 20230
10.6797 20332
10.6797 20433
10.6797 20534
10.6797 20634
10.6797 20734
10.6802 20834
10.6802 20933
10.6802 21032
10.6802 21130
10.6803 21228
10.6803 21325
10.6803 21422
10.6808 21518
10.6808 21614
10.6808 21709
10.6808 21804
10.6808 21899
10.6808 21993
10.6808 22087
10.6812 22180
10.6813 22273
10.6813 22366
10.6813 22458
10.6813 22550
10.6813 22641
10.6813 22732
10.6818 22823
10.6818 22913
10.6818 23003
10.6818 23093
10.6818 23182
10.6818 23271
10.6818 23360
10.6823 23448
10.6823 23536
10.6823 23624
10.6823 23711
10.6823 23798
10.6823 23885
10.6823 23971
10.6823 24057
10.6828 24143
10.6828 24228
10.6828 24313
10.6828 24398
10.6828 24482
10.6828 24566
10.6828 24650
10.6828 24734
10.6833 24817
10.6833 24900
10.6833 24983
10.6833 25066
10.6833 25148
10.6833 25230
10.6833 25312
10.6833 25393
10.6838 25474
10.6838 25555
10.6838 25636
10.6838 25716
10.6838 25796
10.6838 25876
10.6838 25956
10.6838 26035
10.6843 26114
10.6843 26193
10.6843 26272
10.6843 26350
10.6843 26428
10.6843 26506
10.6843 26584
10.6843 26662
10.6843 26739
10.6848 26816
10.6848 26893
10.6848 26970
10.6848 27046
10.6848 27122
10.6848 27198
10.6848 27274
10.6848 27350
10.6848 27425
10.6853 27500
10.6853 27575
10.6853 27650
10.6853 27724
10.6853 27798
10.6853 27872
10.6853 27946
10.6854 28020
10.6854 28094
10.6858 28167
10.6858 28240
10.6858 28313
10.6858 28386
10.6858 28459
10.6858 28531
10.6858 28603
10.6858 28675
10.6858 28747
10.6863 28819
10.6863 28890
10.6863 28961
10.6863 29032
10.6863 29103
10.6863 29174
10.6863 29245
10.6863 29315
10.6863 29385
10.6868 29455
10.6868 29525
10.6868 29595
10.6868 29665
10.6868 29734
10.6868 29803
10.6868 29872
10.6868 29941
10.6868 30010
10.6868 30079
10.6873 30147
10.6873 30215
10.6873 30283
10.6873 30351
10.6873 30419
10.6873 30487
10.6873 30555
10.6873 30622
10.6873 30689
10.6873 30756
10.6878 30823
10.6878 30890
10.6878 30957
10.6878 31023
10.6878 31089
10.6878 31155
10.6878 31221
10.6878 31287
10.6878 31353
10.6878 31419
10.6883 31484
10.6883 31549
10.6883 31614
10.6883 31679
10.6883 31744
10.6883 31809
10.6883 31874
10.6883 31939
10.6883 32003
10.6883 32067
10.6888 32131
10.6888 32195
10.6888 32259
10.6888 32323
10.6888 32387
10.6888 32451
10.6888 32514
10.6888 32577
10.6888 32640
10.6888 32703
10.6888 32766
10.6893 32829
10.6893 32892
10.6893 32955
10.6893 33017
10.6893 33079
10.6893 33141
10.6893 33203
10.6893 33265
10.6893 33327
10.6893 33389
10.6893 33451
10.6898 33512
10.6898 33573
10.6898 33634
10.6898 33695
10.6898 33756
10.6898 33817
10.6898 33878
10.6898 33939
10.6898 34000
10.6899 34060
10.6899 34120
10.6903 34180
10.6903 34240
10.6903 34300
10.6903 34360
10.6903 34420
10.6903 34480
10.6904 34540
10.6904 34600
10.6904 34659
10.6904 34718
10.6904 34777
10.6908 34836
10.6908 34895
10.6909 34954
10.6909 35013
10.6909 35072
10.6909 35131
10.6909 35190
10.6909 35248
10.6909 35306
10.6909 16560
10.6914 16685
10.6918 16809
10.6918 16932
10.6918 17054
10.6919 17175
10.6919 17295
10.6923 17414
10.6923 17533
10.6923 17651
10.6923 17768
10.6923 17884
10.6923 17999
10.6928 18114
10.6928 18228
10.6928 18341
10.6928 18454
10.6928 18566
10.6928 18677
10.6933 18788
10.6933 18898
10.6933 19007
10.6933 19116
10.6933 19224
10.6933 19331
10.6938 19438
10.6938 19544
10.6938 19650
10.6938 19755
10.6938 19859
10.6939 19963
10.6943 20066
10.6943 20169
10.6943 20271
10.6943 20373
10.6944 20474
10.6944 20575
10.6948 20675
10.6948 20775
10.6948 20874
10.6948 20973
10.6948 21071
10.6948 21169
10.6948 21266
10.6953 21363
10.6953 21460
10.6953 21556
10.6953 21652
10.6953 21747
10.6953 21842
10.6954 21936
10.6958 22030
10.6958 22124
10.6959 22217
10.6959 22310
10.6959 22402
10.6959 22494
10.6959 22586
10.6963 22677
10.6963 22768
10.6964 22859
10.6964 22949
10.6964 23039
10.6964 23129
10.6964 23218
10.6968 23307
10.6969 23395
10.6969 23483
10.6969 23571
10.6969 23658
10.6969 23745
10.6969 23832
10.6969 23919
10.6974 24005
10.6974 24091
10.6974 24177
10.6974 24262
10.6974 24347
10.6974 24432
10.6974 24516
10.6974 24600
10.6979 24684
10.6979 24768
10.6979 24851
10.6979 24934
10.6979 25017
10.6979 25099
10.6979 25181
10.6984 11520
10.6994 11700
10.6994 11877
10.6994 12051
10.6994 12223
10.6998 12392
10.6998 12559
10.6998 12724
10.6998 12886
10.7003 13046
10.7003 13204
10.7003 13361
10.7003 13516
10.7008 13669
10.7008 13820
10.7008 13970
10.7008 14118
10.7013 14264
10.7013 14409
10.7013 14552
10.7013 14694
10.7018 14835
10.7018 14974
10.7018 15112
10.7018 15249
10.7018 15384
10.7023 15518
10.7023 15651
10.7023 15783
10.7023 15914
10.7023 16044
10.7028 16173
10.7028 16301
10.7028 16428
10.7028 16554
10.7028 16679
10.7033 16803
10.7033 16926
10.7033 17048
10.7033 17169
10.7033 17289
10.7038 17408
10.7038 17527
10.7038 17645
10.7038 17762
10.7038 17878
10.7038 17993
10.7043 18108
10.7043 18222
10.7043 18335
10.7043 18448
10.7043 18560
10.7043 18671
10.7048 18782
10.7048 18892
10.7048 19001
10.7048 19110
10.7048 19218
10.7048 19325
10.7053 19432
10.7053 8640
10.7058 8880
10.7063 9113
10.7063 9340
10.7063 9562
10.7068 9778
10.7068 9990
10.7069 10197
10.7074 10400
10.7074 10599
10.7074 10794
10.7079 10986
10.7079 11174
10.7079 11359
10.7084 11541
10.7084 11720
10.7084 11896
10.7088 12070
10.7088 12241
10.7088 12410
10.7088 12577
10.7092 12741
10.7092 12903
10.7092 13063
10.7093 13221
10.7097 13377
10.7097 13532
10.7097 13685
10.7097 13836
10.7102 13985
10.7102 14133
10.7102 14279
10.7103 14424
10.7107 14567
10.7108 14709
10.7108 14849
10.7108 14988
10.7108 15126
10.7113 15263
10.7113 15398
10.7113 15532
10.7113 15665
10.7113 15797
10.7118 15928
10.7118 16058
10.7118 16187
10.7118 16315
10.7118 16442
10.7122 16568
10.7122 16693
10.7122 16817
10.7122 16940
10.7123 17062
10.7127 17183
10.7127 17303
10.7127 17422
10.7127 17541
10.7127 17659
10.7132 17776
10.7132 17892
10.7132 18007
10.7132 18122
10.7132 18236
10.7132 18349
10.7137 18462
10.7137 18574
10.7137 18685
10.7137 18795
10.7137 18905
10.7137 19014
10.7142 19123
10.7142 19231
10.7142 19338
10.7142 19445
10.7142 8640
10.7148 8880
10.7152 9113
10.7152 9340
10.7153 9562
10.7157 9778
10.7157 9990
10.7157 10197
10.7162 10400
10.7162 10599
10.7162 10794
10.7167 10986
10.7167 11174
10.7167 11359
10.7172 11541
10.7173 11720
10.7178 5040
10.7182 5451
10.7187 5831
10.7192 6186
10.7192 6521
10.7197 6838
10.7197 7141
10.7202 7431
10.7203 7710
10.7208 7978
10.7208 8237
10.7212 8488
10.7212 8732
10.7217 8969
10.7217 9200
10.7217 9425
10.7222 9645
10.7222 9859
10.7222 10069
10.7227 10274
10.7227 10475
10.7227 10672
10.7232 10866
10.7232 11056
10.7232 11243
10.7237 4320
10.7241 4800
10.7246 5232
10.7251 5628
10.7256 5996
10.7262 6341
10.7267 6668
10.7272 2880
10.7277 3600
10.7282 4176
10.7286 4672
10.7291 5115
10.7297 5520
10.7302 5895
10.7307 6246
10.7307 6577
10.7312 6892
10.7312 7192
10.7317 7480
10.7317 7757
10.7322 8024
10.7322 8282
10.7327 2880
10.7332 3600
10.7337 4176
10.7342 4672
10.7347 5115
10.7357 2880
10.7362 3600
10.7368 4176
10.7373 4672
10.7378 5115
10.7383 5520
10.7388 5895
10.7393 6246
10.7393 6577
10.7398 6892
10.7403 7192
10.7408 2880
10.7413 3600
10.7418 4176
10.7424 4672
10.7429 5115
10.7439 2880
10.7444 3600
10.7449 4176
10.7454 4672
10.7458 5115
10.7463 5520
10.7468 5895
10.7473 6246
