1 10274
1.0082 10475
1.01943 10672
1.03079 10866
1.04202 11056
1.05314 11243
1.06437 11427
1.07584 11608
1.08708 11786
1.09867 11961
1.10991 12134
1.1215 12304
1.1368 5040
1.16859 5451
1.18604 5831
1.20337 6186
1.20947 6521
1.2207 6838
1.23242 7141
1.24461 7431
1.25596 7710
1.26218 7978
1.27353 8237
1.28453 8488
1.296 8732
1.30747 8969
1.31871 9200
1.32994 9425
1.34118 9645
1.35241 9859
1.36365 10069
1.375 10274
1.38588 10475
1.39723 10672
1.40811 10866
1.41934 11056
1.4307 11243
1.4417 11427
1.45329 11608
1.46452 11786
1.47552 11961
1.48663 12134
1.49811 12304
1.51412 5040
1.54616 5451
1.56361 5831
1.58082 6186
1.58727 6521
1.59815 6838
1.61141 7141
1.62253 7431
1.63472 7710
1.64631 7978
1.65779 8237
1.66878 8488
1.68014 8732
1.69113 8969
1.70189 9200
1.71241 9425
1.72305 9645
1.73368 9859
1.7442 10069
1.75472 10274
1.76536 10475
1.77599 10672
1.78639 10866
1.79691 11056
1.80767 11243
1.8183 11427
1.82906 11608
1.8397 11786
1.85021 11961
1.86097 12134
1.87173 12304
1.8881 5040
1.92515 5451
1.93627 5831
1.95408 6186
1.9591 6521
1.97141 6838
1.983 7141
1.98874 7431
2.00045 7710
2.01157 7978
2.02256 8237
2.03332 8488
2.04467 8732
2.05543 8969
2.06619 9200
2.07694 9425
2.0877 9645
2.09858 9859
2.10933 10069
2.11997 10274
2.13073 10475
2.14137 10672
2.152 10866
2.16276 11056
2.17352 11243
2.18451 11427
2.19551 11608
2.20626 11786
2.21714 11961
2.22814 12134
2.23889 12304
2.25515 5040
2.29244 5451
2.30427 5831
2.32208 6186
2.32949 6521
2.33941 6838
2.3516 7141
2.36439 7431
2.37539 7710
2.38184 7978
2.39284 8237
2.40359 8488
2.41435 8732
2.42511 8969
2.43586 9200
2.44686 9425
2.45762 9645
2.46837 9859
2.47913 10069
2.48977 10274
2.5004 10475
2.51104 10672
2.52144 10866
2.53232 11056
2.54283 11243
2.55395 11427
2.56482 11608
2.5757 11786
2.58646 11961
2.59733 12134
2.60797 12304
2.62435 5040
2.66247 5451
2.67454 5831
2.69235 6186
2.69845 6521
2.7098 6838
2.72235 7141
2.73347 7431
2.74016 7710
2.75128 7978
2.76335 8237
2.77434 8488
2.78582 8732
2.79729 8969
2.80865 9200
2.82012 9425
2.83147 9645
2.84283 9859
2.85406 10069
2.86518 10274
2.87629 10475
2.88741 10672
2.89864 10866
2.90976 11056
2.92171 11243
2.93307 11427
2.94454 11608
2.95542 11786
2.96653 11961
2.97801 12134
2.98804 12304
3.00454 5040
3.03549 5451
3.05306 5831
3.07027 6186
3.07661 6521
3.08761 6838
3.09992 7141
3.11163 7431
3.12274 7710
3.12932 7978
3.14103 8237
3.15179 8488
3.16314 8732
3.17402 8969
3.18549 9200
3.19673 9425
3.20796 9645
3.2192 9859
3.23055 10069
3.24167 10274
3.25278 10475
3.26378 10672
3.27525 10866
3.28673 11056
3.29856 11243
3.31003 11427
3.32139 11608
3.33262 11786
3.34386 11961
3.35497 12134
3.36597 12304
3.38186 5040
3.4127 5451
3.43027 5831
3.44796 6186
3.45417 6521
3.46529 6838
3.47784 7141
3.48895 7431
3.49636 7710
3.50748 7978
3.51907 8237
3.53019 8488
3.54142 8732
3.55266 8969
3.56401 9200
3.57525 9425
3.58648 9645
3.5976 9859
3.60883 10069
3.61995 10274
3.63094 10475
3.64254 10672
3.65377 10866
3.6656 11056
3.6772 11243
3.68855 11427
3.70003 11608
3.71126 11786
3.72238 11961
3.73397 12134
3.74461 12304
3.76146 5040
3.7954 5451
3.81297 5831
3.8309 6186
3.83819 6521
3.84823 6838
3.8615 7141
3.87345 7431
3.88492 7710
3.89652 7978
3.90775 8237
3.91899 8488
3.93022 8732
3.94146 8969
3.95269 9200
3.96393 9425
3.97516 9645
3.98628 9859
3.99715 10069
4.00851 10274
4.01986 10475
4.03133 10672
4.04269 10866
4.05452 11056
4.066 11243
4.07711 11427
4.0887 11608
4.09982 11786
4.11117 11961
4.12265 12134
4.13352 12304
4.15014 5040
4.18324 5451
4.20069 5831
4.21791 6186
4.2246 6521
4.23524 6838
4.24922 7141
4.26045 7431
4.26655 7710
4.27779 7978
4.2895 8237
4.30061 8488
4.31185 8732
4.32308 8969
4.33444 9200
4.34567 9425
4.35679 9645
4.3679 9859
4.37818 10069
4.38989 10274
4.40077 10475
4.41225 10672
4.4236 10866
4.43519 11056
4.44726 11243
4.4585 11427
4.46961 11608
4.48049 11786
4.49185 11961
4.50248 12134
4.5142 12304
4.53093 5040
4.56236 5451
4.58149 5831
4.5987 6186
4.60396 6521
4.61603 6838
4.62786 7141
4.63921 7431
4.65069 7710
4.66264 7978
4.67387 8237
4.68511 8488
4.69634 8732
4.70758 8969
4.71893 9200
4.73005 9425
4.74116 9645
4.75216 9859
4.76316 10069
4.77379 10274
4.78539 10475
4.7971 10672
4.80857 10866
4.82053 11056
4.83164 11243
4.843 11427
4.85411 11608
4.86523 11786
4.87646 11961
4.88722 12134
4.90383 5040
4.93742 5451
4.95511 5831
4.97232 6186
4.97865 6521
4.98977 6838
5.00327 7141
5.01451 7431
5.02562 7710
5.03781 7978
5.04893 8237
5.06064 8488
5.07164 8732
5.08311 8969
5.09423 9200
5.10558 9425
5.11646 9645
5.12793 9859
5.13773 10069
5.14944 10274
5.15996 10475
5.17215 10672
5.18327 10866
5.1945 11056
5.20646 11243
5.21793 11427
5.2294 11608
5.24064 11786
5.25199 11961
5.26347 12134
5.2747 12304
5.29167 5040
5.32382 5451
5.34127 5831
5.3586 6186
5.3641 6521
5.37593 6838
5.38801 7141
5.39972 7431
5.41143 7710
5.41717 7978
5.42888 8237
5.43988 8488
5.45123 8732
5.46235 8969
5.47382 9200
5.48506 9425
5.49629 9645
5.50669 9859
5.51816 10069
5.52916 10274
5.54016 10475
5.55163 10672
5.56239 10866
5.5747 11056
5.58629 11243
5.59764 11427
5.60912 11608
5.62059 11786
5.63195 11961
5.6433 12134
5.65442 12304
5.67127 5040
5.7027 5451
5.71991 5831
5.73712 6186
5.74202 6521
5.75445 6838
5.76653 7141
5.778 7431
5.78935 7710
5.80131 7978
5.81242 8237
5.82366 8488
5.83489 8732
5.84613 8969
5.85736 9200
5.8686 9425
5.87935 9645
5.89071 9859
5.90182 10069
5.91258 10274
5.92513 10475
5.93636 10672
5.94772 10866
5.95943 11056
5.97091 11243
5.98238 11427
5.99361 11608
6.00509 11786
6.02218 5040
6.05576 5451
6.0731 5831
6.09031 6186
6.09736 6521
6.10764 6838
6.12138 7141
6.13238 7431
6.14409 7710
6.15748 7978
6.16871 8237
6.18042 8488
6.19166 8732
6.20289 8969
6.21413 9200
6.22536 9425
6.2366 9645
6.24783 9859
6.25895 10069
6.26875 10274
6.27963 10475
6.28967 10672
6.30126 10866
6.31321 11056
6.32468 11243
6.33616 11427
6.34799 11608
6.35947 11786
6.3707 11961
6.38217 12134
6.39329 12304
6.4099 5040
6.44337 5451
6.46058 5831
6.47779 6186
6.48341 6521
6.49512 6838
6.50086 7141
6.51245 7431
6.52404 7710
6.53564 7978
6.54687 8237
6.55859 8488
6.56982 8732
6.58106 8969
6.59229 9200
6.60352 9425
6.615 9645
6.62635 9859
6.63639 10069
6.64667 10274
6.65683 10475
6.66819 10672
6.67775 10866
6.69065 11056
6.70213 11243
6.71372 11427
6.72544 11608
6.73691 11786
6.74814 11961
6.75962 12134
6.77085 12304
6.78747 5040
6.82069 5451
6.83802 5831
6.85523 6186
6.85858 6521
6.87256 6838
6.88368 7141
6.89635 7431
6.90854 7710
6.91977 7978
6.93256 8237
6.9438 8488
6.95503 8732
6.96627 8969
6.9775 9200
6.98874 9425
6.99997 9645
7.01145 9859
7.02244 10069
7.0332 10274
7.04503 10475
7.05412 10672
7.06607 10866
7.07694 11056
7.09117 11243
7.10264 11427
7.11447 11608
7.12571 11786
7.13694 11961
7.14818 12134
7.15941 12304
7.17591 5040
7.20877 5451
7.22599 5831
7.2432 6186
7.24571 6521
7.26053 6838
7.27188 7141
7.27786 7431
7.28921 7710
7.29519 7978
7.3069 8237
7.31837 8488
7.32961 8732
7.34084 8969
7.35208 9200
7.36331 9425
7.37455 9645
7.38578 9859
7.39702 10069
7.40658 10274
7.4177 10475
7.42809 10672
7.43945 10866
7.45068 11056
7.4624 11243
7.47399 11427
7.48534 11608
7.49718 11786
7.50841 11961
7.51965 12134
7.53088 12304
7.54773 5040
7.58108 5451
7.59829 5831
7.61574 6186
7.61992 6521
7.63331 6838
7.64323 7141
7.65064 7431
7.66056 7710
7.66797 7978
7.67897 8237
7.69235 8488
7.70359 8732
7.71482 8969
7.72606 9200
7.73729 9425
7.74853 9645
7.75976 9859
7.771 10069
7.78187 10274
7.79096 10475
7.80279 10672
7.81223 10866
7.82418 11056
7.8359 11243
7.84701 11427
7.85932 11608
7.8708 11786
7.88263 11961
7.89398 12134
7.90498 12304
7.92207 5040
7.95554 5451
7.97299 5831
7.9902 6186
7.99701 6521
8.00753 6838
8.02091 7141
8.02486 7431
8.03896 7710
8.05008 7978
8.06131 8237
8.0735 8488
8.08486 8732
8.09609 8969
8.10733 9200
8.11856 9425
8.1298 9645
8.14115 9859
8.15238 10069
8.16242 10274
8.1733 10475
8.18394 10672
8.19481 10866
8.20509 11056
8.2174 11243
8.22924 11427
8.24071 11608
8.2523 11786
8.26354 11961
8.27477 12134
8.28601 12304
8.30262 5040
8.33585 5451
8.35306 5831
8.37027 6186
8.37493 6521
8.3876 6838
8.3974 7141
8.40493 7431
8.41473 7710
8.42226 7978
8.43397 8237
8.44545 8488
8.45704 8732
8.46875 8969
8.48023 9200
8.49134 9425
8.50246 9645
8.51381 9859
8.52469 10069
8.53449 10274
8.54477 10475
8.55541 10672
8.56628 10866
8.57632 11056
8.58935 11243
8.6007 11427
8.61194 11608
8.62425 11786
8.63525 11961
8.64672 12134
8.65783 12304
8.67493 5040
8.70815 5451
8.72536 5831
8.74257 6186
8.74688 6521
8.7599 6838
8.76421 7141
8.77724 7431
8.78859 7710
8.80078 7978
8.81213 8237
8.82397 8488
8.83532 8732
8.84656 8969
8.85779 9200
8.86903 9425
8.88026 9645
8.8915 9859
8.90273 10069
8.91361 10274
8.92472 10475
8.93476 10672
8.94683 10866
8.95759 11056
8.97002 11243
8.98149 11427
8.99321 11608
9.0048 11786
9.01604 11961
9.02727 12134
9.03839 12304
9.05512 5040
9.08858 5451
9.1058 5831
9.12313 6186
9.12743 6521
9.14046 6838
9.14918 7141
9.15779 7431
9.16651 7710
9.17512 7978
9.18707 8237
9.1983 8488
9.2105 8732
9.22173 8969
9.23296 9200
9.2442 9425
9.25543 9645
9.26667 9859
9.2779 10069
9.28854 10274
9.29894 10475
9.30922 10672
9.32057 10866
9.33253 11056
9.34388 11243
9.35583 11427
9.36731 11608
9.3789 11786
9.39037 11961
9.40173 12134
9.4132 12304
9.42993 5040
9.46352 5451
9.48073 5831
9.49794 6186
9.5026 6521
9.51527 6838
9.51993 7141
9.5326 7431
9.54408 7710
9.55555 7978
9.56846 8237
9.57969 8488
9.59093 8732
9.60216 8969
9.6134 9200
9.62463 9425
9.63587 9645
9.64698 9859
9.65762 10069
9.66862 10274
9.67806 10475
9.68989 10672
9.70065 10866
9.71188 11056
9.72407 11243
9.73507 11427
9.74678 11608
9.75837 11786
9.76961 11961
9.78108 12134
9.7922 12304
9.80905 5040
9.84299 5451
9.86044 5831
9.87766 6186
9.8828 6521
9.89534 6838
9.90754 7141
9.9208 7431
9.93204 7710
9.94471 7978
9.95618 8237
9.96742 8488
9.97865 8732
9.98989 8969
10.0011 9200
10.0124 9425
10.0236 9645
10.0348 9859
10.0456 10069
10.0568 10274
10.0666 10475
10.0783 10672
10.0896 10866
10.101 11056
10.1132 11243
10.1249 11427
10.1359 11608
10.1479 11786
10.1589 11961
10.1706 12134
10.1818 12304
10.199 5040
10.2332 5451
10.2504 5831
10.2676 6186
10.2731 6521
10.285 6838
10.2962 7141
10.3088 7431
10.3204 7710
10.3318 7978
10.3435 8237
10.3549 8488
10.3663 8732
10.3775 8969
10.3888 9200
10.4002 9425
10.4114 9645
10.4219 9859
10.4327 10069
10.4432 10274
10.4543 10475
10.4651 10672
10.4774 10866
10.489 11056
10.5002 11243
10.5121 11427
10.5235 11608
10.5348 11786
10.546 11961
10.5577 12134
10.5688 12304
10.5855 5040
10.6192 5451
10.6367 5831
10.6539 6186
10.6616 6521
10.6713 6838
10.6847 7141
10.6966 7431
10.7078 7710
10.7196 7978
10.7308 8237
10.742 8488
10.7533 8732
10.7645 8969
10.7757 9200
10.787 9425
10.7978 9645
10.8076 9859
10.819 10069
10.829 10274
10.8409 10475
10.8528 10672
10.8642 10866
10.8759 11056
10.8875 11243
10.8986 11427
10.9101 11608
10.9212 11786
10.9325 11961
10.9439 12134
10.9548 12304
10.9719 5040
11.0033 5451
11.0212 5831
11.0385 6186
11.0439 6521
11.0559 6838
11.0692 7141
11.0807 7431
11.0927 7710
11.1041 7978
11.1154 8237
11.1266 8488
11.1378 8732
11.1491 8969
11.1603 9200
11.1712 9425
11.182 9645
11.1926 9859
11.2038 10069
11.214 10274
11.2262 10475
11.2382 10672
11.2495 10866
11.2612 11056
11.2728 11243
11.2839 11427
11.2951 11608
11.3063 11786
11.3174 11961
11.3287 12134
11.3455 5040
11.3777 5451
11.3949 5831
11.4121 6186
11.4188 6521
11.4295 6838
11.4429 7141
11.4546 7431
11.4662 7710
11.4775 7978
11.489 8237
11.5002 8488
11.5115 8732
11.5228 8969
11.5341 9200
11.5453 9425
11.5547 9645
11.5664 9859
11.5751 10069
11.5874 10274
11.5984 10475
11.61 10672
11.6219 10866
11.6336 11056
11.6449 11243
11.6563 11427
11.6679 11608
11.6789 11786
11.6903 11961
11.7013 12134
11.718 5040
11.7511 5451
11.7683 5831
11.7855 6186
11.7904 6521
11.8029 6838
11.814 7141
11.8271 7431
11.8386 7710
11.8498 7978
11.8617 8237
11.8729 8488
11.8841 8732
11.8954 8969
11.9066 9200
11.9178 9425
11.929 9645
11.9384 9859
11.9494 10069
11.9585 10274
11.9705 10475
11.982 10672
11.9938 10866
12.0054 11056
12.0172 11243
12.0286 11427
12.04 11608
12.0513 11786
12.0628 11961
12.0739 12134
12.085 12304
12.1015 5040
12.1338 5451
12.1515 5831
12.1688 6186
12.1754 6521
12.1862 6838
12.1987 7141
12.2102 7431
12.216 7710
12.2275 7978
12.2386 8237
12.2499 8488
12.2611 8732
12.2723 8969
12.2836 9200
12.2948 9425
12.306 9645
12.3172 9859
12.326 10069
12.3376 10274
12.3463 10475
12.3587 10672
12.3701 10866
12.3819 11056
12.3942 11243
12.4055 11427
12.4172 11608
12.4284 11786
12.4397 11961
12.4509 12134
12.4621 12304
12.479 5040
12.5121 5451
12.5307 5831
12.5479 6186
12.5549 6521
12.5653 6838
12.5781 7141
12.5897 7431
12.5954 7710
12.607 7978
12.6189 8237
12.6304 8488
12.6414 8732
12.6529 8969
12.6641 9200
12.6754 9425
12.6862 9645
12.6964 9859
12.7076 10069
12.7173 10274
12.7284 10475
12.7399 10672
12.7523 10866
12.764 11056
12.7755 11243
12.7869 11427
12.7986 11608
12.8098 11786
12.8212 11961
12.8325 12134
12.8495 5040
12.8831 5451
12.9003 5831
12.9175 6186
12.9223 6521
12.9349 6838
12.9468 7141
12.959 7431
12.9702 7710
12.9763 7978
12.9883 8237
12.9996 8488
13.0108 8732
13.0221 8969
13.0333 9200
13.0445 9425
13.0559 9645
13.0667 9859
13.0756 10069
13.0869 10274
13.0969 10475
13.1083 10672
13.1202 10866
13.1316 11056
13.1435 11243
13.1547 11427
13.1663 11608
13.1777 11786
13.1889 11961
13.2003 12134
13.2115 12304
13.2285 5040
13.2621 5451
13.2793 5831
13.2965 6186
13.2998 6521
13.3138 6838
13.3257 7141
13.337 7431
13.349 7710
13.3603 7978
13.3724 8237
13.3837 8488
13.395 8732
13.4062 8969
13.4175 9200
13.4287 9425
13.4399 9645
13.4494 9859
13.4604 10069
13.4697 10274
13.4819 10475
13.4933 10672
13.5049 10866
13.5164 11056
13.528 11243
13.54 11427
13.5512 11608
13.5624 11786
13.5737 11961
13.5849 12134
13.5963 12304
13.6132 5040
13.6469 5451
13.6644 5831
13.6816 6186
13.6892 6521
13.6989 6838
13.7127 7141
13.7241 7431
13.7354 7710
13.7417 7978
13.7533 8237
13.7643 8488
13.7758 8732
13.787 8969
13.7984 9200
13.8096 9425
13.8206 9645
13.83 9859
13.8409 10069
13.8499 10274
13.8631 10475
13.8727 10672
13.885 10866
13.8966 11056
13.9077 11243
13.9197 11427
13.931 11608
13.9423 11786
13.9535 11961
13.9652 12134
13.9764 12304
13.9935 5040
14.0269 5451
14.0442 5831
14.0615 6186
14.0669 6521
14.0789 6838
14.0845 7141
14.0962 7431
14.1018 7710
14.1135 7978
14.1247 8237
14.1359 8488
14.1471 8732
14.1585 8969
14.1698 9200
14.1811 9425
14.1921 9645
14.2028 9859
14.2131 10069
14.2229 10274
14.2337 10475
14.2457 10672
14.2574 10866
14.269 11056
14.2807 11243
14.2925 11427
14.3037 11608
14.3152 11786
14.3266 11961
14.3379 12134
14.3548 5040
14.389 5451
14.4062 5831
14.4238 6186
14.4299 6521
14.4411 6838
14.4539 7141
14.4661 7431
14.4784 7710
14.4899 7978
14.502 8237
14.5135 8488
14.5247 8732
14.5359 8969
14.5473 9200
14.5585 9425
14.5697 9645
14.58 9859
14.5899 10069
14.6002 10274
14.611 10475
14.6225 10672
14.6339 10866
14.6459 11056
14.6577 11243
14.6692 11427
14.6804 11608
14.6919 11786
14.7031 11961
14.7145 12134
14.726 12304
14.7429 5040
14.776 5451
14.7934 5831
14.8106 6186
14.8162 6521
14.8279 6838
14.8417 7141
14.8528 7431
14.8645 7710
14.8762 7978
14.8883 8237
14.8994 8488
14.9107 8732
14.922 8969
14.9334 9200
14.9444 9425
14.9551 9645
14.9661 9859
14.9767 10069
14.9869 10274
14.9985 10475
15.0104 10672
15.0219 10866
15.0341 11056
15.0453 11243
15.0569 11427
15.0681 11608
15.0794 11786
15.0906 11961
15.1018 12134
15.1187 5040
15.1507 5451
15.1679 5831
15.1855 6186
15.1912 6521
15.2028 6838
15.2147 7141
15.2258 7431
15.2383 7710
15.2496 7978
15.261 8237
15.2723 8488
15.2835 8732
15.2946 8969
15.3059 9200
15.3169 9425
15.3281 9645
15.3368 9859
15.3485 10069
15.358 10274
15.3695 10475
15.3806 10672
15.3928 10866
15.4046 11056
15.4158 11243
15.4274 11427
15.4389 11608
15.4501 11786
15.4614 11961
15.4727 12134
15.4896 5040
15.5227 5451
15.5404 5831
15.5577 6186
15.5612 6521
15.5751 6838
15.5865 7141
15.5925 7431
15.6038 7710
15.6098 7978
15.6213 8237
15.633 8488
15.6442 8732
15.6557 8969
15.6671 9200
15.6784 9425
15.6893 9645
15.7008 9859
15.7109 10069
15.7224 10274
15.7314 10475
15.7416 10672
15.7528 10866
15.7654 11056
15.777 11243
15.7884 11427
15.7998 11608
15.8117 11786
15.8229 11961
15.8341 12134
15.8454 12304
15.8622 5040
15.8952 5451
15.9126 5831
15.9298 6186
15.9351 6521
15.9472 6838
15.9592 7141
15.9709 7431
15.9822 7710
15.9889 7978
16.0002 8237
16.0113 8488
16.0225 8732
16.0337 8969
16.0451 9200
16.0565 9425
16.0677 9645
16.0789 9859
16.0892 10069
16.0998 10274
16.1101 10475
16.1214 10672
16.1322 10866
16.1451 11056
16.1567 11243
16.1682 11427
16.1799 11608
16.1912 11786
16.2024 11961
16.2136 12134
16.2249 12304
16.2417 5040
16.2747 5451
16.292 5831
16.3098 6186
16.3163 6521
16.3272 6838
16.3391 7141
16.351 7431
16.3623 7710
16.3747 7978
16.386 8237
16.3971 8488
16.4083 8732
16.4194 8969
16.4306 9200
16.4418 9425
16.453 9645
16.4643 9859
16.4739 10069
16.486 10274
16.4962 10475
16.5074 10672
16.5203 10866
16.5314 11056
16.543 11243
16.5549 11427
16.5661 11608
16.5773 11786
16.5886 11961
16.5998 12134
16.611 12304
16.6276 5040
16.6598 5451
16.6775 5831
16.6947 6186
16.7005 6521
16.712 6838
16.7237 7141
16.7365 7431
16.7475 7710
16.7539 7978
16.7651 8237
16.7763 8488
16.7874 8732
16.7987 8969
16.8099 9200
16.821 9425
16.8318 9645
16.8424 9859
16.8531 10069
16.8633 10274
16.8737 10475
16.8862 10672
16.8974 10866
16.9092 11056
16.9212 11243
16.9327 11427
16.9439 11608
16.9551 11786
16.9664 11961
16.9776 12134
16.9888 12304
17.0053 5040
17.0375 5451
17.0547 5831
17.072 6186
17.0775 6521
17.0893 6838
17.1013 7141
17.1127 7431
17.1189 7710
17.1302 7978
17.1417 8237
17.1528 8488
17.164 8732
17.1753 8969
17.1868 9200
17.1982 9425
17.2095 9645
17.219 9859
17.2304 10069
17.2402 10274
17.2518 10475
17.2625 10672
17.2747 10866
17.2864 11056
17.2978 11243
17.3095 11427
17.3209 11608
17.3321 11786
17.3433 11961
17.3546 12134
17.3657 12304
17.3823 5040
17.4155 5451
17.4333 5831
17.4509 6186
17.4575 6521
17.4682 6838
17.4801 7141
17.4922 7431
17.5035 7710
17.5102 7978
17.5216 8237
17.5328 8488
17.544 8732
17.5554 8969
17.5663 9200
17.5777 9425
17.5889 9645
17.5986 9859
17.6106 10069
17.6203 10274
17.6328 10475
17.6444 10672
17.6561 10866
17.6675 11056
17.6791 11243
17.6905 11427
17.702 11608
17.7132 11786
17.7245 11961
17.7358 12134
17.7527 5040
17.7864 5451
17.8037 5831
17.8213 6186
17.8276 6521
17.8386 6838
17.8514 7141
17.8628 7431
17.8741 7710
17.8863 7978
17.8975 8237
17.9087 8488
17.92 8732
17.9312 8969
17.9424 9200
17.9537 9425
17.9651 9645
17.9753 9859
17.9847 10069
17.9957 10274
18.0079 10475
18.0185 10672
18.0307 10866
18.0423 11056
18.0538 11243
18.0655 11427
18.0767 11608
18.0879 11786
18.0992 11961
18.1105 12134
18.1274 5040
18.1607 5451
18.1783 5831
18.1955 6186
18.2033 6521
18.2128 6838
18.2263 7141
18.2377 7431
18.2437 7710
18.255 7978
18.2673 8237
18.2786 8488
18.2898 8732
18.3012 8969
18.3124 9200
18.3239 9425
18.3344 9645
18.346 9859
18.3549 10069
18.3661 10274
18.3771 10475
18.3886 10672
18.4005 10866
18.4121 11056
18.4239 11243
18.4354 11427
18.447 11608
18.4582 11786
18.4696 11961
18.4807 12134
18.4918 12304
18.5085 5040
18.5416 5451
18.5598 5831
18.5771 6186
18.5838 6521
18.5946 6838
18.6069 7141
18.619 7431
18.6303 7710
18.6419 7978
18.6533 8237
18.6644 8488
18.6757 8732
18.6871 8969
18.6981 9200
18.7092 9425
18.7198 9645
18.7288 9859
18.7396 10069
18.7504 10274
18.7623 10475
18.774 10672
18.7862 10866
18.7974 11056
18.8089 11243
18.8206 11427
18.8318 11608
18.8431 11786
18.8543 11961
18.8655 12134
18.8823 5040
18.9151 5451
18.9327 5831
18.9499 6186
18.957 6521
18.9673 6838
18.9744 7141
18.9846 7431
18.9918 7710
19.0019 7978
19.0135 8237
19.0245 8488
19.0339 8732
19.0438 8969
19.0532 9200
19.0626 9425
19.0719 9645
19.0812 9859
19.0902 10069
19.0965 10274
19.1055 10475
19.1129 10672
19.1202 10866
19.1286 11056
19.135 11243
19.1439 11427
19.1496 11608
