1 0
3.07882 14400
4.07982 1440
4.08022 2880
4.08064 4320
4.08103 5760
4.08145 7200
4.08145 7488
5.08245 1440
5.28318 2880
5.4836 4320
5.48441 2880
5.48483 3600
5.48521 4176
5.48562 4672
5.486 5115
5.48639 5520
5.48679 5895
5.48713 6246
5.48716 6577
5.48752 6892
5.48754 7192
5.48794 7480
5.48796 7757
5.48832 8024
5.48834 8282
5.48872 8532
5.48875 8775
5.48909 9011
5.48912 9241
5.48914 9465
5.48952 9684
5.48956 3600
5.48994 4176
5.49035 4672
5.49074 5115
5.49115 5520
5.49154 5895
5.49195 6246
5.49198 6577
5.49238 6892
5.49278 2880
5.49316 3600
5.49358 4176
5.49399 4672
5.49438 5115
5.49476 5520
5.49514 5895
5.49556 6246
5.49598 2880
5.49636 3600
5.49677 4176
5.49719 4672
5.4976 5115
5.498 5520
5.49839 5895
5.49879 6246
5.49881 6577
5.49922 6892
5.49962 2880
5.50003 3600
5.50045 4176
5.50087 4672
5.5013 5115
5.50242 2880
5.50284 3600
5.50323 4176
5.5036 4672
5.50402 5115
5.50439 5520
5.5048 5895
5.5052 6246
5.50523 6577
5.50562 6892
5.50565 7192
5.50605 7480
5.50647 2880
5.50687 3600
5.50728 4176
5.50768 4672
5.5081 5115
5.50848 5520
5.5089 5895
5.50932 2880
5.50973 3600
5.51013 4176
5.51047 4672
5.51086 5115
5.51122 5520
5.51162 5895
5.51203 6246
5.51205 6577
5.51246 6892
5.51287 2880
5.51322 3600
5.51363 4176
5.51405 4672
5.51444 5115
5.51483 5520
5.51524 5895
5.51565 2880
5.51602 3600
5.51641 4176
5.51683 4672
5.51725 5115
5.51765 5520
5.51805 5895
5.51847 6246
5.51889 2880
5.51931 3600
5.51973 4176
5.52014 4672
5.52053 5115
5.52093 5520
5.52135 5895
5.52218 2880
5.52295 3600
5.52335 4176
5.72377 4672
5.72491 2880
5.72564 3600
5.72606 4176
5.72646 4672
5.72687 5115
5.72724 5520
5.7276 5895
5.72795 6246
5.72797 6577
5.72838 6892
5.72881 2880
5.72914 3600
5.72949 4176
5.72987 4672
5.73029 5115
5.73066 5520
5.73104 5895
5.73146 6246
5.73188 2880
5.73229 3600
5.73264 4176
5.73299 4672
5.73336 5115
5.73374 5520
5.73414 5895
5.73456 6246
5.73493 2880
5.73528 3600
5.73566 4176
5.73603 4672
5.73645 5115
5.73724 2880
5.73766 3600
5.73807 4176
5.73842 4672
5.73878 5115
5.73914 5520
5.73956 5895
5.73997 2880
5.74035 3600
5.74075 4176
5.74116 4672
5.74159 5115
5.74276 2880
5.74317 3600
5.94358 4176
5.94472 2880
5.94509 3600
5.94551 4176
5.94592 4672
5.94628 5115
5.94662 5520
5.94704 5895
5.94747 2880
5.94788 3600
5.94822 4176
5.94859 4672
5.94899 5115
5.94941 5520
5.95013 2880
5.9505 3600
5.95084 4176
5.95121 4672
5.9516 5115
5.95197 5520
5.95239 5895
5.95315 2880
5.95385 3600
5.95427 4176
5.95469 4672
5.9551 5115
5.95547 5520
5.95585 5895
5.95623 6246
5.95625 6577
5.95665 6892
5.95667 7192
5.95706 7480
5.95708 7757
5.95743 8024
5.95745 8282
5.95776 8532
5.95778 8775
5.95809 9011
5.95812 9241
5.95814 9465
5.95848 9684
5.9585 9898
5.95852 10107
5.95889 10312
5.95892 10513
5.95894 10710
5.95929 10903
5.95931 11093
5.95934 11279
5.95967 11462
5.95969 11642
5.95972 11820
5.96009 11995
5.96012 5040
5.96131 5451
5.96133 5831
5.9617 6186
5.96173 6521
5.96209 6838
5.96211 7141
5.96252 7431
5.96291 2880
5.96324 3600
5.96361 4176
5.96402 4672
5.96443 5115
5.96483 5520
5.9652 5895
5.96555 6246
5.96557 6577
5.96591 6892
5.96593 7192
5.96629 7480
5.96631 7757
5.96668 8024
5.96671 8282
5.96706 8532
5.96709 8775
5.96746 9011
5.96748 9241
5.96751 9465
5.96788 9684
5.9679 9898
5.96793 10107
5.9683 10312
5.96832 10513
5.96834 10710
5.9687 10903
5.96873 11093
5.96875 11279
5.96911 11462
5.96913 11642
5.96916 11820
5.96948 11995
5.9695 12167
5.96953 12337
5.96955 12505
5.96993 5040
5.97102 5451
5.97104 5831
5.97145 6186
5.97147 6521
5.97187 6838
5.97227 7141
5.97268 2880
5.97303 3600
5.97339 4176
5.9738 4672
5.97423 5115
5.97536 2880
5.97578 3600
5.97617 4176
5.97653 4672
5.97689 5115
5.97727 5520
6.17728 5895
6.17807 2880
6.17883 3600
6.17918 4176
6.17956 4672
6.17996 5115
6.18037 5520
6.18104 2880
6.1814 3600
6.18179 4176
6.38221 4672
6.38338 2880
6.38412 3600
6.38454 4176
6.58496 4672
6.58567 2880
6.58604 3600
6.58645 4176
6.58684 4672
6.58726 5115
6.58766 5520
6.58802 5895
6.58839 6246
6.58841 6577
6.58873 6892
6.58875 7192
6.58909 7480
6.58911 7757
6.58951 8024
6.58953 8282
6.58994 2880
6.59036 3600
6.59076 4176
6.59115 4672
6.59154 5115
6.59192 5520
6.59234 5895
6.59275 2880
6.59313 3600
6.59352 4176
6.59393 4672
6.59432 5115
6.59472 5520
6.59511 5895
6.59553 6246
6.59593 2880
6.5963 3600
6.59667 4176
6.59701 4672
6.59739 5115
6.59776 5520
6.59816 5895
6.59858 6246
6.59901 2880
6.59971 3600
6.60004 4176
6.6004 4672
6.60078 5115
6.60112 5520
6.60145 5895
6.60182 6246
6.60185 6577
6.60224 6892
6.60226 7192
6.60266 7480
6.60268 7757
6.60308 8024
6.6031 8282
6.60346 2880
6.60383 3600
6.60416 4176
6.60452 4672
6.60489 5115
6.60524 5520
6.60564 5895
6.60605 6246
6.60607 6577
6.60647 6892
6.60649 7192
6.60685 7480
6.60687 7757
6.60724 8024
6.60727 8282
6.6076 8532
6.60763 8775
6.60798 9011
6.60801 9241
6.60803 9465
6.6084 9684
6.60843 9898
6.60845 10107
6.60881 10312
6.60883 10513
6.60886 10710
6.60917 10903
6.60919 11093
6.60922 11279
6.60955 11462
6.60957 11642
6.6096 11820
6.60997 11995
6.61 5040
6.61076 5451
6.61116 5831
6.61158 6186
6.61241 2880
6.61363 3600
6.61483 2880
6.61517 3600
6.61556 4176
6.81598 4672
6.81677 2880
6.81719 3600
6.81758 4176
6.81795 4672
6.8183 5115
6.81868 5520
6.8191 5895
6.8195 2880
6.81987 3600
6.82027 4176
6.82069 4672
6.82108 5115
6.82147 5520
6.82181 5895
6.82221 6246
6.82223 6577
6.82264 6892
6.823 2880
6.82334 3600
6.82372 4176
6.82412 4672
6.82454 5115
6.82493 5520
6.82528 5895
6.82561 6246
6.82563 6577
6.82596 6892
6.82598 7192
6.82631 7480
6.82634 7757
6.82671 8024
6.82673 8282
6.82708 8532
6.8271 8775
6.82748 9011
6.82751 9241
6.82753 9465
6.8279 9684
6.82793 9898
6.82795 10107
6.82832 10312
6.82835 10513
6.82837 10710
6.82874 4320
6.82915 4800
6.82949 5232
6.8299 5628
6.83031 5996
6.83069 6341
6.83071 6668
6.83111 6978
6.83113 7275
6.83149 7560
6.83151 7834
6.83188 8098
6.83191 8354
6.83225 8602
6.83228 8843
6.83259 9077
6.83261 9305
6.83264 9527
6.83296 9744
6.83298 9956
6.83301 10164
6.83338 10368
6.8334 10568
6.83343 10764
6.83376 10956
6.83378 11145
6.83381 11331
6.83413 11514
6.83415 11694
6.83418 11871
6.83455 12045
6.83458 5040
6.83567 5451
6.83569 5831
6.83603 6186
6.83605 6521
6.83642 6838
6.83645 7141
6.83684 7431
6.83687 7710
6.83721 7978
6.83724 8237
6.83761 8488
6.83763 8732
6.838 8969
6.83802 9200
6.83805 9425
6.83843 9645
6.83847 3600
6.83889 4176
6.83923 4672
6.83958 5115
6.83993 5520
6.84029 5895
6.84069 6246
6.84071 6577
6.84112 6892
6.84152 2880
6.84193 3600
6.84234 4176
6.84269 4672
6.84312 5115
6.8442 2880
6.84462 3600
6.845 4176
6.84542 4672
6.84584 5115
6.84621 5520
6.84655 5895
6.84692 6246
6.84695 6577
6.84733 6892
6.84735 7192
6.84776 7480
6.84817 2880
6.84855 3600
6.84894 4176
6.84932 4672
6.84967 5115
6.85005 5520
6.85042 5895
6.85084 6246
6.85127 2880
6.85204 3600
6.85243 4176
6.85283 4672
6.85323 5115
6.85364 5520
6.85398 5895
6.85432 6246
6.85434 6577
6.85472 6892
6.85475 7192
6.85513 7480
6.85515 7757
6.85556 8024
6.85596 2880
6.85668 3600
6.8571 4176
6.85752 4672
6.85794 5115
6.8583 5520
6.85868 5895
6.85909 6246
6.85911 6577
6.85952 6892
6.85995 2880
6.86035 3600
6.86075 4176
6.86117 4672
6.86157 5115
6.86197 5520
6.86237 5895
6.86278 6246
6.8628 6577
6.8632 6892
6.86322 7192
6.86358 7480
6.8636 7757
6.86399 8024
6.86401 8282
6.8644 8532
6.86482 2880
6.86564 3600
6.86599 4176
7.06641 4672
7.06761 2880
7.06835 3600
7.06869 4176
8.06869 1440
8.06911 2880
8.06911 3600
8.06953 4176
8.0699 4672
8.0703 5115
8.0707 5520
8.0711 5895
8.07152 6246
8.07194 2880
8.07232 3600
8.0727 4176
8.07311 4672
8.07349 5115
8.07389 5520
8.07427 5895
8.07469 6246
8.07511 2880
8.07552 3600
8.07594 4176
8.07634 4672
8.07672 5115
8.07713 5520
8.07753 5895
8.07789 6246
8.07792 6577
8.07832 6892
8.07873 2880
8.07915 3600
8.27956 4176
8.2808 2880
8.28122 3600
8.28244 2880
8.28282 3600
8.28323 4176
8.48365 4672
8.48443 2880
8.48485 3600
8.48523 4176
8.48565 4672
8.48605 5115
8.48645 5520
8.48687 5895
8.4877 2880
8.48848 3600
8.48887 4176
8.48926 4672
8.48967 5115
8.49005 5520
8.69006 5895
8.69088 2880
8.69167 3600
8.69208 4176
8.89249 4672
8.89326 2880
8.89365 3600
8.89406 4176
9.09447 4672
9.09571 2880
9.09648 3600
9.09689 4176
9.0973 4672
9.0977 5115
9.09803 5520
9.09845 5895
9.09883 6246
9.09886 6577
9.09925 6892
9.09927 7192
9.09967 7480
9.09969 7757
9.10003 8024
9.10005 8282
9.10036 8532
9.10039 8775
9.10074 9011
9.10077 9241
9.10079 9465
9.10115 9684
9.10117 9898
9.1012 10107
9.10158 10312
9.10162 4320
9.10199 4800
9.10232 5232
9.10271 5628
9.10313 5996
9.10349 2880
9.10384 3600
9.10424 4176
9.10466 4672
9.10505 5115
9.10544 5520
9.10586 5895
9.10629 2880
9.10669 3600
9.1071 4176
9.1075 4672
9.10789 5115
9.10827 5520
9.10868 5895
9.10907 6246
9.1091 6577
9.10948 6892
9.1095 7192
9.10991 7480
9.11032 2880
9.11071 3600
9.11113 4176
9.11155 4672
9.11193 5115
9.11234 5520
9.11271 5895
9.1131 6246
9.11313 6577
9.11353 6892
9.11395 2880
9.11436 3600
9.11476 4176
9.11517 4672
9.11559 5115
9.11598 5520
9.11638 5895
9.11679 6246
9.11722 2880
9.11795 3600
9.11837 4176
9.31879 4672
9.3196 2880
9.31999 3600
9.32039 4176
9.32079 4672
9.3212 5115
9.3216 5520
9.32199 5895
9.32237 6246
9.3224 6577
9.3228 6892
9.32322 2880
9.32359 3600
9.32394 4176
9.32432 4672
9.32474 5115
9.32513 5520
9.32555 5895
9.32593 2880
9.32628 3600
9.32667 4176
9.32709 4672
9.32751 5115
9.32789 5520
9.32828 5895
9.32868 6246
9.32871 6577
9.32911 6892
9.32948 2880
9.32985 3600
9.33026 4176
9.33067 4672
9.33108 5115
9.33146 5520
9.33185 5895
9.33218 6246
9.33221 6577
9.33261 6892
9.33302 2880
9.33343 3600
9.33383 4176
9.33424 4672
9.33464 5115
9.33505 5520
9.33546 5895
9.33579 6246
9.33581 6577
9.33619 6892
9.33621 7192
9.33662 7480
9.33701 2880
9.33742 3600
9.33783 4176
9.33822 4672
9.33862 5115
9.33901 5520
9.33941 5895
9.33981 6246
9.33983 6577
9.34024 6892
9.34066 2880
9.34105 3600
9.3414 4176
9.34176 4672
9.34211 5115
9.34252 5520
9.34292 5895
9.34331 6246
9.34333 6577
9.3437 6892
9.34372 7192
9.34412 7480
9.34414 7757
9.34454 8024
9.34456 8282
9.34497 2880
9.34535 3600
9.34571 4176
9.3461 4672
9.34652 5115
9.3469 5520
9.34724 5895
9.34761 6246
9.34763 6577
9.34803 6892
9.34842 7192
9.34884 2880
9.34922 3600
9.34961 4176
9.35002 4672
9.35044 5115
9.35081 5520
9.35119 5895
9.35156 6246
9.35159 6577
9.35199 6892
9.35241 2880
9.35278 3600
9.35316 4176
9.35355 4672
9.35395 5115
9.35433 5520
9.35474 5895
9.35515 6246
9.35517 6577
9.35558 6892
9.356 2880
9.35639 3600
9.35674 4176
9.35711 4672
9.35745 5115
9.3578 5520
9.35822 5895
9.35904 2880
9.35988 3600
9.36092 2880
9.36132 3600
9.36173 4176
9.36214 4672
9.36255 5115
9.36296 5520
9.36336 5895
9.36369 6246
9.36371 6577
9.36405 6892
9.36407 7192
9.36441 7480
9.36443 7757
9.36484 8024
9.36518 2880
9.36592 3600
9.36634 4176
9.36671 4672
9.36713 5115
9.36749 5520
9.36783 5895
9.36825 6246
9.36861 6577
9.36903 2880
9.36987 3600
9.37021 4176
9.37061 4672
9.37099 5115
9.37139 5520
9.3718 5895
9.37219 6246
9.37222 6577
9.37259 6892
9.37261 7192
9.37298 7480
9.37301 7757
9.37335 8024
9.37338 8282
9.37376 8532
9.37378 8775
9.37414 9011
9.37417 9241
9.37419 9465
9.37453 9684
9.37455 9898
9.37457 10107
9.37494 10312
9.37497 10513
9.37499 10710
9.37535 10903
9.37537 11093
9.3754 11279
9.37576 11462
9.37578 11642
9.3758 11820
9.37613 11995
9.37615 12167
9.37617 12337
9.3762 12505
9.37651 12670
9.37653 12833
9.37656 12994
9.37658 13153
9.37693 13310
9.37695 13465
9.37698 13618
9.377 13770
9.37736 5760
9.37773 6120
9.37804 6458
9.37806 6779
9.37842 7084
9.37844 7376
9.37881 7657
9.37884 7927
9.37923 8188
9.37963 2880
9.37996 3600
9.38034 4176
9.38075 4672
9.38117 5115
9.38154 5520
9.38187 5895
9.38222 6246
9.38224 6577
9.38258 6892
9.3826 7192
9.38293 7480
9.38296 7757
9.38329 8024
9.38332 8282
9.38369 8532
9.38371 8775
9.38409 9011
9.38412 9241
9.38414 9465
9.38452 9684
9.38456 3600
9.38497 4176
9.38532 4672
9.38567 5115
9.38603 5520
9.38638 5895
9.38675 6246
9.38678 6577
9.38715 6892
9.38717 7192
9.38755 7480
9.38758 7757
9.38796 8024
9.38799 8282
9.38837 8532
9.38839 8775
9.38875 9011
9.38877 9241
9.3888 9465
9.38912 9684
9.38914 9898
9.38917 10107
9.38948 10312
9.3895 10513
9.38953 10710
9.38989 10903
9.38991 11093
9.38993 11279
9.3903 11462
9.39034 4320
9.39072 4800
9.39104 5232
9.39141 5628
9.39183 5996
9.39224 2880
9.39266 3600
9.39306 4176
9.39343 4672
9.3938 5115
9.39415 5520
9.39451 5895
9.39491 6246
9.39494 6577
9.39531 6892
9.39533 7192
9.39573 7480
9.39575 7757
9.39614 8024
9.39617 8282
9.39657 2880
9.39699 3600
9.39736 4176
9.39772 4672
9.39812 5115
9.39852 5520
9.3989 5895
9.3993 6246
9.39932 6577
9.39973 6892
9.40013 2880
9.40053 3600
9.40095 4176
9.40133 4672
9.40169 5115
9.40209 5520
9.40248 5895
9.40289 6246
9.4033 2880
9.40372 3600
9.4041 4176
9.40452 4672
9.40493 5115
9.40532 5520
9.40573 5895
9.40613 6246
9.40616 6577
9.40655 6892
9.40658 7192
9.40696 7480
9.40698 7757
9.40738 8024
9.4074 8282
9.40775 2880
9.40812 3600
9.40851 4176
9.60893 4672
9.60968 2880
9.61008 3600
9.61049 4176
9.61091 4672
9.6113 5115
9.61169 5520
9.6121 5895
9.6125 2880
9.61287 3600
9.61327 4176
9.61369 4672
9.61408 5115
9.61448 5520
9.61489 5895
9.61525 6246
9.61527 6577
9.61563 6892
9.61565 7192
9.61604 7480
9.61606 7757
9.61644 8024
9.61647 8282
9.6168 8532
9.61682 8775
9.61722 9011
9.61725 3600
9.61806 4176
9.61841 4672
9.61881 5115
9.6192 5520
9.61962 5895
9.62042 2880
9.62117 3600
9.62156 4176
9.62197 4672
9.62239 5115
9.62278 5520
9.62317 5895
9.62356 6246
9.62359 6577
9.62397 6892
9.62399 7192
9.62437 7480
9.62439 7757
9.62472 8024
9.62475 8282
9.62508 8532
9.62511 8775
9.62549 9011
9.62551 9241
9.62554 9465
9.62588 9684
9.62591 9898
9.62593 10107
9.6263 10312
9.62632 10513
9.62635 10710
9.62671 10903
9.62673 11093
9.62675 11279
9.6271 11462
9.62713 11642
9.62715 11820
9.62746 11995
9.62748 12167
9.62751 12337
9.62753 12505
9.62787 12670
9.62789 12833
9.62791 12994
9.62794 13153
9.62826 13310
9.62828 13465
9.62831 13618
9.62833 13770
9.62864 13920
9.62867 14068
9.62869 14215
9.62871 14360
9.62898 14504
9.629 14646
9.62902 14787
9.62905 14927
9.62931 15065
9.62933 15202
9.62936 15338
9.62938 15473
9.6294 15607
9.62968 15739
9.6297 15870
9.62973 16000
9.62975 16129
9.62978 16257
9.63009 16384
9.63011 16510
9.63013 16635
9.63016 16759
9.63018 16882
9.63049 17004
9.63052 17125
9.63054 17246
9.63056 17366
9.63059 17485
9.63091 17603
9.63095 7920
9.63166 8181
9.63197 8434
9.632 8679
9.63239 8917
9.63241 9149
9.63276 9375
9.6328 3600
9.63318 4176
9.63355 4672
9.63396 5115
9.63436 5520
9.63477 5895
9.63511 6246
9.63514 6577
9.63547 6892
9.6355 7192
9.63584 7480
9.63587 7757
9.63627 8024
9.63665 2880
9.63742 3600
9.83784 4176
9.83905 2880
9.83947 3600
9.84061 2880
9.84101 3600
9.84138 4176
9.84177 4672
9.84217 5115
9.84257 5520
9.84298 5895
9.84375 2880
9.84447 3600
9.84487 4176
10.8449 1440
12.8453 2880
12.8457 3600
12.8461 4176
12.8465 4672
12.8469 5115
12.8473 5520
12.8476 5895
12.848 6246
12.848 6577
12.8483 6892
12.8484 7192
12.8488 7480
12.8491 2880
12.8495 3600
12.8499 4176
12.8504 4672
12.8507 5115
12.8511 5520
12.8515 5895
12.8518 6246
12.8519 6577
12.8523 6892
12.8527 2880
12.8531 3600
12.8534 4176
12.8538 4672
12.8541 5115
12.8545 5520
12.8549 5895
12.8553 6246
12.8554 6577
12.8558 6892
12.8562 2880
12.8566 3600
12.857 4176
12.8574 4672
12.8577 5115
12.8581 5520
12.8585 5895
12.8589 6246
12.8593 2880
12.8597 3600
12.8601 4176
12.8604 4672
12.8608 5115
12.8611 5520
12.8615 5895
12.8619 6246
12.8619 6577
12.8623 6892
12.8623 7192
12.8626 7480
12.8627 7757
12.863 8024
12.8631 8282
12.8634 8532
12.8634 8775
12.8637 9011
12.8638 9241
12.8638 9465
12.8641 9684
12.8641 9898
12.8642 10107
12.8645 10312
12.8646 4320
12.865 4800
12.8653 5232
12.8657 5628
12.866 5996
12.8664 6341
12.8664 6668
12.8668 6978
12.8668 7275
12.8672 7560
12.8672 7834
12.8676 8098
12.8676 8354
12.8679 8602
12.868 8843
12.8684 9077
12.8684 3600
12.8688 4176
12.8692 4672
12.8695 5115
12.8699 5520
12.8702 5895
12.8707 6246
12.8711 2880
12.8714 3600
12.8726 2880
12.8729 3600
12.8733 4176
12.8737 4672
12.874 5115
12.8745 5520
12.8753 2880
12.8757 3600
12.8761 4176
13.0765 4672
13.0773 2880
13.0776 3600
13.078 4176
13.0784 4672
13.0787 5115
13.0791 5520
13.0795 5895
13.0799 2880
13.0804 3600
13.0808 4176
13.0811 4672
13.0815 5115
13.0819 5520
13.0827 2880
13.0831 3600
13.0835 4176
13.0838 4672
13.0842 5115
13.0846 5520
13.085 5895
13.0854 6246
13.0858 2880
13.0865 3600
13.0869 4176
13.0873 4672
13.0877 5115
13.0881 5520
13.0885 5895
13.0889 2880
13.0893 3600
13.0897 4176
13.0901 4672
13.0905 5115
13.0909 5520
13.0916 2880
13.092 3600
13.0923 4176
13.0927 4672
13.0931 5115
13.0935 5520
13.0939 5895
13.0943 6246
13.0947 2880
13.0955 3600
13.0959 4176
13.0962 4672
13.0966 5115
13.097 5520
13.0973 5895
13.0977 6246
13.0977 6577
13.0981 6892
13.0981 7192
13.0985 7480
13.0985 7757
13.0989 8024
13.0989 8282
13.0992 8532
13.0992 8775
13.0996 9011
13.0996 9241
13.0996 9465
13.0999 9684
13.1 9898
13.1 10107
13.1003 10312
13.1004 10513
13.1004 10710
13.1007 10903
13.1008 11093
13.1008 11279
13.1011 11462
13.1012 11642
13.1012 11820
13.1016 11995
13.1016 5040
13.1024 5451
13.1028 5831
13.1031 6186
13.1031 6521
13.1035 6838
13.1035 7141
13.1039 7431
13.1039 7710
13.1043 7978
13.1043 8237
13.1046 8488
13.1046 8732
13.105 8969
13.105 9200
13.105 9425
13.1054 9645
13.1054 9859
13.1054 10069
13.1058 10274
13.1058 10475
13.1059 10672
13.1062 10866
13.1062 11056
13.1062 11243
13.1065 11427
13.1066 11608
13.1066 11786
13.1069 11961
13.1069 12134
13.1069 12304
13.107 12472
13.1073 12638
13.1073 12802
13.1073 12963
13.1074 13122
13.1077 13280
13.1077 13436
13.1078 5760
13.1085 6120
13.1088 6458
13.1089 6779
13.1092 7084
13.1092 7376
13.1095 7657
13.1096 7927
13.1099 8188
13.11 8441
13.1103 8686
13.1104 8924
13.1107 9156
13.1108 9382
13.1112 9603
13.1115 3600
13.1123 4176
13.1127 4672
13.1131 5115
13.1135 5520
13.1139 5895
13.1142 6246
13.1143 6577
13.1146 6892
13.1147 7192
13.1151 7480
13.1151 7757
13.1155 8024
13.1155 8282
13.1158 8532
13.1158 8775
13.1162 9011
13.1163 3600
13.1167 4176
13.1171 4672
13.1175 5115
13.1179 5520
13.1183 5895
13.119 2880
13.1198 3600
13.121 2880
13.1214 3600
13.1218 4176
13.1222 4672
13.1226 5115
13.123 5520
13.1234 5895
13.1238 2880
13.1242 3600
13.1246 4176
13.125 4672
13.1254 5115
13.1258 5520
13.1262 5895
13.1266 6246
13.1266 6577
13.127 6892
13.1274 7192
13.1286 2880
13.1293 3600
13.1298 4176
13.3302 4672
13.3309 2880
13.3313 3600
13.3317 4176
13.3321 4672
13.3325 5115
13.3329 5520
13.3333 5895
13.3338 2880
13.3342 3600
13.3346 4176
13.335 4672
13.3354 5115
13.3357 5520
13.3361 5895
13.3365 6246
13.3369 2880
13.3376 3600
13.338 4176
13.3383 4672
13.3387 5115
13.3392 5520
13.3399 2880
13.3403 3600
13.3407 4176
13.5411 4672
13.5419 2880
13.5423 3600
13.5426 4176
13.543 4672
13.5435 5115
13.5439 5520
13.5442 5895
13.5446 6246
13.5451 2880
13.5459 3600
13.5463 4176
13.5467 4672
13.5471 5115
13.5475 5520
13.5483 2880
13.5486 3600
13.549 4176
13.5494 4672
13.5499 5115
13.551 2880
13.5513 3600
13.7517 4176
13.7529 2880
13.7533 3600
13.7537 4176
13.9541 4672
13.9553 2880
13.956 3600
13.9564 4176
14.1569 4672
14.1576 2880
14.158 3600
14.1584 4176
14.1588 4672
14.1592 5115
14.1596 5520
14.16 5895
14.1604 6246
14.1605 6577
14.1608 6892
14.1608 7192
14.1612 7480
14.1612 7757
14.1615 8024
14.1616 8282
14.1619 8532
14.1619 8775
14.1623 9011
14.1623 9241
14.1623 9465
14.1627 9684
14.1627 3600
14.1631 4176
14.1635 4672
14.1639 5115
14.1643 5520
14.1647 5895
14.1651 6246
14.1651 6577
14.1654 6892
14.1655 7192
14.1658 7480
14.1658 7757
14.1662 8024
14.1662 8282
14.1666 2880
14.167 3600
14.1674 4176
14.1678 4672
14.1682 5115
14.1685 5520
14.1689 5895
14.1693 6246
14.1693 6577
14.1697 6892
14.1701 2880
14.1705 3600
14.1709 4176
14.1713 4672
14.1717 5115
14.1721 5520
14.1724 5895
14.1728 6246
14.1728 6577
14.1732 6892
14.1733 7192
14.1736 7480
14.1736 7757
14.174 8024
14.1741 8282
14.1744 2880
14.1748 3600
14.1751 4176
14.1755 4672
14.1759 5115
14.1763 5520
14.1767 5895
14.1771 6246
14.1775 2880
14.1783 3600
14.1786 4176
14.179 4672
14.1794 5115
14.1797 5520
14.1801 5895
14.1805 6246
14.1805 6577
14.1809 6892
14.1813 2880
14.1816 3600
14.182 4176
14.1823 4672
14.1828 5115
14.1839 2880
14.1842 3600
14.1846 4176
14.1851 4672
14.1855 5115
14.1859 5520
14.187 2880
14.1878 3600
14.1889 2880
14.1893 3600
14.1897 4176
14.3901 4672
14.3909 2880
14.3912 3600
14.3916 4176
14.392 4672
14.3923 5115
14.3927 5520
14.3931 5895
14.3936 6246
14.394 2880
14.3943 3600
14.3946 4176
14.395 4672
14.3954 5115
14.3958 5520
14.3961 5895
14.3965 6246
14.3966 6577
14.3969 6892
14.397 7192
14.3974 7480
14.3977 2880
14.3981 3600
14.3984 4176
14.3988 4672
14.3992 5115
14.3995 5520
14.3999 5895
14.4003 6246
14.4007 2880
14.4015 3600
14.4019 4176
14.6023 4672
14.6031 2880
14.6035 3600
14.6038 4176
14.6042 4672
14.6047 5115
14.6051 5520
14.6055 5895
14.6058 6246
14.6058 6577
14.6062 6892
14.6062 7192
14.6066 7480
14.6066 7757
14.607 8024
14.607 8282
14.6074 8532
14.6074 8775
14.6078 9011
14.6078 9241
14.6078 9465
14.6082 9684
14.6082 3600
14.6087 4176
14.609 4672
14.6094 5115
14.6097 5520
14.6101 5895
14.6105 6246
14.6105 6577
14.6108 6892
14.6109 7192
14.6112 7480
14.6113 7757
14.6116 8024
14.6117 8282
14.612 8532
14.6121 8775
14.6124 9011
14.6124 9241
14.6124 9465
14.6128 9684
14.6128 9898
14.6128 10107
14.6131 10312
14.6131 10513
14.6132 10710
14.6135 10903
14.6135 11093
14.6136 11279
14.6138 11462
14.6139 11642
14.6139 11820
14.6142 11995
14.6142 12167
14.6142 12337
14.6143 12505
14.6146 12670
14.6146 12833
14.6146 12994
14.6147 13153
14.615 13310
14.615 13465
14.6151 13618
14.6151 13770
14.6154 5760
14.6157 6120
14.6161 6458
14.6161 6779
14.6164 7084
14.6164 7376
14.6168 7657
14.6168 7927
14.6171 8188
14.6172 8441
14.6175 8686
14.6175 8924
14.6179 9156
14.6179 9382
14.6179 9603
14.6183 9818
14.6184 3600
14.6187 4176
14.619 4672
14.6194 5115
14.6197 5520
14.6202 5895
14.6206 2880
14.6209 3600
14.6213 4176
14.6218 4672
14.6221 5115
14.6225 5520
14.6228 5895
14.6232 6246
14.6237 2880
14.6244 3600
14.6248 4176
14.8252 4672
14.826 2880
14.8264 3600
14.8268 4176
14.8272 4672
14.8276 5115
14.828 5520
14.8284 5895
14.8287 6246
14.8287 6577
14.829 6892
14.8291 7192
14.8294 7480
14.8295 7757
14.8298 8024
14.8298 8282
14.8302 8532
14.8303 8775
14.8306 9011
14.8307 3600
14.8311 4176
14.8314 4672
14.8318 5115
14.8321 5520
14.8325 5895
14.8329 6246
14.8329 6577
14.8333 6892
14.8333 7192
14.8337 7480
14.8337 7757
14.8341 8024
14.8341 8282
14.8345 8532
14.8345 8775
14.8349 9011
14.8349 9241
14.8349 9465
14.8352 9684
14.8353 9898
14.8353 10107
14.8356 10312
14.8357 10513
14.8357 10710
14.836 10903
14.8361 11093
14.8361 11279
14.8364 11462
14.8364 11642
14.8365 11820
14.8368 11995
14.8368 12167
14.8368 12337
14.8368 12505
14.8371 12670
14.8371 12833
14.8372 12994
14.8372 13153
14.8375 13310
14.8375 13465
14.8375 13618
14.8375 13770
14.8378 13920
14.8378 14068
14.8379 14215
14.8379 14360
14.8382 14504
14.8382 14646
14.8383 14787
14.8383 14927
14.8386 15065
14.8387 15202
14.8387 15338
14.8387 6480
14.8391 6800
14.8395 7104
14.8395 7395
14.8399 7675
14.8399 7945
14.8402 8205
14.8403 8457
14.8406 8702
14.8406 8940
14.841 9171
14.841 9397
14.8411 9617
14.8414 9832
14.8414 10042
14.8415 10248
14.8419 10450
14.8419 4320
14.8423 4800
14.8426 5232
14.843 5628
14.8434 5996
14.8438 6341
14.8438 6668
14.8442 6978
14.8446 2880
14.845 3600
14.8454 4176
14.8458 4672
14.8462 5115
14.8466 5520
14.847 5895
14.8474 6246
14.8474 6577
14.8478 6892
14.8482 2880
14.8486 3600
14.849 4176
14.8494 4672
14.8498 5115
14.8502 5520
14.8506 5895
14.851 6246
14.851 6577
