1 0
2.2843 0.001
2.59078 0.025875
2.59264 0.0227656
2.5931 0.0200449
2.7936 0.0425393
2.7964 0.0373469
2.79727 0.0328035
2.79771 0.0288281
2.79814 0.0253496
2.79863 0.0223059
2.79911 0.0196426
2.80103 0.0173123
2.80239 0.0152733
2.80285 0.0134891
2.80336 0.011928
2.80519 0.010562
2.80614 0.00936673
2.80663 0.00832089
2.80704 0.00740578
2.80706 0.00660505
2.80801 0.00590442
2.80803 0.00529137
2.80987 0.00475495
3.01037 0.0292856
3.01227 0.0257499
3.01324 0.0226561
3.01373 0.0199491
3.01422 0.0175805
3.0147 0.0155079
3.01522 0.0136944
3.01709 0.0121076
3.01849 0.0107192
3.01898 0.00950428
3.01948 0.00844124
3.02236 0.00751109
3.02328 0.0066972
3.02376 0.00598505
3.02425 0.00536192
3.02661 0.00481668
3.22712 0.0293396
3.23047 0.0257971
3.23141 0.0226975
3.23187 0.0199853
3.23234 0.0176121
3.23237 0.0155356
3.23432 0.0137187
3.23527 0.0121288
3.23575 0.0107377
3.23619 0.00952052
3.23663 0.00845545
3.23714 0.00752352
3.23906 0.00670808
3.24046 0.00599457
3.24096 0.00537025
3.24333 0.00482397
3.44383 0.029221
3.44573 0.0256933
3.44621 0.0226067
3.44854 0.0199058
3.64904 0.0425426
3.85245 0.0623498
3.85536 0.0546811
3.85632 0.0479709
3.85677 0.0420996
3.85725 0.0369621
3.85774 0.0324669
3.85824 0.0285335
4.06111 0.0500918
4.06352 0.0439553
4.26402 0.0635859
4.26648 0.0557627
4.26748 0.0489173
4.27428 0.0429277
4.27523 0.0376867
4.27718 0.0331009
4.27813 0.0290883
4.27858 0.0255772
4.27908 0.0225051
4.28349 0.0198169
4.28449 0.0174648
4.28642 0.0154067
4.28737 0.0136059
4.28786 0.0120301
4.28833 0.0106514
4.28878 0.00944495
4.28928 0.00838933
4.28931 0.00746567
4.29026 0.00665746
4.29029 0.00595027
4.29077 0.00533149
4.29256 0.00479005
4.29306 0.0043163
4.29401 0.00390176
4.2945 0.00353904
4.295 0.00322166
4.29549 0.00294395
4.29735 0.00270096
4.29831 0.00248834
4.2988 0.00230229
4.29929 0.00213951
4.29978 0.00199707
4.50125 0.0268724
4.50563 0.0236384
4.50612 0.0208086
4.50856 0.0183325
4.50906 0.0161659
4.51004 0.0142702
4.5105 0.0126114
4.51149 0.01116
4.5134 0.00989
4.51436 0.00877875
4.51484 0.0078064
4.51534 0.0069556
4.52073 0.00621115
4.72123 0.0305598
4.72321 0.0268648
4.92371 0.0485067
7.52564 0.0674434
7.52613 0.0591379
7.52711 0.0518707
7.52802 0.0455119
7.52848 0.0399479
7.52944 0.0350794
7.53136 0.0308195
7.5338 0.027092
7.53422 0.0238305
7.5352 0.0209767
7.53563 0.0184796
7.53613 0.0162947
7.5385 0.0143828
7.53948 0.01271
7.53995 0.0112462
7.54044 0.00996545
7.54094 0.00884477
7.54335 0.00786417
7.54433 0.00700615
7.54623 0.00625538
7.5472 0.00559846
7.54767 0.00502365
7.54814 0.00452069
7.54864 0.00408061
7.54914 0.00369553
7.75201 0.0283586
7.75444 0.0249388
7.75532 0.0219464
7.75573 0.0193281
7.75616 0.0170371
7.75666 0.0150325
7.75905 0.0132784
7.76001 0.0117436
7.76049 0.0104007
7.76233 0.00922557
7.76333 0.00819737
7.76377 0.0072977
7.76424 0.00651049
7.76473 0.00582168
7.76521 0.00521897
7.76717 0.0046916
7.76814 0.00423015
7.76862 0.00382638
7.76911 0.00347308
7.76955 0.00316394
7.77101 0.00289345
7.77238 0.00265677
7.77284 0.00244967
7.77333 0.00226846
7.77384 0.00210991
7.97663 0.0268462
7.98089 0.0236154
8.1814 0.0457885
8.18332 0.0401899
8.18422 0.0352912
8.1847 0.0310048
8.18514 0.0272542
8.18564 0.0239724
8.18806 0.0211009
8.18904 0.0185882
8.18948 0.0163897
8.1934 0.014466
8.19432 0.0127828
8.19479 0.0113099
8.19525 0.0100212
8.19574 0.00889352
8.19624 0.00790683
8.39914 0.0320435
8.40151 0.028163
8.60201 0.0497677
8.60493 0.0436717
8.60542 0.0383377
8.60639 0.0336705
8.60689 0.0295867
8.60834 0.0260134
8.60931 0.0228867
8.61122 0.0201509
8.61218 0.017757
8.61266 0.0156624
8.61314 0.0138296
8.61358 0.0122259
8.61409 0.0108226
8.61605 0.00959481
8.61849 0.00852046
8.61948 0.0075804
8.61996 0.00675785
8.62044 0.00603812
8.62093 0.00540836
8.62143 0.00485731
8.62431 0.00437515
8.62529 0.00395325
8.62576 0.00358409
8.62623 0.00326108
8.62671 0.00297845
8.62722 0.00273114
8.62915 0.00251475
8.63011 0.0023254
8.63055 0.00215973
8.63105 0.00201476
8.6334 0.00188792
8.6344 0.00177693
8.6363 0.00167981
8.63726 0.00159483
8.63774 0.00152048
8.6382 0.00145542
8.63867 0.00139849
8.63912 0.00134868
8.63914 0.00130509
8.64009 0.00126696
8.64011 0.00123359
8.64058 0.00120439
8.64104 0.00117884
8.64107 0.00115648
8.64109 0.00113692
8.64237 0.00111981
8.64239 0.00110483
8.64242 0.00109173
8.64287 0.00108026
8.64434 0.00107023
8.64483 0.00106145
8.6453 0.00105377
8.6458 0.00104705
8.64821 0.00104116
8.64922 0.00103602
8.65116 0.00103152
8.65211 0.00102758
8.65258 0.00102413
8.65307 0.00102111
8.65356 0.00101847
8.65406 0.00101616
8.65731 0.00101414
8.65968 0.00101237
8.66019 0.00101083
8.66114 0.00100947
8.66162 0.00100829
8.66212 0.00100725
8.67124 0.00100635
8.87175 0.0258806
8.87367 0.0227705
8.87413 0.0200492
8.87511 0.017668
9.0775 0.0405845
9.08243 0.0356365
9.08338 0.0313069
9.08386 0.0275185
9.08433 0.0242037
9.08484 0.0213033
9.08724 0.0187653
9.28774 0.0414197
9.28965 0.0363672
9.49015 0.0569463
9.49212 0.049953
9.49311 0.0438339
9.49507 0.0384797
9.49603 0.0337947
9.49793 0.0296954
9.49841 0.0261084
9.49938 0.0229699
9.49981 0.0202236
9.50026 0.0178207
9.50028 0.0157181
9.50224 0.0138783
9.50314 0.0122685
9.50356 0.01086
9.50404 0.00962748
9.50454 0.00854905
9.50885 0.00760541
9.70935 0.0317797
9.71128 0.0279323
9.91179 0.0494407
9.91664 0.0433856
10.1171 0.0630874
10.1191 0.0553265
10.3196 0.0734107
10.3225 0.0643594
10.523 0.0813144
10.5278 0.0712751
10.5283 0.0624907
10.5292 0.0548044
10.5297 0.0480788
10.5302 0.042194
10.5363 0.0370447
10.5373 0.0325391
10.5378 0.0285968
10.5383 0.0251472
10.5388 0.0221288
10.5393 0.0194877
10.5413 0.0171767
10.5422 0.0151546
10.5427 0.0133853
10.547 0.0118371
10.7475 0.0353575
10.7505 0.0310628
10.951 0.05218
10.9529 0.0457825
10.9534 0.0401846
10.9544 0.0352866
10.9549 0.0310007
10.9553 0.0272507
10.9553 0.0239693
10.9573 0.0210982
10.9583 0.0185859
10.9587 0.0163876
10.9592 0.0144642
10.9596 0.0127812
10.9602 0.0113085
10.9621 0.01002
10.9631 0.00889246
10.9636 0.0079059
10.964 0.00704267
10.9641 0.00628733
11.0002 0.00987641
12.1713 0.00876686
12.3718 0.032671
12.3736 0.0287121
12.3741 0.0252481
12.3751 0.0222171
12.3756 0.019565
12.3784 0.0172443
12.3794 0.0152138
12.3798 0.0134371
12.3803 0.0118824
12.3803 0.0105221
12.5837 0.0342069
12.586 0.030056
12.7865 0.051299
12.7884 0.0450116
12.7894 0.0395102
12.7898 0.0346964
12.7903 0.0304844
12.7927 0.0267988
12.9932 0.048574
12.9951 0.0426272
12.996 0.0374238
12.9965 0.0328708
12.997 0.028887
12.9993 0.0254011
13.1998 0.047226
13.2018 0.0414477
13.4023 0.0613918
13.4052 0.0538428
13.4062 0.0472374
13.4081 0.0414578
13.4091 0.0364005
13.4096 0.0319755
13.4101 0.0281035
13.4125 0.0247156
13.4144 0.0217511
13.4154 0.0191573
13.4173 0.0168876
13.4182 0.0149016
13.4187 0.0131639
13.4192 0.0116434
13.4196 0.010313
13.4201 0.00914889
13.4201 0.00813027
13.4211 0.00723899
13.4211 0.00645912
13.4216 0.00577673
13.422 0.00517964
13.4221 0.00465718
13.4221 0.00420003
13.423 0.00380003
13.4235 0.00345002
13.4235 0.00314377
13.4235 0.0028758
13.4244 0.00264132
13.4244 0.00243616
13.4245 0.00225664
13.4245 0.00209956
13.4253 0.00196211
13.4254 0.00184185
13.4254 0.00173662
13.4255 0.00164454
13.4258 0.00156397
13.4263 0.00149347
13.4273 0.00143179
13.4274 0.00137781
13.4282 0.00133059
13.4283 0.00128926
13.4287 0.00125311
13.4292 0.00122147
13.4311 0.00119378
13.4321 0.00116956
13.4325 0.00114836
13.433 0.00112982
13.4335 0.00111359
13.4354 0.00109939
13.4378 0.00108697
13.6383 0.0260761
13.8475 0.0479416
13.8493 0.0420739
13.8503 0.0369396
13.8508 0.0324472
13.8513 0.0285163
13.8518 0.0250768
13.8522 0.0220672
13.8541 0.0194338
13.855 0.0171295
13.8555 0.0151134
13.8565 0.0133492
13.8584 0.0118055
13.8608 0.0104548
13.8613 0.00927299
13.8622 0.00823886
13.8627 0.007334
13.8631 0.00654225
13.8631 0.00584947
13.8651 0.00524329
13.8665 0.00471288
13.867 0.00424877
13.8674 0.00384267
13.8679 0.00348734
13.8694 0.00317642
13.8704 0.00290437
13.8723 0.00266632
14.0733 0.027458
14.0782 0.0241508
14.2787 0.0461319
14.2815 0.0404904
14.482 0.0605541
14.484 0.0531099
14.6845 0.0714711
14.6893 0.0626622
14.6903 0.0549545
14.6922 0.0482102
14.6932 0.0423089
14.6936 0.0371453
14.6941 0.0326271
14.6946 0.0286737
14.697 0.0252145
14.698 0.0221877
14.6985 0.0195392
14.6993 0.0172218
14.6994 0.0151941
14.7003 0.0134198
14.7003 0.0118674
14.7013 0.0105089
14.7013 0.00932032
14.7017 0.00828028
14.7023 0.00737024
14.7032 0.00657396
14.7042 0.00587722
14.7047 0.00526756
14.7061 0.00473412
14.7071 0.00426735
14.7076 0.00385893
14.7081 0.00350157
14.7085 0.00318887
14.709 0.00291526
14.7115 0.00267585
14.7134 0.00246637
14.7144 0.00228307
14.7149 0.00212269
14.7154 0.00198235
14.7158 0.00185956
14.7163 0.00175211
14.7182 0.0016581
14.7192 0.00157584
14.7197 0.00150385
14.7221 0.00144087
14.9226 0.0262608
17.5245 0.0479782
17.725 0.0671059
17.7271 0.0588427
17.7284 0.0516123
17.7288 0.0452858
17.7292 0.0397501
17.7292 0.0349063
17.73 0.030668
17.7301 0.0269595
17.7313 0.0237146
17.7313 0.0208753
17.7313 0.0183908
17.7321 0.016217
17.7322 0.0143149
17.7322 0.0126505
17.7326 0.0111942
17.733 0.00991992
17.7334 0.00880493
17.7334 0.00782931
17.7334 0.00697565
17.7342 0.00622869
17.7343 0.00557511
17.7343 0.00500322
17.7343 0.00450281
17.7346 0.00406496
17.7351 0.00368184
17.7351 0.00334661
17.7351 0.00305328
17.7351 0.00279662
17.7355 0.00257204
17.736 0.00237554
17.7363 0.0022036
17.7363 0.00205315
17.7364 0.0019215
17.7364 0.00180631
17.7364 0.00170552
17.7372 0.00161733
17.7372 0.00154017
17.7372 0.00147264
17.7372 0.00141356
17.7373 0.00136187
17.7373 0.00131663
17.738 0.00127705
17.738 0.00124242
17.7381 0.00121212
17.7381 0.0011856
17.7381 0.0011624
17.7382 0.0011421
17.7384 0.00112434
17.739 0.0011088
17.739 0.00109519
17.7393 0.00108329
17.7393 0.00107288
17.7393 0.00106377
17.7394 0.0010558
17.7394 0.00104882
17.7401 0.00104272
17.7401 0.00103738
17.7402 0.00103271
17.7403 0.00102862
17.7403 0.00102504
17.7403 0.00102191
17.7404 0.00101917
17.7406 0.00101677
17.741 0.00101468
17.741 0.00101284
17.7411 0.00101124
17.7412 0.00100983
17.7412 0.0010086
17.7412 0.00100753
17.7413 0.00100658
17.7413 0.00100576
17.742 0.00100504
17.7421 0.00100441
17.7422 0.00100386
17.7422 0.00100337
17.7422 0.00100295
17.7422 0.00100258
17.7423 0.00100226
17.7425 0.00100198
17.7425 0.00100173
17.743 0.00100151
17.7431 0.00100132
17.7431 0.00100116
17.7431 0.00100101
17.7432 0.00100088
17.7432 0.00100077
17.7432 0.00100068
17.7434 0.00100059
17.7434 0.00100052
17.744 0.00100045
17.744 0.0010004
17.7441 0.00100035
17.7442 0.0010003
17.7442 0.00100026
17.7443 0.00100023
17.7444 0.0010002
17.7444 0.00100018
17.7444 0.00100015
17.7444 0.00100013
17.745 0.00100012
17.7451 0.0010001
17.7451 0.00100009
17.7451 0.00100008
17.7452 0.00100007
17.7452 0.00100006
17.7453 0.00100005
17.7453 0.00100004
17.7453 0.00100004
17.7453 0.00100003
17.746 0.00100003
17.7461 0.00100002
17.7462 0.00100002
17.7462 0.00100002
17.7462 0.00100001
17.7463 0.00100001
17.7463 0.00100001
17.7463 0.00100001
17.7464 0.00100001
17.7465 0.00100001
17.7465 0.001
17.7474 0.001
17.748 0.001
17.748 0.001
17.7481 0.001
17.7482 0.001
