1 6892
1.00706 7192
1.01967 7480
1.03189 7757
1.04424 8024
1.05725 8282
1.0696 8532
1.08182 8775
1.09457 9011
1.10772 9241
1.12033 9465
1.13295 9684
1.15207 3600
1.17651 4176
1.18846 4672
1.20041 5115
1.21329 5520
1.22671 5895
1.23919 6246
1.25181 6577
1.26442 6892
1.27691 7192
1.28952 7480
1.30174 7757
1.31449 8024
1.32724 8282
1.33972 8532
1.3518 8775
1.36469 9011
1.3773 9241
1.39005 9465
1.40253 9684
1.42139 3600
1.44583 4176
1.45778 4672
1.46986 5115
1.48248 5520
1.4951 5895
1.50731 6246
1.51966 6577
1.53188 6892
1.5441 7192
1.55632 7480
1.56853 7757
1.58062 8024
1.59257 8282
1.60519 8532
1.61714 8775
1.62936 9011
1.64184 9241
1.65432 9465
1.66667 9684
1.68566 3600
1.71634 4176
1.72909 4672
1.74104 5115
1.75352 5520
1.76614 5895
1.77823 6246
1.79058 6577
1.80306 6892
1.81514 7192
1.8271 7480
1.83905 7757
1.851 8024
1.86282 8282
1.87504 8532
1.88699 8775
1.89881 9011
1.91129 9241
1.92324 9465
1.93506 9684
1.95326 3600
1.9826 4176
1.99496 4672
2.00704 5115
2.01886 5520
2.03068 5895
2.0425 6246
2.04847 6577
2.06043 6892
2.07224 7192
2.0846 7480
2.09588 7757
2.1077 8024
2.11952 8282
2.13134 8532
2.14316 8775
2.15498 9011
2.16653 9241
2.17848 9465
2.1903 9684
2.20212 9898
2.21952 3600
2.24236 4176
2.25431 4672
2.26627 5115
2.27808 5520
2.2899 5895
2.30172 6246
2.30717 6577
2.31368 6892
2.32523 7192
2.33692 7480
2.34873 7757
2.36042 8024
2.37304 8282
2.38459 8532
2.39641 8775
2.40823 9011
2.41978 9241
2.43134 9465
2.44369 9684
2.45537 9898
2.46706 10107
2.47888 10312
2.4907 10513
2.50836 4320
2.54355 4800
2.55511 5232
2.56692 5628
2.57874 5996
2.59056 6341
2.59641 6668
2.60823 6978
2.62004 7275
2.632 7560
2.64382 7834
2.65564 8098
2.66745 8354
2.67927 8602
2.69096 8843
2.70265 9077
2.71447 9305
2.72628 9527
2.73824 9744
2.75019 9956
2.76214 10164
2.77396 10368
2.78591 10568
2.79773 10764
2.80955 10956
2.82735 4320
2.85656 4800
2.86865 5232
2.88047 5628
2.89228 5996
2.9041 6341
2.91114 6668
2.92296 6978
2.93478 7275
2.9466 7560
2.95842 7834
2.97024 8098
2.98232 8354
2.99441 8602
3.00663 8843
3.01844 9077
3.03066 9305
3.04275 9527
3.06068 3600
3.09056 4176
3.10251 4672
3.11459 5115
3.12694 5520
3.13916 5895
3.15111 6246
3.16373 6577
3.17595 6892
3.1879 7192
3.19998 7480
3.21193 7757
3.22389 8024
3.23584 8282
3.24832 8532
3.26094 8775
3.27316 9011
3.28564 9241
3.29825 9465
3.3106 9684
3.3292 3600
3.3608 4176
3.37329 4672
3.38537 5115
3.39772 5520
3.4106 5895
3.42269 6246
3.43597 6577
3.44858 6892
3.46093 7192
3.47342 7480
3.48603 7757
3.49838 8024
3.51087 8282
3.52348 8532
3.53597 8775
3.54792 9011
3.5604 9241
3.57355 9465
3.5859 9684
3.60462 3600
3.63596 4176
3.64845 4672
3.6604 5115
3.67302 5520
3.68576 5895
3.69785 6246
3.71086 6577
3.72361 6892
3.73623 7192
3.74871 7480
3.7612 7757
3.77368 8024
3.78616 8282
3.79864 8532
3.811 8775
3.82348 9011
3.83583 9241
3.84858 9465
3.86119 9684
3.88018 3600
3.91139 4176
3.92361 4672
3.93569 5115
3.94818 5520
3.96079 5895
3.97261 6246
3.98709 6577
3.99944 6892
4.01179 7192
4.0244 7480
4.03689 7757
4.04937 8024
4.06159 8282
4.0742 8532
4.08656 8775
4.09904 9011
4.11165 9241
4.124 9465
4.13662 9684
4.15535 3600
4.18669 4176
4.19917 4672
4.21139 5115
4.22374 5520
4.23635 5895
4.24857 6246
4.26132 6577
4.2738 6892
4.28629 7192
4.2989 7480
4.31139 7757
4.32387 8024
4.33622 8282
4.34884 8532
4.36079 8775
4.37327 9011
4.38628 9241
4.39877 9465
4.41125 9684
4.42984 3600
4.46025 4176
4.473 4672
4.48522 5115
4.49717 5520
4.50966 5895
4.5224 6246
4.53515 6577
4.54764 6892
4.56012 7192
4.57274 7480
4.58522 7757
4.5977 8024
4.61005 8282
4.62254 8532
4.63515 8775
4.64764 9011
4.65985 9241
4.67287 9465
4.68575 9684
4.70447 3600
4.72904 4176
4.74099 4672
4.75295 5115
4.7653 5520
4.77751 5895
4.79053 6246
4.80314 6577
4.81549 6892
4.82811 7192
4.84073 7480
4.85321 7757
4.86569 8024
4.87804 8282
4.89039 8532
4.90261 8775
4.91483 9011
4.92731 9241
4.94033 9465
4.95308 9684
4.9718 3600
5.00274 4176
5.01509 4672
5.02704 5115
5.03966 5520
5.05241 5895
5.06516 6246
5.07751 6577
5.08999 6892
5.10261 7192
5.11509 7480
5.12757 7757
5.13992 8024
5.15228 8282
5.16436 8532
5.17698 8775
5.19012 9011
5.20274 9241
5.21536 9465
5.22784 9684
5.24643 3600
5.27087 4176
5.28282 4672
5.29477 5115
5.30739 5520
5.3196 5895
5.33195 6246
5.3447 6577
5.35719 6892
5.36954 7192
5.38228 7480
5.39477 7757
5.40712 8024
5.41947 8282
5.43169 8532
5.44404 8775
5.45692 9011
5.46967 9241
5.48188 9465
5.49463 9684
5.51336 3600
5.54417 4176
5.55625 4672
5.5682 5115
5.58069 5520
5.59317 5895
5.60592 6246
5.61827 6577
5.63075 6892
5.64337 7192
5.65572 7480
5.6682 7757
5.68055 8024
5.69304 8282
5.70499 8532
5.71707 8775
5.73035 9011
5.74337 9241
5.75559 9465
5.76833 9684
5.78706 3600
5.81123 4176
5.82318 4672
5.83513 5115
5.84775 5520
5.86036 5895
5.87311 6246
5.8856 6577
5.89795 6892
5.91096 7192
5.92344 7480
5.93593 7757
5.94841 8024
5.96103 8282
5.97285 8532
5.98493 8775
5.99821 9011
6.01149 9241
6.02371 9465
6.03619 9684
6.05492 3600
6.07975 4176
6.09184 4672
6.10379 5115
6.1164 5520
6.12902 5895
6.14177 6246
6.15412 6577
6.16634 6892
6.17988 7192
6.19236 7480
6.20498 7757
6.21746 8024
6.23008 8282
6.24177 8532
6.25372 8775
6.267 9011
6.28001 9241
6.2925 9465
6.30485 9684
6.31693 9898
6.32941 10107
6.3423 10312
6.35465 10513
6.37297 4320
6.40458 4800
6.41746 5232
6.43008 5628
6.44256 5996
6.45504 6341
6.46753 6668
6.48001 6978
6.49236 7275
6.50471 7560
6.51719 7834
6.52981 8098
6.54243 8354
6.55464 8602
6.56713 8843
6.57988 9077
6.59236 9305
6.60458 9527
6.6233 3600
6.65464 4176
6.66699 4672
6.67908 5115
6.69209 5520
6.70444 5895
6.71746 6246
6.73007 6577
6.74242 6892
6.75491 7192
6.76752 7480
6.77934 7757
6.79156 8024
6.80484 8282
6.81799 8532
6.83047 8775
6.84295 9011
6.8553 9241
6.86765 9465
6.88053 9684
6.89926 3600
6.92423 4176
6.93618 4672
6.94813 5115
6.96128 5520
6.97363 5895
6.98598 6246
6.99846 6577
7.01094 6892
7.02329 7192
7.03604 7480
7.04773 7757
7.05995 8024
7.07376 8282
7.08637 8532
7.09886 8775
7.11134 9011
7.12369 9241
7.13604 9465
7.14866 9684
7.16752 3600
7.19899 4176
7.21107 4672
7.22303 5115
7.23644 5520
7.24866 5895
7.26101 6246
7.27389 6577
7.28637 6892
7.29885 7192
7.31147 7480
7.32329 7757
7.33577 8024
7.34879 8282
7.36074 8532
7.37349 8775
7.3865 9011
7.39859 9241
7.41094 9465
7.42382 9684
7.44228 3600
7.46778 4176
7.47999 4672
7.49195 5115
7.50536 5520
7.51771 5895
7.53019 6246
7.54281 6577
7.55542 6892
7.56791 7192
7.58039 7480
7.59287 7757
7.60536 8024
7.61784 8282
7.63019 8532
7.64254 8775
7.65516 9011
7.66724 9241
7.67959 9465
7.69287 9684
7.71173 3600
7.74294 4176
7.75555 4672
7.76751 5115
7.78065 5520
7.793 5895
7.80549 6246
7.81824 6577
7.83072 6892
7.84307 7192
7.85555 7480
7.86817 7757
7.88065 8024
7.893 8282
7.90548 8532
7.9181 8775
7.93058 9011
7.94347 9241
7.95621 9465
7.96843 9684
7.98716 3600
8.01186 4176
8.02394 4672
8.03589 5115
8.04904 5520
8.06139 5895
8.07388 6246
8.08649 6577
8.09897 6892
8.11146 7192
8.12381 7480
8.13642 7757
8.14891 8024
8.16139 8282
8.17374 8532
8.18636 8775
8.19884 9011
8.21079 9241
8.22381 9465
8.23642 9684
8.25515 3600
8.28582 4176
8.29871 4672
8.31079 5115
8.32407 5520
8.33669 5895
8.34917 6246
8.36139 6577
8.37387 6892
8.38662 7192
8.39897 7480
8.41159 7757
8.42407 8024
8.43655 8282
8.44904 8532
8.46152 8775
8.47374 9011
8.48582 9241
8.49897 9465
8.51145 9684
8.53004 3600
8.56138 4176
8.57427 4672
8.58635 5115
8.5991 5520
8.61158 5895
8.6242 6246
8.63655 6577
8.6493 6892
8.66191 7192
8.6744 7480
8.68701 7757
8.6995 8024
8.71198 8282
8.72406 8532
8.73641 8775
8.74903 9011
8.76125 9241
8.77453 9465
8.78688 9684
8.8056 3600
8.83628 4176
8.84929 4672
8.86125 5115
8.874 5520
8.88621 5895
8.89856 6246
8.91171 6577
8.92406 6892
8.93654 7192
8.94916 7480
8.96164 7757
8.97426 8024
8.98648 8282
8.99843 8532
9.01065 8775
9.02393 9011
9.03628 9241
9.04916 9465
9.06151 9684
9.08023 3600
9.11144 4176
9.12392 4672
9.13601 5115
9.14836 5520
9.16058 5895
9.17293 6246
9.18608 6577
9.19856 6892
9.21104 7192
9.22352 7480
9.23601 7757
9.24849 8024
9.26097 8282
9.27332 8532
9.28541 8775
9.29842 9011
9.3117 9241
9.32432 9465
9.33667 9684
9.3554 3600
9.38076 4176
9.39271 4672
9.40466 5115
9.41715 5520
9.42923 5895
9.44172 6246
9.45433 6577
9.46735 6892
9.4797 7192
9.49231 7480
9.5048 7757
9.51728 8024
9.52976 8282
9.54224 8532
9.55513 8775
9.56788 9011
9.58076 9241
9.59337 9465
9.60586 9684
9.62445 3600
9.64968 4176
9.66163 4672
9.67358 5115
9.68607 5520
9.69815 5895
9.70997 6246
9.71781 6577
9.73056 6892
9.74304 7192
9.75539 7480
9.768 7757
9.78049 8024
9.79297 8282
9.80479 8532
9.81701 8775
9.83042 9011
9.84317 9241
9.85579 9465
9.86827 9684
9.88673 3600
9.91169 4176
9.92365 4672
9.9356 5115
9.94755 5520
9.96003 5895
9.97278 6246
9.98447 6577
9.99841 6892
10.011 7192
10.0238 7480
10.0365 7757
10.049 8024
10.0615 8282
10.0738 8532
10.0863 8775
10.0989 9011
10.1114 9241
10.1242 9465
10.1367 9684
10.1551 3600
10.1807 4176
10.1927 4672
10.2047 5115
10.217 5520
10.2292 5895
10.2412 6246
10.2537 6577
10.2676 6892
10.2799 7192
10.2924 7480
10.3049 7757
10.3174 8024
10.33 8282
10.3424 8532
10.3548 8775
10.3675 9011
10.3798 9241
10.3918 9465
10.4049 9684
10.4247 3600
10.4564 4176
10.4691 4672
10.481 5115
10.4934 5520
10.506 5895
10.5179 6246
10.5304 6577
10.5437 6892
10.556 7192
10.5685 7480
10.5811 7757
10.5936 8024
10.606 8282
10.6185 8532
10.6311 8775
10.6433 9011
10.6559 9241
10.6679 9465
10.6795 9684
10.7 3600
10.7311 4176
10.7437 4672
10.7558 5115
10.7684 5520
10.7809 5895
10.7934 6246
10.806 6577
10.8185 6892
10.8309 7192
10.8436 7480
10.8559 7757
10.8685 8024
10.881 8282
10.8934 8532
10.906 8775
10.9183 9011
10.9303 9241
10.9429 9465
10.9555 9684
10.9742 3600
