1 0.0778528
1.02477 0.0751212
1.03553 0.0738561
1.05038 0.0734991
1.08043 0.0713117
1.09119 0.0693977
1.10587 0.069473
1.13592 0.0714139
1.14668 0.0707371
1.16136 0.070645
1.19142 0.0725644
1.20217 0.0718688
1.21686 0.0716352
1.24691 0.0733058
1.25459 0.0720176
1.26944 0.0713904
1.28515 0.0710916
1.30257 0.0692051
1.31896 0.0685545
1.33672 0.0683602
1.35191 0.0680652
1.36916 0.067932
1.38589 0.0678155
1.40314 0.0699636
1.41697 0.0712181
1.43319 0.0725659
1.44872 0.0733701
1.46563 0.0741989
1.48219 0.074799
1.49909 0.0758241
1.51497 0.0764711
1.52863 0.0769122
1.54417 0.0771732
1.55988 0.0771515
1.57541 0.0770076
1.59129 0.0770066
1.60803 0.0773808
1.62373 0.0775832
1.63603 0.0775103
1.65225 0.0774465
1.66591 0.0770157
1.6811 0.0765137
1.69442 0.0758245
1.71047 0.0755965
1.72601 0.0773969
1.74155 0.0788473
1.75691 0.0803664
1.77228 0.0816956
1.78799 0.0831086
1.91212 0.0798451
1.92083 0.0766144
1.96408 0.0780376
1.97244 0.0757829
2.01513 0.078185
2.02281 0.0756619
2.06908 0.0783292
2.06942 0.075288
2.0783 0.072877
2.12475 0.0706424
2.13533 0.0700621
2.15172 0.0704293
2.18041 0.0686257
2.19099 0.0669225
2.20721 0.0675571
2.2359 0.0696125
2.24648 0.0691609
2.2627 0.0695158
2.29139 0.0713263
2.30198 0.0706606
2.3182 0.070828
2.34688 0.0724745
2.35251 0.0710402
2.36652 0.0702852
2.38239 0.0694995
2.40254 0.0678121
2.41859 0.0675856
2.4343 0.0676374
2.45137 0.0678077
2.46657 0.0673317
2.48262 0.0669153
2.49833 0.0685509
2.51438 0.069982
2.53111 0.0712342
2.54733 0.072455
2.56202 0.0733981
2.57875 0.0742233
2.59377 0.0748204
2.60948 0.0752179
2.62519 0.0755656
2.64158 0.0759949
2.6578 0.0763706
2.67231 0.0766992
2.68871 0.0769868
2.70441 0.0772385
2.72166 0.0775837
2.73703 0.0778857
2.75376 0.078275
2.76981 0.0786156
2.7862 0.0790387
2.92194 0.0770338
2.93714 0.0752796
2.9735 0.0763697
2.98904 0.0753234
3.02609 0.077033
3.0418 0.0759039
3.08158 0.0779159
3.08449 0.0754264
3.1031 0.0737481
3.13725 0.0715296
3.15449 0.0713384
3.16917 0.0706711
3.19291 0.0687122
3.21015 0.0671232
3.22535 0.0676078
3.2484 0.0690318
3.26564 0.0695278
3.28221 0.0698369
3.30406 0.0709822
3.32113 0.0712345
3.3377 0.0713302
3.35955 0.0720389
3.3686 0.071034
3.38516 0.0701548
3.39336 0.0683854
3.41521 0.0668372
3.42426 0.0654826
3.44082 0.0641723
3.44902 0.0631507
3.47087 0.0621319
3.48897 0.0623654
3.50502 0.0646947
3.5209 0.0666079
3.53644 0.0691569
3.55198 0.0706373
3.56717 0.0716826
3.5822 0.0723473
3.59893 0.0730539
3.61618 0.0739221
3.63103 0.0746819
3.64606 0.0752216
3.66211 0.0758189
3.67713 0.0762166
3.6925 0.0761895
3.70889 0.0762908
3.7246 0.0765045
3.74014 0.0766914
3.75636 0.07698
3.77223 0.0773575
3.78794 0.0775628
3.80348 0.0777424
3.8197 0.0778996
3.83575 0.0800372
3.85197 0.0819075
3.86734 0.0835441
3.88322 0.0851011
3.89961 0.0864634
4.02493 0.0827805
4.03637 0.0794329
4.07564 0.0796288
4.08572 0.0773002
4.12567 0.0787627
4.13762 0.0766674
4.18014 0.0789589
4.18048 0.0759641
4.19328 0.0734686
4.2358 0.07116
4.24553 0.07039
4.25936 0.0698412
4.29146 0.0681111
4.30119 0.0665972
4.31502 0.0670226
4.34695 0.0695197
4.35668 0.0689548
4.37051 0.0689604
4.40244 0.0712154
4.41218 0.0705634
4.42601 0.070493
4.45793 0.0725564
4.46579 0.0713618
4.48098 0.0709416
4.49857 0.0710739
4.5136 0.0691897
4.52145 0.067541
4.53665 0.0660983
4.55423 0.064836
4.56926 0.0637315
4.57711 0.0627651
4.59367 0.0639195
4.60972 0.0650545
4.62475 0.0656727
4.63294 0.0653386
4.64917 0.0661713
4.66522 0.0668999
4.68024 0.0674124
4.68963 0.0671108
4.70466 0.067722
4.72071 0.0681317
4.72941 0.0676153
4.74461 0.0671634
4.76015 0.0676429
4.77534 0.0680626
4.79088 0.0683048
4.80659 0.0693917
4.82247 0.0704677
4.83749 0.0712842
4.85303 0.0721237
4.86925 0.0729832
4.88394 0.0734853
4.89999 0.0759247
4.91621 0.0781841
4.93208 0.0802861
4.94745 0.0820003
4.9647 0.0836253
5.09309 0.0805471
5.10385 0.0774787
5.14181 0.0779189
5.15274 0.075554
5.19235 0.0772348
5.20328 0.0753304
5.2434 0.0772891
5.24374 0.074003
5.25689 0.0713776
5.29923 0.0694554
5.30999 0.0690235
5.32092 0.0683955
5.3549 0.0667211
5.36565 0.065381
5.38051 0.0660833
5.41039 0.0690729
5.42114 0.0688138
5.436 0.0689621
5.46673 0.0710918
5.47664 0.0704553
5.49149 0.0703984
5.52239 0.0724736
5.52974 0.0712894
5.54527 0.0710032
5.56184 0.0708778
5.57806 0.0690181
5.59428 0.0685158
5.6105 0.0680764
5.62689 0.0676918
5.64328 0.0673553
5.65899 0.0669359
5.67418 0.0685689
5.69075 0.0699978
5.70594 0.0711231
5.72131 0.0719827
5.73787 0.0728599
5.75426 0.0737524
5.76877 0.0742833
5.78397 0.0747479
5.79985 0.0751544
5.81487 0.0753851
5.82939 0.075337
5.84561 0.0755449
5.86063 0.0757267
5.87549 0.0757609
5.8912 0.0759158
5.90708 0.0761763
5.92295 0.0762793
5.93627 0.0762444
5.95181 0.0762138
5.96803 0.0763121
5.98374 0.0762731
5.99911 0.0782389
6.01533 0.0800841
6.03138 0.0819486
6.04589 0.083455
6.06194 0.0846481
6.18607 0.0814421
6.19859 0.0782618
6.23461 0.0783541
6.24713 0.0761848
6.28435 0.0774117
6.29733 0.0756103
6.3366 0.077284
6.33711 0.0742485
6.35197 0.0717174
6.39243 0.0697527
6.40285 0.0691587
6.41617 0.0686388
6.44809 0.067059
6.45851 0.0656766
6.47456 0.066467
6.50376 0.0690336
6.51434 0.0686544
6.53005 0.0690726
6.55942 0.0710636
6.56983 0.0704306
6.58554 0.0705018
6.61491 0.0721891
6.62242 0.0710404
6.63762 0.0706604
6.65316 0.0703278
6.67057 0.0685368
6.68747 0.0680947
6.70352 0.0678329
6.71787 0.0673538
6.73631 0.0671846
6.75219 0.0669115
6.76755 0.0685476
6.78292 0.0698541
6.79914 0.0713723
6.81365 0.0720758
6.82936 0.0726913
6.84575 0.0733549
6.86214 0.0741855
6.87802 0.0747874
6.89305 0.0754389
6.90671 0.0756341
6.92224 0.0758048
6.93761 0.0757042
6.95332 0.0756162
6.96903 0.0756642
6.98354 0.0758311
6.99857 0.0758522
7.01359 0.0758707
7.02981 0.0758869
7.04484 0.075776
7.06072 0.075929
7.0766 0.0761879
7.09196 0.0782894
7.1075 0.0802532
7.12304 0.0819716
7.13909 0.0836001
7.15514 0.0850251
7.27858 0.081397
7.28985 0.0780973
7.3273 0.0782102
7.33942 0.0760589
7.37716 0.0775515
7.38945 0.0756076
7.43043 0.0775316
7.43077 0.0744652
7.44511 0.072157
7.48609 0.0701374
7.4965 0.0696202
7.50914 0.0689177
7.54175 0.067178
7.55217 0.0657807
7.56839 0.0665581
7.59741 0.0692384
7.60766 0.0688336
7.62405 0.0692294
7.6529 0.0710757
7.66315 0.0704412
7.67954 0.0706361
7.70839 0.0723066
7.7171 0.0713933
7.73247 0.0710941
7.74784 0.0707073
7.76406 0.0688689
7.78045 0.0681353
7.7965 0.0676184
7.81374 0.0674161
7.82808 0.0669891
7.84396 0.0664904
7.86087 0.0681791
7.87572 0.0695317
7.89023 0.0704653
7.90628 0.0714071
7.92319 0.0724812
7.93924 0.0732961
7.95426 0.0740091
7.96912 0.0746329
7.98483 0.0750538
7.99883 0.0750471
8.01419 0.0750412
8.02922 0.075036
8.04407 0.0750315
8.06064 0.0751526
8.07634 0.0755085
8.09137 0.075695
8.10656 0.0758581
8.12296 0.0761258
8.13798 0.0762351
8.15403 0.0764557
8.17042 0.0767737
8.1863 0.079052
8.20218 0.0811705
8.21772 0.0828992
8.23377 0.0845368
8.24896 0.0857197
8.37207 0.0820047
8.38351 0.0787541
8.4209 0.0789099
8.43268 0.0765461
8.47127 0.0779779
8.48356 0.0761056
8.52437 0.0780924
8.52471 0.0749559
8.53905 0.0725864
8.58003 0.0705131
8.59113 0.070074
8.60274 0.0691897
8.63569 0.067416
8.64679 0.065864
8.66131 0.066381
8.69119 0.0692084
8.70228 0.0689323
8.7168 0.0690658
8.74668 0.0710576
8.75777 0.0704254
8.77229 0.0703722
8.80217 0.0723257
8.81156 0.07141
8.82641 0.0711087
8.84315 0.0710951
8.85783 0.0690832
8.86722 0.0674478
8.88208 0.0660169
8.89881 0.0646397
8.91349 0.0635598
8.92288 0.0624898
8.93893 0.0635536
8.95498 0.0646094
8.97001 0.0655332
8.98418 0.0662166
9.00023 0.0676895
9.01645 0.0689783
9.03113 0.069981
9.04616 0.0707334
9.06152 0.0715167
9.07775 0.0722021
9.09055 0.0724269
9.10592 0.0726235
9.1218 0.0729206
9.13768 0.0733055
9.15185 0.0733923
9.16738 0.0738433
9.18224 0.0742379
9.19948 0.0747081
9.21468 0.0749946
9.23022 0.0754953
9.24678 0.0759334
9.26283 0.0783167
9.27751 0.0804021
9.29408 0.0822268
9.31064 0.0839485
9.32617 0.0854549
9.45491 0.0821481
9.46687 0.0791296
9.50426 0.0796134
9.51604 0.0774117
9.55616 0.0789852
9.56795 0.0769871
9.60858 0.0788637
9.60892 0.0755057
9.62224 0.0729425
9.66424 0.0708247
9.67688 0.0704716
9.68986 0.0700377
9.72008 0.0682829
9.73254 0.0667476
9.74757 0.0672791
9.77557 0.0696192
9.78803 0.0694168
9.80306 0.0696147
9.83106 0.0714129
9.84352 0.0709863
9.85855 0.070863
9.88655 0.0723801
9.89492 0.0712076
9.91011 0.0706817
9.92497 0.0700964
9.94221 0.0683344
9.95058 0.0667926
9.96577 0.0653185
9.98097 0.0641537
9.99787 0.0630095
10.0151 0.0632583
10.031 0.065351
10.047 0.0674321
10.0633 0.0693781
10.0776 0.0707059
10.0923 0.0714926
10.1085 0.072306
10.1252 0.0730178
10.1413 0.0736406
10.1563 0.0743105
10.1713 0.0748967
10.1857 0.0751596
10.2014 0.0752646
10.2157 0.0751066
10.2318 0.0750932
10.2478 0.0752066
10.263 0.0755558
10.2781 0.0757363
10.2927 0.0758943
10.3095 0.0761575
10.325 0.0763878
10.3402 0.0764643
10.3561 0.0785313
10.3728 0.0804649
10.3878 0.0822818
10.4036 0.0837465
10.4193 0.0850282
10.5499 0.0818997
10.5588 0.0784122
10.6013 0.0794857
10.6094 0.07705
10.6527 0.0791687
10.6607 0.0766476
10.7067 0.0791917
10.707 0.0761677
10.7149 0.0733968
10.7625 0.0712222
10.7733 0.0705694
10.7873 0.0708732
10.8182 0.0690141
10.8291 0.0673873
10.8428 0.0675889
10.8738 0.0698903
10.8846 0.069404
10.8983 0.0693535
10.9293 0.0715593
10.9401 0.0709894
10.9537 0.0707407
10.9848 0.0726481
10.9916 0.0713171
11.0079 0.0707775
11.0236 0.0706803
11.0405 0.0688453
11.0552 0.0682396
11.0727 0.0678346
11.083 0.0667303
11.0962 0.065389
11.1109 0.0640904
11.1287 0.0652041
11.1386 0.0653036
11.1517 0.0657656
11.1664 0.0662949
11.1843 0.0672581
11.1946 0.0671008
11.2072 0.0673382
11.2221 0.0677959
11.2398 0.0684464
11.2502 0.0681406
11.2548 0.0671231
11.2629 0.0656077
11.2777 0.0642817
11.2955 0.0632465
11.3059 0.0622157
11.3184 0.0624387
11.3317 0.0632589
11.347 0.0641015
11.3604 0.0642138
11.3727 0.0645621
11.3856 0.0648668
11.3995 0.0668835
11.4145 0.068898
11.4275 0.0702858
11.4401 0.0715001
11.4544 0.0728126
11.4686 0.074086
11.4814 0.0750752
11.4935 0.0755658
11.5079 0.0761201
11.5215 0.0767301
11.5349 0.0771388
11.5473 0.0773715
11.5608 0.077575
11.5736 0.0778782
11.5866 0.0780184
11.5989 0.0778911
11.612 0.0779047
11.625 0.0779166
11.6368 0.077677
11.7573 0.0748424
11.7683 0.0722371
11.7784 0.0699575
11.8071 0.0674628
11.8177 0.0651549
11.8273 0.0631356
11.8572 0.0614936
11.8693 0.0603069
11.88 0.0593936
11.9103 0.0623444
11.9217 0.0625513
11.9318 0.0624824
11.961 0.0646721
11.9727 0.0643381
11.9835 0.0640458
12.0158 0.0665401
12.0161 0.0652226
12.0286 0.0640698
12.0392 0.063061
12.0716 0.0621784
12.0832 0.0627811
12.0945 0.0631835
12.1066 0.0636605
12.1273 0.062703
12.1389 0.0617401
12.1501 0.0610226
12.1653 0.0622698
12.1828 0.063986
12.1944 0.0643628
12.2056 0.0646924
12.221 0.0654809
12.2383 0.0664208
12.2499 0.0664932
12.2611 0.0665565
12.2765 0.067112
12.2833 0.066473
12.2939 0.0650388
12.3055 0.063909
12.3168 0.0627954
12.3323 0.0619459
12.3392 0.0612027
12.3496 0.0605524
12.3612 0.0599833
12.3726 0.0594854
12.388 0.0589247
12.3948 0.0584341
12.4052 0.0581299
12.4182 0.0594886
12.4314 0.0608026
12.4435 0.0620772
12.4556 0.0628176
12.4691 0.0643404
12.4799 0.0655478
12.4927 0.0666044
12.5048 0.0674038
12.5171 0.0682283
12.5299 0.0689498
12.5418 0.0693311
12.5536 0.0699147
12.5659 0.0703003
12.5801 0.0710128
12.5912 0.0713862
12.6052 0.0719629
12.6173 0.0724676
12.6306 0.0730341
12.6438 0.0736548
12.6569 0.073948
12.6699 0.0744545
12.7903 0.0721477
12.8033 0.0700042
12.8122 0.0675037
12.8395 0.0651907
12.8537 0.0632919
12.8617 0.0615054
12.8897 0.0600672
12.9031 0.0588088
12.9128 0.0578327
12.9439 0.0608536
12.9567 0.0616219
12.9654 0.0616692
12.9945 0.0642105
13.0074 0.0641842
13.016 0.0635362
13.0465 0.0657192
13.0469 0.0640043
13.0629 0.0628787
13.0716 0.0620189
13.1022 0.0612665
13.1147 0.0621082
13.1273 0.0624697
13.1391 0.063161
13.1579 0.0621409
13.1705 0.0613732
13.1836 0.0607016
13.199 0.0621139
13.214 0.0637247
13.2282 0.0646341
13.2417 0.0654298
13.255 0.0662511
13.2695 0.0667197
13.2837 0.0670047
13.2972 0.0672541
13.3105 0.0674724
13.3196 0.0670383
13.3337 0.0666585
13.3479 0.0663262
13.3628 0.0661604
13.3773 0.0662654
13.3933 0.0672322
13.407 0.0679532
13.4181 0.068334
13.4317 0.0684173
13.4461 0.0684901
13.4599 0.0681789
13.4715 0.0677815
13.485 0.0691838
13.4966 0.0702858
13.5089 0.0711251
13.5214 0.0716095
13.5335 0.0719083
13.5461 0.0722947
13.5588 0.0723829
13.5723 0.072835
13.5851 0.0733557
13.5985 0.0738112
13.6098 0.0740848
13.6228 0.0743242
13.6347 0.0745337
13.6475 0.074592
13.6604 0.074643
13.6721 0.0745626
13.6856 0.0747423
13.6976 0.0747745
13.7117 0.0750527
13.831 0.0722961
13.8409 0.0697591
13.846 0.0671642
13.8797 0.0648937
13.8896 0.062907
13.8952 0.0611686
13.9313 0.0600225
13.941 0.0588947
13.9476 0.0580329
13.985 0.0620288
13.9955 0.0622752
14.0019 0.0621158
14.0404 0.0659763
14.0509 0.0658543
14.0576 0.0653725
14.096 0.0690759
14.0989 0.0676914
14.1068 0.06623
14.1133 0.0649512
14.1517 0.0637073
14.1623 0.0637439
14.1751 0.0644009
14.1855 0.0653508
14.2073 0.064182
14.2179 0.0630342
14.2307 0.0620299
14.2432 0.0627762
14.2628 0.0645542
14.2734 0.0647349
14.2862 0.065268
14.2987 0.0656095
14.3183 0.0667833
14.3291 0.0668104
14.3419 0.0669591
14.3542 0.0670892
14.3605 0.0664531
14.374 0.0650214
14.3851 0.0638938
14.3976 0.062907
14.4098 0.0619187
14.4254 0.0623038
14.439 0.0627658
14.4522 0.0632951
14.464 0.0636332
14.4735 0.0636791
14.4879 0.0634692
14.5015 0.0632855
14.5137 0.0646248
14.5253 0.0656717
14.5362 0.0665878
14.5505 0.0678893
14.5635 0.0689031
14.5739 0.0692902
14.5837 0.069379
14.5973 0.0697066
14.6122 0.0704933
14.6255 0.0710566
14.6368 0.0712995
14.6504 0.0720121
14.6622 0.0728856
14.6759 0.0735249
14.6878 0.0737093
14.6999 0.0737456
14.7124 0.0740274
14.7271 0.074399
14.8505 0.0727241
14.8606 0.0712586
14.906 0.0743513
14.9161 0.0733074
14.9233 0.0720189
14.9617 0.0698916
14.9718 0.0680301
14.9794 0.0665264
15.0173 0.0652106
15.0274 0.0640592
15.0348 0.0629268
15.0687 0.061436
15.0814 0.0617565
15.0896 0.0617869
15.1242 0.0653136
15.1372 0.0657744
15.1451 0.0655526
15.1797 0.0686085
15.1929 0.0685324
15.197 0.0673409
15.2038 0.0661733
15.2354 0.0649016
15.2485 0.0637889
15.2576 0.0634403
15.2735 0.0642603
15.291 0.0632277
15.3042 0.0623243
15.3132 0.0615337
15.3296 0.060842
15.3465 0.0623618
15.3597 0.0630665
15.3687 0.0631832
15.3851 0.0642853
15.402 0.0653747
15.4153 0.0658278
15.4244 0.0657243
15.4408 0.0665088
15.4575 0.0671952
15.462 0.0661708
15.4749 0.0652744
15.4883 0.0651151
15.5012 0.0646007
15.5132 0.0635257
15.5267 0.0637099
15.5308 0.0627462
15.5443 0.0619029
15.5571 0.0611651
15.5688 0.0603944
15.5825 0.0598451
15.5921 0.0601145
15.6057 0.0619752
15.6184 0.0634783
15.6307 0.0646685
15.6419 0.0657099
15.6523 0.0662462
15.6648 0.0669654
15.6783 0.0677197
15.6909 0.0682548
15.7039 0.0688479
15.7157 0.0694919
15.73 0.0705554
15.7423 0.071486
15.7541 0.0720503
15.7643 0.072294
15.7766 0.0723822
15.7901 0.0727094
15.8036 0.0727458
15.8149 0.0726525
15.8265 0.072571
15.8417 0.0731246
15.8545 0.073734
15.8653 0.0738923
15.8758 0.0736557
15.8897 0.0738238
16.0128 0.0719708
16.0244 0.0703494
16.0341 0.0685558
16.0637 0.0663613
16.0756 0.0644411
16.087 0.063011
16.1191 0.0621346
16.1306 0.0612428
16.1427 0.0604624
16.1746 0.0637796
16.1861 0.0641822
16.1982 0.0646594
16.2301 0.067577
16.2416 0.0675049
16.2537 0.0674417
16.2856 0.0698865
16.2928 0.0689007
16.3053 0.0682881
16.3169 0.0676271
16.3413 0.0661737
16.3485 0.064902
16.3611 0.0637893
16.3727 0.0628156
16.3969 0.0618386
16.4113 0.0619838
16.4267 0.0623608
16.44 0.0643157
16.4541 0.0665263
16.4676 0.0670855
16.4823 0.0675748
16.4956 0.0677529
16.5098 0.0680338
16.5233 0.0681546
16.5378 0.0683853
16.5511 0.0684621
16.5547 0.0672793
16.5655 0.0658694
16.579 0.0645108
16.5935 0.0634469
16.6068 0.062391
16.6169 0.0623422
16.6259 0.0620494
16.6391 0.0619182
16.6491 0.0611784
16.6624 0.0605311
16.6727 0.0599647
16.6817 0.0594691
16.6963 0.0609105
16.7091 0.0620467
16.7227 0.0634159
16.7345 0.0644889
16.7459 0.0655528
16.7603 0.0672337
16.7721 0.0683295
16.7854 0.0692883
16.7946 0.0696272
16.8083 0.0701738
16.8206 0.0707771
16.8323 0.07093
16.8455 0.0711887
16.8557 0.0710401
16.8694 0.0715351
16.8808 0.0715932
16.8955 0.0720191
16.9068 0.0722667
16.9199 0.0724834
16.9324 0.0730479
16.9445 0.0732919
16.957 0.0736304
16.9686 0.0735516
17.0973 0.0721077
17.1043 0.0702192
17.1166 0.0685668
17.1496 0.066496
17.1559 0.064559
17.1682 0.0629891
17.2032 0.0618655
17.2095 0.0608823
17.2225 0.060022
17.2587 0.0637692
17.265 0.0634231
17.278 0.0639952
17.3145 0.0674958
17.3207 0.0668088
17.3336 0.0670827
17.37 0.0703224
17.3756 0.0691571
17.3876 0.0688874
17.4035 0.0690265
17.4257 0.0672732
17.4313 0.065864
17.4433 0.064631
17.4591 0.0635522
17.4813 0.0626081
17.4931 0.0625321
17.508 0.0627156
17.5221 0.0647512
17.5368 0.0662823
17.5486 0.066372
17.5635 0.0668255
17.5776 0.0672223
17.5923 0.0675695
17.6041 0.0676233
17.6189 0.0679204
17.6331 0.0681804
17.6372 0.0671578
17.648 0.0656381
17.6598 0.0643083
17.6746 0.0632698
17.6888 0.0622361
17.6929 0.0613315
17.7036 0.0606651
17.7154 0.060082
17.7303 0.0595717
17.7436 0.0590003
17.7467 0.0583752
17.7578 0.0578283
17.7687 0.0587248
17.7858 0.0601342
17.7991 0.0612424
17.8037 0.0610871
17.8132 0.0618262
17.8259 0.0625979
17.8412 0.0638982
17.8546 0.0645359
17.8593 0.0639689
17.8696 0.0642228
17.8819 0.064695
17.8945 0.0652331
17.9075 0.065329
17.9198 0.0652878
17.9329 0.0662519
17.9445 0.0673454
17.956 0.0681772
17.9679 0.06878
17.9802 0.0693075
17.9953 0.0701441
18.0062 0.0706261
18.0181 0.0710478
18.0313 0.0716668
18.0456 0.0724585
18.0578 0.0730262
18.0709 0.0751479
18.0818 0.0765044
18.206 0.0739414
18.219 0.0713237
18.2296 0.0687832
18.2576 0.0666853
18.2711 0.0649747
18.2816 0.0633528
18.3105 0.0620587
18.3245 0.0609264
18.3365 0.0601856
18.366 0.0631624
18.38 0.0638921
18.3919 0.0642806
18.4237 0.0671205
18.4355 0.0674804
18.4476 0.0675454
18.4794 0.0701022
18.4862 0.0692144
18.4997 0.0685626
18.514 0.0683673
18.535 0.0668214
18.5487 0.0662187
18.5617 0.0656914
18.5704 0.06448
18.5907 0.063295
18.6047 0.0623831
18.6177 0.0615852
18.6324 0.062762
18.6462 0.0644168
18.6602 0.0651147
18.6745 0.0657254
18.6884 0.0663847
18.7022 0.0668366
18.7162 0.067232
18.7305 0.067578
18.7438 0.0677558
18.7519 0.0671613
18.7662 0.0667661
18.7718 0.0652954
18.7864 0.0641334
18.7995 0.0631168
18.8082 0.0623522
18.8226 0.0615581
18.8275 0.0608634
18.842 0.0602555
18.8552 0.0597235
18.8639 0.0591331
18.8784 0.0587414
18.891 0.0600238
18.904 0.0621458
18.9154 0.0635026
18.9269 0.0644397
18.939 0.0658848
18.9513 0.0667742
18.9614 0.0671774
18.973 0.0672802
18.9878 0.0678702
18.9994 0.0685114
19.0121 0.0690725
19.0223 0.0693134
19.0363 0.0700243
19.0491 0.0708962
19.0623 0.0714092
19.0758 0.071983
19.0865 0.0722352
19.101 0.0730808
19.1133 0.0735707
19.2417 0.0723743
19.2521 0.0708275
19.2583 0.0685991
19.2935 0.0665242
19.3044 0.0647087
19.3105 0.0631201
19.349 0.0621051
19.3601 0.061342
19.3662 0.0606742
19.4044 0.0648399
19.4155 0.0651099
19.4217 0.0645962
19.4601 0.0682717
19.471 0.0681127
19.4774 0.0673486
19.5156 0.07068
19.5221 0.069595
19.5347 0.0687707
19.5494 0.0691743
19.5713 0.0675275
19.5781 0.0660866
19.5906 0.0648258
19.6051 0.0637225
19.6269 0.0626322
19.6338 0.0616782
19.6462 0.0609684
19.6607 0.0620974
19.6824 0.0639602
19.6892 0.0638402
19.7017 0.0643602
19.7162 0.0650651
19.7381 0.066682
19.7447 0.0660967
19.7572 0.0663346
19.7717 0.0667928
19.7789 0.0661937
19.7937 0.0647945
19.8004 0.0636952
19.8113 0.0624833
19.8258 0.0614229
19.8337 0.06062
19.8494 0.0600425
19.8561 0.0595372
19.867 0.05897
19.8815 0.0585988
19.8895 0.0582739
19.9051 0.0579897
19.9134 0.058741
19.9249 0.0598984
19.9378 0.0612861
19.9495 0.0621253
19.9628 0.0634846
19.9756 0.0642991
19.9848 0.0651367
19.999 0.0662446
20.0121 0.067339
20.0251 0.0684216
20.036 0.0691189
20.048 0.0694791
20.0604 0.0702942
20.0736 0.0708824
20.0857 0.0711471
20.099 0.0715037
20.1117 0.0719408
20.1248 0.0725732
20.138 0.0731265
20.2604 0.0714857
20.2742 0.0703
20.2865 0.0692625
20.316 0.0676047
20.3304 0.0661541
20.3422 0.0648848
20.3719 0.0636492
20.386 0.0626931
20.3978 0.0617314
20.4274 0.06464
20.4415 0.06531
20.4533 0.0655213
20.483 0.0680811
20.497 0.068321
20.5088 0.0681558
20.5385 0.0702614
20.5443 0.0691037
20.5595 0.0682157
20.5706 0.0674388
20.5942 0.0660089
20.6068 0.0655078
20.6154 0.0643193
20.6265 0.0632794
20.6473 0.0619945
20.6586 0.0607452
20.6668 0.059527
20.6773 0.0598361
20.6966 0.0611066
20.7081 0.0610933
20.7154 0.0605816
20.726 0.0603839
20.7453 0.0613359
20.7569 0.0611689
20.7644 0.0605228
20.7747 0.0603325
20.775 0.0590409
20.7939 0.0576608
20.8063 0.0567032
20.8137 0.0557403
20.8241 0.0550228
20.8244 0.0542699
20.8424 0.0536112
20.8551 0.0530348
20.8627 0.0525304
20.8726 0.0519641
20.873 0.0514686
20.8909 0.051035
20.9037 0.0522807
20.9113 0.0527456
20.921 0.0535274
20.9214 0.0529615
20.9395 0.0547163
20.952 0.0556267
20.96 0.0557984
20.9694 0.0560736
20.9697 0.0550644
20.9879 0.0564313
21.0004 0.0570024
21.0008 0.0558771
21.0086 0.0548925
21.0179 0.0540309
21.0183 0.0534021
