1 5040
1.00905 5451
1.02681 5831
1.05225 6186
1.05976 6521
1.07786 6838
1.08537 7141
1.10347 7431
1.12123 7710
1.12908 7978
1.14684 8237
1.16357 8488
1.18048 8732
1.19704 8969
1.21343 9200
1.23016 9425
1.24621 9645
1.26124 9859
1.27524 10069
1.29078 10274
1.30597 10475
1.32168 10672
1.33841 10866
1.3548 11056
1.3712 11243
1.38725 11427
1.4033 11608
1.41935 11786
1.44342 5040
1.49806 5451
1.51581 5831
1.54126 6186
1.54843 6521
1.56687 6838
1.58155 7141
1.59248 7431
1.60733 7710
1.61809 7978
1.63516 8237
1.65309 8488
1.66931 8732
1.68587 8969
1.70261 9200
1.71917 9425
1.73454 9645
1.75041 9859
1.76595 10069
1.78012 10274
1.79651 10475
1.81222 10672
1.82844 10866
1.84466 11056
1.86105 11243
1.87762 11427
1.8935 11608
1.90955 11786
1.93396 5040
1.99031 5451
2.00772 5831
2.03316 6186
2.0417 6521
2.05877 6838
2.07602 7141
2.08439 7431
2.10163 7710
2.11922 7978
2.13595 8237
2.15371 8488
2.1701 8732
2.18649 8969
2.20237 9200
2.21893 9425
2.23481 9645
2.25069 9859
2.26605 10069
2.28228 10274
2.29798 10475
2.31369 10672
2.32974 10866
2.34494 11056
2.36218 11243
2.3784 11427
2.39428 11608
2.41084 11786
2.43526 5040
2.49161 5451
2.50902 5831
2.5348 6186
2.54232 6521
2.56041 6838
2.5739 7141
2.58603 7431
2.59968 7710
2.61215 7978
2.63042 8237
2.64664 8488
2.66337 8732
2.68079 8969
2.69718 9200
2.71272 9425
2.72825 9645
2.74362 9859
2.75899 10069
2.77452 10274
2.79075 10475
2.80645 10672
2.8225 10866
2.83975 11056
2.8558 11243
2.87202 11427
2.88824 11608
2.90548 11786
2.92973 5040
2.98659 5451
3.00383 5831
3.02944 6186
3.039 6521
3.05505 6838
3.06479 7141
3.08066 7431
3.09091 7710
3.10662 7978
3.12386 8237
3.14025 8488
3.15733 8732
3.17474 8969
3.19096 9200
3.20701 9425
3.22306 9645
3.23928 9859
3.25465 10069
3.27053 10274
3.28573 10475
3.30092 10672
3.31731 10866
3.33405 11056
3.34975 11243
3.36683 11427
3.38339 11608
3.39944 11786
3.42403 5040
3.4802 5451
3.49762 5831
3.5234 6186
3.53057 6521
3.54918 6838
3.55652 7141
3.57479 7431
3.58213 7710
3.60057 7978
3.61799 8237
3.63541 8488
3.65248 8732
3.6699 8969
3.68646 9200
3.70319 9425
3.71907 9645
3.73563 9859
3.751 10069
3.76671 10274
3.78293 10475
3.79915 10672
3.81503 10866
3.83176 11056
3.84832 11243
3.86454 11427
3.8811 11608
3.89732 11786
3.92174 5040
3.97826 5451
3.99567 5831
4.02111 6186
4.02743 6521
4.04672 6838
4.05304 7141
4.07233 7431
4.09009 7710
4.1099 7978
4.12731 8237
4.14473 8488
4.16129 8732
4.17837 8969
4.19424 9200
4.21029 9425
4.22566 9645
4.24069 9859
4.25622 10069
4.27193 10274
4.28832 10475
4.30386 10672
4.32128 10866
4.33767 11056
4.35406 11243
4.37011 11427
4.38667 11608
4.40323 11786
4.42714 5040
4.48331 5451
4.50056 5831
4.52651 6186
4.53334 6521
4.55229 6838
4.56629 7141
4.58439 7431
4.60812 7710
4.62486 7978
4.64176 8237
4.65986 8488
4.67591 8732
4.69179 8969
4.70784 9200
4.72286 9425
4.73976 9645
4.7553 9859
4.77135 10069
4.78826 10274
4.80567 10475
4.82257 10672
4.8388 10866
4.85536 11056
4.87141 11243
4.88763 11427
4.91204 4320
4.96002 4800
4.97761 5232
5.00305 5628
5.02849 5996
5.05393 6341
5.06622 6668
5.07954 6978
5.09183 7275
5.10515 7560
5.11745 7834
5.13401 8098
5.15074 8354
5.16799 8602
5.18352 8843
5.19991 9077
5.21596 9305
5.23167 9527
5.24704 9744
5.26343 9956
5.27794 10164
5.29485 10368
5.31038 10568
5.32678 10764
5.34419 10956
5.36127 11145
5.37766 11331
5.39371 11514
5.40976 11694
5.43417 5040
5.48847 5451
5.50742 5831
5.53286 6186
5.53696 6521
5.55847 6838
5.57623 7141
5.58408 7431
5.60184 7710
5.6097 7978
5.62728 8237
5.63548 8488
5.65272 8732
5.66109 8969
5.67816 9200
5.68585 9425
5.70207 9645
5.71795 9859
5.73365 10069
5.74834 10274
5.7637 10475
5.77941 10672
5.79666 10866
5.81339 11056
5.82978 11243
5.8472 11427
5.86359 11608
5.88015 11786
5.90474 5040
5.95374 5451
5.97918 5831
6.00462 6186
6.01043 6521
6.03023 6838
6.04372 7141
6.05584 7431
6.06933 7710
6.08146 7978
6.09751 8237
6.11458 8488
6.13217 8732
6.14924 8969
6.16529 9200
6.18117 9425
6.19739 9645
6.21241 9859
6.22795 10069
6.24383 10274
6.25988 10475
6.27661 10672
6.29369 10866
6.31008 11056
6.32715 11243
6.3444 11427
6.36079 11608
6.37684 11786
6.40126 5040
6.44923 5451
6.47467 5831
6.50011 6186
6.50677 6521
6.52573 6838
6.53239 7141
6.55134 7431
6.56688 7710
6.58634 7978
6.6041 8237
6.62032 8488
6.6379 8732
6.6543 8969
6.67052 9200
6.68657 9425
6.7021 9645
6.71713 9859
6.73352 10069
6.74872 10274
6.76596 10475
6.78167 10672
6.79857 10866
6.81633 11056
6.83272 11243
6.84894 11427
6.86533 11608
6.88958 5040
6.94558 5451
6.96317 5831
6.98878 6186
6.99714 6521
7.01439 6838
7.02344 7141
7.04 7431
7.04905 7710
7.06561 7978
7.08337 8237
7.10061 8488
7.11666 8732
7.13408 8969
7.15098 9200
7.16737 9425
7.18325 9645
7.19947 9859
7.21433 10069
7.2314 10274
7.24643 10475
7.26384 10672
7.27972 10866
7.29594 11056
7.31285 11243
7.33095 11427
7.34717 11608
7.36356 11786
7.38797 5040
7.44466 5451
7.46208 5831
7.48786 6186
7.49691 6521
7.51347 6838
7.52286 7141
7.53908 7431
7.54847 7710
7.56469 7978
7.58228 8237
7.60277 8488
7.62069 8732
7.6376 8969
7.65365 9200
7.6697 9425
7.68592 9645
7.70197 9859
7.71802 10069
7.7339 10274
7.74892 10475
7.76497 10672
7.78034 10866
7.79707 11056
7.8138 11243
7.8302 11427
7.84829 11608
7.86469 11786
7.8891 5040
7.94545 5451
7.96303 5831
7.98864 6186
7.99616 6521
8.01426 6838
8.02928 7141
8.03987 7431
8.05523 7710
8.06548 7978
8.08477 8237
8.10236 8488
8.11909 8732
8.13634 8969
8.15221 9200
8.16844 9425
8.18448 9645
8.20053 9859
8.21539 10069
8.23127 10274
8.24681 10475
8.262 10672
8.27805 10866
8.2953 11056
8.31237 11243
8.32944 11427
8.34584 11608
8.36223 11786
8.38664 5040
8.43479 5451
8.4604 5831
8.48584 6186
8.49319 6521
8.51146 6838
8.51897 7141
8.53707 7431
8.54458 7710
8.56268 7978
8.58129 8237
8.59768 8488
8.61458 8732
8.63234 8969
8.64907 9200
8.66547 9425
8.68151 9645
8.69756 9859
8.71327 10069
8.72915 10274
8.74332 10475
8.76006 10672
8.77542 10866
8.79267 11056
8.80906 11243
8.82647 11427
8.84321 11608
8.85943 11786
8.88401 5040
8.94087 5451
8.95829 5831
8.9839 6186
8.99209 6521
9.00951 6838
9.02829 7141
9.03512 7431
9.05527 7710
9.07286 7978
9.08942 8237
9.10939 8488
9.12544 8732
9.14166 8969
9.15771 9200
9.17393 9425
9.18998 9645
9.20569 9859
9.22157 10069
9.23608 10274
9.25094 10475
9.26682 10672
9.28372 10866
9.30045 11056
9.31702 11243
9.3346 11427
9.35116 11608
9.36739 11786
9.39248 5040
9.44132 5451
9.46676 5831
9.4922 6186
9.49766 6521
9.51781 6838
9.52857 7141
9.54342 7431
9.55452 7710
9.5692 7978
9.58525 8237
9.60386 8488
9.62008 8732
9.63613 8969
9.65218 9200
9.6684 9425
9.68445 9645
9.7005 9859
9.71604 10069
9.73141 10274
9.74592 10475
9.76214 10672
9.7787 10866
9.79544 11056
9.81166 11243
9.82975 11427
9.84632 11608
9.86237 11786
9.88661 5040
9.93476 5451
9.96037 5831
9.98581 6186
9.99367 6521
10.0121 6838
10.028 7141
10.0377 7431
10.0539 7710
10.0633 7978
10.0796 8237
10.0973 8488
10.1151 8732
10.1311 8969
10.1472 9200
10.1634 9425
10.1794 9645
10.1955 9859
10.211 10069
10.2262 10274
10.2407 10475
10.2578 10672
10.273 10866
10.2901 11056
10.3078 11243
10.3242 11427
10.341 11608
10.3572 11786
10.3814 5040
10.4378 5451
10.455 5831
10.4806 6186
10.489 6521
10.5062 6838
10.526 7141
10.5318 7431
10.553 7710
10.5703 7978
10.5861 8237
10.6049 8488
10.621 8732
10.637 8969
10.6531 9200
10.6691 9425
10.6852 9645
10.7011 9859
10.7156 10069
10.7316 10274
10.746 10475
10.762 10672
10.7782 10866
10.7956 11056
10.8124 11243
10.8293 11427
10.8457 11608
10.8621 11786
10.886 5040
10.9345 5451
10.9602 5831
10.9857 6186
10.9927 6521
11.0113 6838
11.0239 7141
11.0436 7431
11.05 7710
11.0696 7978
11.0864 8237
11.1024 8488
11.12 8732
11.1361 8969
11.1521 9200
11.1682 9425
11.1842 9645
11.2003 9859
11.2163 10069
11.2324 10274
11.2486 10475
11.2638 10672
11.2805 10866
11.2942 11056
11.3109 11243
11.327 11427
11.343 11608
11.3611 11786
11.3864 5040
11.4424 5451
11.4598 5831
11.4856 6186
11.4907 6521
11.5112 6838
11.5166 7141
11.5368 7431
11.547 7710
11.5633 7978
11.5795 8237
11.596 8488
11.6131 8732
11.63 8969
11.6459 9200
11.6621 9425
11.6782 9645
11.6942 9859
11.7108 10069
11.7268 10274
11.7422 10475
11.7589 10672
11.7726 10866
11.7903 11056
11.8076 11243
11.8238 11427
11.8419 11608
11.858 11786
11.8824 5040
11.9384 5451
11.9561 5831
11.9817 6186
11.9894 6521
12.0074 6838
12.0164 7141
12.033 7431
12.0436 7710
12.0586 7978
12.077 8237
12.0943 8488
12.112 8732
12.1301 8969
12.1465 9200
12.1626 9425
12.1793 9645
12.1953 9859
12.2114 10069
12.2274 10274
12.2435 10475
12.2573 10672
12.2741 10866
12.2899 11056
12.307 11243
12.3237 11427
12.3401 11608
12.3572 11786
12.3815 5040
12.4373 5451
12.4554 5831
12.481 6186
12.488 6521
12.5066 6838
12.5138 7141
12.5322 7431
12.5455 7710
12.5578 7978
12.5747 8237
12.5925 8488
12.6106 8732
12.6273 8969
12.6434 9200
12.6604 9425
12.6767 9645
12.6927 9859
12.7086 10069
12.7224 10274
12.739 10475
12.753 10672
12.7704 10866
12.7871 11056
12.8035 11243
12.8211 11427
12.8378 11608
12.8544 11786
12.8788 5040
12.9275 5451
12.9531 5831
12.9787 6186
12.9842 6521
13.0043 6838
13.0137 7141
13.0299 7431
13.0395 7710
13.0564 7978
13.0733 8237
13.0895 8488
13.1069 8732
13.1242 8969
13.1402 9200
13.1565 9425
13.1725 9645
13.1886 9859
13.2044 10069
13.2198 10274
13.2357 10475
13.251 10672
13.2666 10866
13.2837 11056
13.3002 11243
13.3161 11427
13.3347 11608
13.3511 11786
13.3747 5040
13.424 5451
13.4496 5831
13.4752 6186
13.4814 6521
13.5008 6838
13.5073 7141
13.5265 7431
13.5329 7710
13.5521 7978
13.5686 8237
13.586 8488
13.6038 8732
13.6212 8969
13.6374 9200
13.6537 9425
13.6699 9645
13.6858 9859
13.7011 10069
13.7168 10274
13.7325 10475
13.7484 10672
13.7648 10866
13.7814 11056
13.7974 11243
13.8157 11427
13.8321 11608
13.8485 11786
13.8731 5040
13.9214 5451
13.947 5831
13.9724 6186
13.9789 6521
13.998 6838
14.0047 7141
14.025 7431
14.0385 7710
14.051 7978
14.0677 8237
14.0841 8488
14.102 8732
14.1196 8969
14.1362 9200
14.1522 9425
14.1688 9645
14.1847 9859
14.2007 10069
14.2161 10274
14.2325 10475
14.2472 10672
14.2632 10866
14.2796 11056
14.2975 11243
14.3143 11427
14.3312 11608
14.3475 11786
14.372 5040
14.4208 5451
14.4462 5831
14.4717 6186
14.4773 6521
14.4973 6838
14.5092 7141
14.5229 7431
14.5349 7710
14.5485 7978
14.5644 8237
14.5808 8488
14.5984 8732
14.616 8969
14.6317 9200
14.6479 9425
14.6639 9645
14.6796 9859
14.6957 10069
14.7112 10274
14.7266 10475
14.7409 10672
14.7578 10866
14.7744 11056
14.7903 11243
14.8067 11427
14.8249 11608
14.8415 11786
14.8661 5040
14.9148 5451
14.9402 5831
14.9656 6186
14.9702 6521
14.9912 6838
14.9962 7141
15.0169 7431
15.0298 7710
15.0425 7978
15.0594 8237
15.0763 8488
15.0925 8732
15.1104 8969
15.1265 9200
15.1427 9425
15.1587 9645
15.175 9859
15.1893 10069
15.2054 10274
15.2195 10475
15.2363 10672
15.2518 10866
15.2685 11056
15.2851 11243
15.3023 11427
15.3196 11608
15.3356 11786
15.3599 5040
15.4161 5451
15.4335 5831
15.4594 6186
15.4668 6521
15.485 6838
15.5031 7141
15.5106 7431
15.5291 7710
15.5458 7978
15.5629 8237
15.5812 8488
15.5969 8732
15.6133 8969
15.6293 9200
15.6454 9425
15.6614 9645
15.6775 9859
15.6933 10069
15.7082 10274
15.7246 10475
15.7391 10672
15.7558 10866
15.7726 11056
15.7888 11243
15.8074 11427
15.8236 11608
15.84 11786
15.8646 5040
15.9131 5451
15.939 5831
15.9645 6186
15.9711 6521
15.9904 6838
16.0058 7141
16.016 7431
16.0319 7710
16.0417 7978
16.0609 8237
16.0778 8488
16.0937 8732
16.1098 8969
16.1262 9200
16.1424 9425
16.1584 9645
16.1745 9859
16.1905 10069
16.2066 10274
16.2194 10475
16.2372 10672
16.253 10866
16.2691 11056
16.2851 11243
16.3031 11427
16.3196 11608
16.3357 11786
16.3599 5040
16.4161 5451
16.4335 5831
16.4595 6186
16.4683 6521
16.4863 6838
16.5054 7141
16.5119 7431
16.5313 7710
16.5506 7978
16.567 8237
16.5832 8488
16.5998 8732
16.6155 8969
16.6321 9200
16.6481 9425
16.6642 9645
16.6802 9859
16.6947 10069
16.7104 10274
16.7251 10475
16.741 10672
16.7571 10866
16.7745 11056
16.7912 11243
16.8085 11427
16.825 11608
16.8421 11786
16.8668 5040
16.915 5451
16.9406 5831
16.9662 6186
16.978 6521
16.9918 6838
17.0043 7141
17.0174 7431
17.0299 7710
17.0431 7978
17.0623 8237
17.0789 8488
17.0955 8732
17.1112 8969
17.1274 9200
17.1434 9425
17.1595 9645
17.175 9859
17.1904 10069
17.2058 10274
17.2213 10475
17.2375 10672
17.2539 10866
17.2707 11056
17.2881 11243
17.3046 11427
17.3203 11608
17.3369 11786
17.361 5040
17.417 5451
17.4346 5831
17.4602 6186
17.4682 6521
17.4868 6838
17.5049 7141
17.5124 7431
17.5307 7710
17.5491 7978
17.5655 8237
17.5828 8488
17.5995 8732
17.6164 8969
17.6331 9200
17.6492 9425
17.6659 9645
17.6821 9859
17.6967 10069
17.7113 10274
17.7284 10475
17.7446 10672
17.7609 10866
17.7766 11056
17.7948 11243
17.8119 11427
17.8283 11608
17.8447 11786
17.8693 5040
17.9178 5451
17.9432 5831
17.9686 6186
17.9739 6521
17.9943 6838
18.0074 7141
18.0199 7431
18.0332 7710
18.0455 7978
18.0622 8237
18.0798 8488
18.096 8732
18.1122 8969
18.1283 9200
18.1443 9425
18.1604 9645
18.1758 9859
18.1904 10069
18.2058 10274
18.2208 10475
18.2377 10672
18.255 10866
18.2714 11056
18.2893 11243
18.3055 11427
18.3221 11608
18.3386 11786
18.3631 5040
18.4112 5451
18.437 5831
18.4626 6186
18.4713 6521
18.4882 6838
18.5065 7141
18.5266 7431
18.5425 7710
18.5524 7978
18.5691 8237
18.5866 8488
18.6026 8732
18.6187 8969
18.6349 9200
18.6509 9425
18.667 9645
18.6823 9859
18.6984 10069
18.7136 10274
18.7303 10475
18.745 10672
18.7624 10866
18.7792 11056
18.7971 11243
18.814 11427
18.83 11608
18.8461 11786
18.8702 5040
18.9176 5451
18.9431 5831
18.9687 6186
18.9752 6521
18.9953 6838
19.011 7141
19.0209 7431
19.0368 7710
19.0465 7978
19.0648 8237
19.0819 8488
19.0986 8732
19.1148 8969
19.1316 9200
19.1483 9425
19.1644 9645
19.1804 9859
19.1958 10069
19.2116 10274
19.2243 10475
19.2419 10672
19.2581 10866
19.2741 11056
19.2917 11243
19.3091 11427
19.3259 11608
19.3419 11786
19.3665 5040
19.415 5451
19.4406 5831
19.4661 6186
19.4725 6521
19.4918 6838
19.5077 7141
19.5174 7431
19.5333 7710
19.5431 7978
19.56 8237
19.5772 8488
19.5943 8732
19.6103 8969
19.6266 9200
19.6428 9425
19.6588 9645
19.6747 9859
19.6901 10069
19.7046 10274
19.7213 10475
19.7368 10672
19.7536 10866
19.7701 11056
19.7877 11243
19.8048 11427
19.8219 11608
19.8379 11786
19.8627 5040
19.911 5451
19.9366 5831
19.9626 6186
19.9692 6521
19.9882 6838
20.0054 7141
20.0138 7431
20.0312 7710
20.0394 7978
20.0566 8237
20.0648 8488
20.0821 8732
20.0903 8969
20.1075 9200
20.1156 9425
20.1316 9645
20.1477 9859
20.1637 10069
20.1798 10274
20.1944 10475
20.2093 10672
20.226 10866
20.2412 11056
20.2583 11243
20.2757 11427
20.2931 11608
20.31 11786
20.3346 5040
20.3836 5451
20.4091 5831
20.4345 6186
20.4403 6521
20.4601 6838
20.4709 7141
20.4859 7431
20.4965 7710
20.5115 7978
20.5306 8237
20.5472 8488
20.5641 8732
20.5832 8969
20.5994 9200
20.6158 9425
20.6319 9645
20.6481 9859
20.6641 10069
20.68 10274
20.6962 10475
20.7104 10672
20.727 10866
20.7417 11056
20.7589 11243
20.7762 11427
20.7927 11608
20.8101 11786
20.8344 5040
20.8909 5451
20.9083 5831
20.9338 6186
20.9411 6521
20.9594 6838
20.974 7141
20.985 7431
20.9998 7710
21.0106 7978
21.0323 8237
21.0487 8488
21.0647 8732
21.0833 8969
21.0999 9200
21.1159 9425
21.133 9645
21.1491 9859
21.1651 10069
21.1806 10274
21.1962 10475
21.2107 10672
21.2271 10866
21.2421 11056
21.2594 11243
21.2771 11427
21.2935 11608
21.3107 11786
21.3352 5040
21.3835 5451
21.4089 5831
21.4344 6186
21.44 6521
21.4603 6838
21.4697 7141
21.4859 7431
21.4953 7710
21.5117 7978
21.5295 8237
21.5464 8488
21.5628 8732
21.5815 8969
21.5973 9200
21.6135 9425
21.6295 9645
21.6456 9859
21.6616 10069
21.6775 10274
21.6936 10475
21.7081 10672
21.7248 10866
21.7386 11056
21.7566 11243
21.7735 11427
21.7899 11608
21.8071 11786
21.8313 5040
21.8879 5451
21.9053 5831
21.9309 6186
21.9386 6521
21.9565 6838
21.9642 7141
21.9821 7431
21.9968 7710
