1 0.112626
1.12222 0.109797
1.19313 0.111948
1.26444 0.115704
1.33576 0.118991
1.35408 0.115367
1.40747 0.109946
1.44452 0.107453
1.47918 0.103021
1.51663 0.0991438
1.55448 0.100501
1.59671 0.102563
1.63097 0.103993
1.67041 0.105494
1.70587 0.105932
1.74252 0.10669
1.77838 0.106854
1.81463 0.107122
1.85049 0.107232
1.88834 0.107578
1.92539 0.108006
1.96284 0.108505
1.99989 0.108817
2.03814 0.113965
2.07598 0.118469
2.27717 0.113786
2.33813 0.115187
2.40904 0.117289
2.48036 0.120378
2.50028 0.116706
2.55207 0.111117
2.57199 0.106103
2.62418 0.10184
2.66601 0.100985
2.70266 0.104737
2.74171 0.10627
2.77836 0.106986
2.81701 0.107988
2.85087 0.108114
2.89151 0.108725
2.92497 0.108509
2.96202 0.108946
2.99389 0.108077
3.03174 0.107943
3.066 0.10745
3.10345 0.107769
3.1409 0.107923
3.17875 0.112807
3.2158 0.117331
3.42018 0.111915
3.48512 0.114176
3.54926 0.116029
3.62058 0.1184
3.6385 0.114725
3.69229 0.109384
3.73133 0.107336
3.764 0.102794
3.80304 0.098945
3.84089 0.100202
3.87914 0.102177
3.91579 0.103405
3.95483 0.104729
3.99188 0.105638
4.02615 0.106308
4.04607 0.10452
4.06399 0.100455
4.09786 0.0967728
4.11778 0.0935512
4.13571 0.0908573
4.16957 0.0885002
4.18949 0.0864376
4.22296 0.0887579
4.25881 0.0930382
4.29507 0.0971584
4.33291 0.102889
4.36996 0.108403
4.61299 0.105977
4.67713 0.10848
4.67793 0.103045
4.74446 0.0985394
4.74526 0.094722
4.81617 0.0918817
4.83251 0.0912715
4.88788 0.0887376
4.92972 0.0917704
4.9592 0.0961741
5.00103 0.0984023
5.03051 0.098727
5.07234 0.100511
5.09147 0.0991973
5.12931 0.0991726
5.16756 0.098651
5.20182 0.10007
5.23489 0.100686
5.27154 0.1011
5.30302 0.101213
5.33768 0.101436
5.36955 0.105632
5.40301 0.108928
5.43648 0.111937
5.47194 0.114695
5.51058 0.117983
5.54923 0.121485
5.58747 0.125174
5.8779 0.124778
5.94284 0.12393
5.94444 0.116814
6.01495 0.111212
6.04085 0.109311
6.08667 0.104647
6.11256 0.100566
6.15838 0.0969953
6.20419 0.0996209
6.24164 0.103293
6.27909 0.105507
6.31654 0.106318
6.35399 0.107028
6.39184 0.10765
6.42531 0.107819
6.46315 0.108091
6.49662 0.107705
6.53208 0.107617
6.56674 0.10704
6.60259 0.10691
6.63646 0.106546
6.67391 0.110853
6.71056 0.114996
6.74681 0.118622
6.97071 0.114919
7.03685 0.115304
7.10019 0.117141
7.1719 0.119373
7.18306 0.114827
7.24362 0.109473
7.28186 0.108039
7.31573 0.103534
7.35357 0.0995925
7.39501 0.101393
7.43246 0.103344
7.46991 0.104926
7.50736 0.10581
7.5452 0.106709
7.58265 0.107496
7.61134 0.107059
7.65357 0.107176
7.68225 0.106279
7.7209 0.106619
7.75158 0.105542
7.79142 0.105974
7.82488 0.105727
7.86512 0.110636
7.90018 0.115432
8.12288 0.111753
8.18942 0.112534
8.25555 0.115092
8.32726 0.117956
8.34917 0.114961
8.39897 0.109466
8.42089 0.104658
8.47069 0.100576
8.51013 0.0992536
8.55594 0.103722
8.59339 0.106132
8.63084 0.107865
8.66829 0.108507
8.70773 0.109194
8.7396 0.109169
8.75793 0.106648
8.77944 0.102317
8.81132 0.0985276
8.82964 0.0952116
8.85116 0.0923102
8.88303 0.0897714
8.90135 0.08755
8.94159 0.0906062
8.97147 0.0942805
9.01171 0.0984954
9.04996 0.104683
9.08621 0.109723
9.12605 0.115383
9.4125 0.11596
9.48501 0.11684
9.49298 0.112235
9.55672 0.107081
9.59019 0.105945
9.62843 0.101702
9.66349 0.0981145
9.70014 0.0948502
9.73799 0.0966189
9.77943 0.0990415
9.81688 0.101161
9.85472 0.103141
9.89217 0.104374
9.93042 0.105577
9.9599 0.105505
10.0001 0.105817
10.0316 0.105215
10.0703 0.105938
10.1013 0.105321
10.1408 0.10578
10.1722 0.105308
10.2113 0.109769
10.2467 0.114173
10.285 0.117902
10.3209 0.121664
10.5591 0.117456
10.6296 0.118774
10.6308 0.112802
10.7017 0.107702
10.726 0.106239
10.7734 0.101959
10.7985 0.0982144
10.8451 0.0949376
10.881 0.0964454
10.9204 0.0996397
10.9599 0.101435
10.9973 0.10338
11.027 0.103833
11.0531 0.102604
11.0906 0.106153
11.1255 0.108884
11.1532 0.107774
11.1823 0.105802
11.1994 0.101827
11.2257 0.0980983
11.2584 0.095336
11.2942 0.095294
11.3217 0.0986323
11.348 0.101678
11.3763 0.103718
11.4026 0.104254
11.4297 0.104722
11.4584 0.105382
11.4847 0.105709
11.5106 0.105995
11.5388 0.106371
11.5651 0.10645
11.5922 0.106643
11.6193 0.106938
11.6456 0.106946
11.6731 0.107077
11.7002 0.107193
11.7273 0.107294
11.7544 0.110757
11.7807 0.113787
11.8078 0.116314
11.9878 0.1109
11.9958 0.104162
12.0487 0.098767
12.057 0.0941711
12.1099 0.0900247
12.1194 0.0865216
12.1736 0.0902064
12.1816 0.0879306
12.2302 0.0908143
12.2382 0.0875875
12.2931 0.0906391
12.2939 0.0871842
12.3031 0.0844112
12.3649 0.0827348
12.3756 0.0826429
12.3892 0.0830625
12.4366 0.0816797
12.4657 0.0827198
12.4927 0.0852548
12.5206 0.0909729
12.5513 0.0939763
12.5788 0.0963543
12.6067 0.09856
12.6338 0.100365
12.6609 0.101444
12.6888 0.102514
12.7158 0.103325
12.7421 0.104034
12.7692 0.104655
12.7963 0.105073
12.823 0.105439
12.8501 0.105759
12.8764 0.105914
12.9035 0.10605
12.9306 0.106169
12.9573 0.106273
12.9844 0.109738
13.0115 0.112896
13.0386 0.115659
13.205 0.108952
13.2149 0.102333
13.2615 0.0966662
13.2713 0.0917079
13.3227 0.0878694
13.3331 0.0846357
13.3853 0.0883063
13.3941 0.086268
13.4415 0.0889845
13.4502 0.0859864
13.5048 0.0889881
13.5056 0.0858646
13.5168 0.0833815
13.5765 0.0819588
13.5893 0.082214
13.6072 0.0833122
13.6482 0.0818982
13.6785 0.0827859
13.7084 0.0850627
13.7399 0.0909299
13.7686 0.0945636
13.7964 0.0974932
13.8235 0.0996815
13.8522 0.101346
13.8793 0.102553
13.9076 0.103609
13.9347 0.104533
13.961 0.104966
13.9873 0.105345
14.0148 0.105552
14.0411 0.105733
14.0677 0.105892
14.0948 0.10603
14.1211 0.106151
14.149 0.106382
14.1757 0.106585
14.202 0.110137
14.2299 0.113244
14.2558 0.115839
14.425 0.109734
14.4325 0.103517
14.4814 0.0977026
14.4926 0.0929898
14.5436 0.0891161
14.5563 0.0859766
14.6041 0.0892295
14.6153 0.0870758
14.6607 0.0891913
14.6719 0.0864174
14.7264 0.0894902
14.7272 0.086679
14.742 0.0845941
14.7981 0.0830198
14.8177 0.0838923
14.8388 0.0855308
14.8699 0.0837145
14.9017 0.0837501
14.9308 0.0847814
14.9611 0.0895587
14.9886 0.0932389
15.0173 0.096084
15.0444 0.0983235
15.0722 0.0999081
15.1009 0.10142
15.128 0.102617
15.1543 0.10354
15.181 0.104222
15.2081 0.104695
15.2344 0.104858
15.2619 0.105126
15.2882 0.10536
15.3145 0.10544
15.3424 0.10576
15.3691 0.10604
15.3961 0.106285
15.4232 0.109874
15.4491 0.113015
15.4754 0.115513
15.637 0.109074
15.641 0.10269
15.6927 0.0967285
15.6999 0.0918875
15.7564 0.0884015
15.7636 0.0853513
15.8154 0.0891824
15.8226 0.0862846
15.8724 0.089124
15.8795 0.0859835
15.9389 0.0897356
15.9397 0.0868936
15.95 0.0849069
16.0106 0.0832936
16.0281 0.0840069
16.0469 0.085506
16.0823 0.0838178
16.1142 0.0840905
16.1429 0.0855792
16.17 0.0902568
16.1983 0.0934747
16.2285 0.0960404
16.2556 0.0981603
16.2827 0.100015
16.3098 0.101388
16.3369 0.102215
16.364 0.102938
16.3907 0.103571
16.4174 0.104124
16.4449 0.104609
16.4712 0.105033
16.4982 0.105404
16.5249 0.105603
16.5512 0.105778
16.5783 0.105931
16.6058 0.106064
16.6329 0.109556
16.6584 0.112612
16.6839 0.115035
16.8435 0.108406
16.8495 0.102105
16.8996 0.096342
16.9075 0.0915492
16.9637 0.0881056
16.9725 0.0852174
17.0227 0.0889402
17.0306 0.0861977
17.0796 0.088798
17.0876 0.0858232
17.147 0.0895953
17.1478 0.0868959
17.1585 0.0849089
17.2187 0.0832953
17.237 0.0841334
17.2573 0.0859917
17.2904 0.0842427
17.3087 0.0825874
17.329 0.081264
17.3617 0.084106
17.38 0.0848427
17.4004 0.0857374
17.433 0.0880202
17.4513 0.0882677
17.4717 0.0886092
17.5043 0.0905331
17.5191 0.0899664
17.5462 0.0905956
17.5733 0.0920212
17.5996 0.0923935
17.6262 0.0942193
17.6537 0.0958169
17.68 0.0972148
17.7071 0.098563
17.7346 0.0997426
17.7609 0.10065
17.7888 0.104944
17.8151 0.108701
17.8406 0.111738
18.0153 0.106521
18.0293 0.100331
18.0718 0.0947893
18.0845 0.0898157
18.13 0.0858387
18.1419 0.0822339
18.1969 0.0859546
18.2072 0.0849603
18.2539 0.0883403
18.2642 0.0857977
18.3136 0.088323
18.3144 0.0849076
18.328 0.0821692
18.3857 0.080898
18.3977 0.0811608
18.4116 0.0815157
18.4574 0.0803262
18.4833 0.0810354
18.516 0.084031
18.5451 0.0902771
18.5722 0.0933675
18.6017 0.0964466
18.6291 0.0985157
18.6566 0.100076
18.6853 0.101692
18.7108 0.102605
18.7391 0.10353
18.7662 0.104338
18.7929 0.104671
18.8196 0.105212
18.8471 0.105561
18.8734 0.105741
18.9001 0.106023
18.9271 0.10627
18.9534 0.106236
18.9805 0.106332
19.008 0.109915
19.0339 0.112801
19.0606 0.115326
19.2334 0.10941
19.2469 0.102734
19.2886 0.0967671
19.3046 0.0919212
19.3452 0.0875561
19.3639 0.0839865
19.4117 0.0868632
19.4277 0.0862553
19.4687 0.0885984
19.4846 0.0866486
19.5309 0.0886925
19.5317 0.085481
19.552 0.0831708
19.6026 0.0817745
19.6185 0.0824277
19.6316 0.0821242
19.6743 0.0808587
19.6906 0.0797514
19.7221 0.0811574
19.7512 0.0860128
19.7795 0.0883862
19.8065 0.0918379
19.8336 0.0942332
19.8635 0.096454
19.8886 0.0980223
19.9165 0.0995195
19.944 0.10083
19.9707 0.101601
19.997 0.102401
20.0241 0.103101
20.0512 0.103713
20.0775 0.104124
20.1053 0.104733
20.132 0.105142
20.1591 0.105499
20.1862 0.105937
20.2121 0.10957
20.238 0.112498
20.2655 0.115061
20.4359 0.108803
20.4494 0.102328
20.4937 0.096787
20.5047 0.0915636
20.5541 0.0877432
20.5668 0.0845253
20.6202 0.0884596
20.6314 0.0870272
20.6776 0.0900238
20.6887 0.0872708
20.7397 0.0898619
20.7405 0.0865042
20.7541 0.0839412
20.8114 0.0824485
20.8214 0.0822675
20.8341 0.081984
20.8832 0.080736
20.909 0.081644
20.9481 0.0856885
20.974 0.0923525
21.0043 0.0959334
21.0322 0.0993167
21.0584 0.100652
21.0895 0.102571
21.1134 0.103374
21.1421 0.104203
21.1692 0.105052
21.1959 0.105171
21.2222 0.105649
21.2497 0.105818
21.276 0.105841
21.3027 0.105986
21.3298 0.106113
21.3561 0.106223
21.3831 0.106446
21.4094 0.106515
21.4349 0.109701
21.4624 0.112613
21.4883 0.115036
21.6591 0.108907
21.6707 0.102418
21.7143 0.0964911
21.7259 0.0913047
21.7765 0.0876416
21.788 0.0845614
21.841 0.0884913
21.8506 0.0866799
21.8984 0.0895949
21.9084 0.0867705
21.9621 0.0899242
21.9629 0.0866837
21.9745 0.0840982
