1 9956
1.00173 10164
1.01422 10368
1.0267 10568
1.03905 10764
1.05167 10956
1.06973 4320
1.09722 4800
1.11568 5232
1.13414 5628
1.15193 5996
1.16973 6341
1.17637 6668
1.18765 6978
1.2008 7275
1.21421 7560
1.2263 7834
1.23878 8098
1.251 8354
1.26348 8602
1.27623 8843
1.28872 9077
1.3012 9305
1.31368 9527
1.32617 9744
1.33838 9956
1.35087 10164
1.36322 10368
1.37543 10568
1.38778 10764
1.40053 10956
1.41873 4320
1.44608 4800
1.46335 5232
1.47955 5628
1.49734 5996
1.51514 6341
1.52178 6668
1.53307 6978
1.53971 7275
1.551 7560
1.55764 7834
1.56919 8098
1.58114 8354
1.59309 8602
1.60491 8843
1.617 9077
1.62895 9305
1.6409 9527
1.65285 9744
1.66481 9956
1.67676 10164
1.68871 10368
1.70066 10568
1.71261 10764
1.7239 10956
1.7417 4320
1.77051 4800
1.78857 5232
1.80637 5628
1.82417 5996
1.84223 6341
1.84966 6668
1.86015 6978
1.8741 7275
1.88738 7560
1.8992 7834
1.91102 8098
1.9227 8354
1.93439 8602
1.94608 8843
1.95776 9077
1.96945 9305
1.98127 9527
1.99322 9744
2.00504 9956
2.01699 10164
2.02881 10368
2.04023 10568
2.05205 10764
2.06374 10956
2.07542 11145
2.08724 11331
2.09919 11514
2.11101 11694
2.12257 11871
2.13452 12045
2.14528 12217
2.16108 5040
2.19361 5451
2.21154 5831
2.2296 6186
2.23531 6521
2.24753 6838
2.26055 7141
2.27223 7431
2.28392 7710
2.296 7978
2.30769 8237
2.31898 8488
2.3304 8732
2.34209 8969
2.35311 9200
2.36519 9425
2.37807 9645
2.39003 9859
2.40185 10069
2.41406 10274
2.42641 10475
2.43876 10672
2.45085 10866
2.46373 11056
2.48206 4320
2.51871 4800
2.53066 5232
2.54846 5628
2.56625 5996
2.58405 6341
2.59201 6668
2.60197 6978
2.61565 7275
2.62867 7560
2.64075 7834
2.65257 8098
2.66479 8354
2.67701 8602
2.68909 8843
2.70144 9077
2.71366 9305
2.72588 9527
2.73783 9744
2.74991 9956
2.76266 10164
2.77422 10368
2.78697 10568
2.79958 10764
2.81153 10956
2.82933 4320
2.85815 4800
2.87634 5232
2.89427 5628
2.9122 5996
2.93012 6341
2.93769 6668
2.94805 6978
2.96266 7275
2.977 7560
2.98935 7834
3.0021 8098
3.01432 8354
3.02707 8602
3.03995 8843
3.05243 9077
3.06478 9305
3.0774 9527
3.08962 9744
3.10223 9956
3.11365 10164
3.12627 10368
3.13862 10568
3.15044 10764
3.16345 10956
3.18151 4320
3.20621 4800
3.22414 5232
3.24194 5628
3.25973 5996
3.27753 6341
3.2839 6668
3.29546 6978
3.30887 7275
3.32202 7560
3.33477 7834
3.34725 8098
3.35973 8354
3.37221 8602
3.3847 8843
3.39718 9077
3.40966 9305
3.42201 9527
3.4345 9744
3.44565 9956
3.458 10164
3.46929 10368
3.48231 10568
3.49452 10764
3.50714 10956
3.51896 11145
3.53157 11331
3.54339 11514
3.55535 11694
3.57314 5040
3.61763 5451
3.63011 5831
3.64791 6186
3.65388 6521
3.66584 6838
3.67845 7141
3.6924 7431
3.70501 7710
3.71882 7978
3.73131 8237
3.74366 8488
3.75601 8732
3.76822 8969
3.78057 9200
3.79239 9425
3.80461 9645
3.81656 9859
3.82852 10069
3.8406 10274
3.85269 10475
3.8653 10672
3.87725 10866
3.89545 4320
3.92559 4800
3.94418 5232
3.96304 5628
3.98084 5996
3.99863 6341
4.00567 6668
4.01656 6978
4.02944 7275
4.04432 7560
4.0576 7834
4.07008 8098
4.08256 8354
4.09505 8602
4.10753 8843
4.12001 9077
4.13249 9305
4.14485 9527
4.15733 9744
4.16981 9956
4.18123 10164
4.19385 10368
4.20553 10568
4.21722 10764
4.22997 10956
4.24113 11145
4.25374 11331
4.26649 11514
4.27791 11694
4.29093 11871
4.30394 12045
4.32094 5040
4.36277 5451
4.37565 5831
4.39424 6186
4.40049 6521
4.4123 6838
4.42519 7141
4.43767 7431
4.45042 7710
4.4629 7978
4.47538 8237
4.48787 8488
4.50009 8732
4.51204 8969
4.52399 9200
4.53621 9425
4.54749 9645
4.55838 9859
4.57073 10069
4.58242 10274
4.5949 10475
4.60752 10672
4.61947 10866
4.63142 11056
4.64285 11243
4.6552 11427
4.66848 11608
4.68547 5040
4.72917 5451
4.74138 5831
4.76011 6186
4.76701 6521
4.77804 6838
4.78574 7141
4.79596 7431
4.80367 7710
4.81389 7978
4.82651 8237
4.83899 8488
4.85121 8732
4.86382 8969
4.87591 9200
4.88839 9425
4.89955 9645
4.9115 9859
4.92372 10069
4.93514 10274
4.94749 10475
4.9605 10672
4.97086 10866
4.98308 11056
4.99516 11243
5.00778 11427
5.02186 11608
5.03062 11786
5.04908 5040
5.09423 5451
5.10618 5831
5.12398 6186
5.13062 6521
5.14191 6838
5.15439 7141
5.16741 7431
5.18029 7710
5.19277 7978
5.20512 8237
5.21747 8488
5.22969 8732
5.24098 8969
5.252 9200
5.26448 9425
5.27537 9645
5.28772 9859
5.3006 10069
5.31335 10274
5.32398 10475
5.33898 10672
5.35253 10866
5.36209 11056
5.37471 11243
5.384 11427
5.40605 4320
5.44389 4800
5.45598 5232
5.47377 5628
5.49157 5996
5.50937 6341
5.51561 6668
5.52729 6978
5.54004 7275
5.55253 7560
5.56448 7834
5.57656 8098
5.58798 8354
5.60047 8602
5.61149 8843
5.62371 9077
5.63685 9305
5.64934 9527
5.66182 9744
5.67404 9956
5.68798 10164
5.69635 10368
5.70976 10568
5.72251 10764
5.733 10956
5.74734 11145
5.76248 11331
5.77497 11514
5.78878 11694
5.80126 11871
5.81374 12045
5.83167 5040
5.86819 5451
5.88599 5831
5.90378 6186
5.91016 6521
5.92184 6838
5.92808 7141
5.93977 7431
5.94601 7710
5.9577 7978
5.96819 8237
5.98227 8488
5.99422 8732
6.00431 8969
6.01586 9200
6.02808 9425
6.04017 9645
6.05132 9859
6.06381 10069
6.07669 10274
6.0893 10475
6.10272 10672
6.1152 10866
6.12728 11056
6.14017 11243
6.15265 11427
6.17137 4320
6.20258 4800
6.22038 5232
6.23817 5628
6.2561 5996
6.27389 6341
6.27934 6668
6.29196 6978
6.30404 7275
6.31838 7560
6.33259 7834
6.34547 8098
6.35743 8354
6.36964 8602
6.38239 8843
6.39461 9077
6.40776 9305
6.42024 9527
6.43352 9744
6.44481 9956
6.45729 10164
6.47031 10368
6.4808 10568
6.49434 10764
6.50749 10956
6.51851 11145
6.53126 11331
6.54361 11514
6.55503 11694
6.56791 11871
6.58664 5040
6.6306 5451
6.64334 5831
6.66194 6186
6.66778 6521
6.68 6838
6.6865 7141
6.69793 7431
6.70895 7710
6.72302 7978
6.73551 8237
6.74879 8488
6.76193 8732
6.77429 8969
6.78557 9200
6.79779 9425
6.81027 9645
6.82209 9859
6.83497 10069
6.84679 10274
6.86007 10475
6.87083 10672
6.88331 10866
6.90191 4320
6.93272 4800
6.95091 5232
6.9687 5628
6.9865 5996
7.00429 6341
7.00987 6668
7.02222 6978
7.03338 7275
7.04015 7560
7.05131 7834
7.06419 8098
7.07534 8354
7.08862 8602
7.10336 8843
7.11545 9077
7.12806 9305
7.14055 9527
7.15303 9744
7.16419 9956
7.17707 10164
7.19075 10368
7.2031 10568
7.21505 10764
7.22753 10956
7.24519 4320
7.27468 4800
7.29274 5232
7.31053 5628
7.32833 5996
7.34612 6341
7.35236 6668
7.36405 6978
7.37627 7275
7.38902 7560
7.4015 7834
7.41412 8098
7.42633 8354
7.43855 8602
7.44971 8843
7.46285 9077
7.47494 9305
7.48769 9527
7.49924 9744
7.51186 9956
7.52487 10164
7.53815 10368
7.54891 10568
7.56205 10764
7.57387 10956
7.59034 4320
7.62235 4800
7.64134 5232
7.65913 5628
7.67693 5996
7.69472 6341
7.70096 6668
7.71265 6978
7.7254 7275
7.73788 7560
7.75037 7834
7.76285 8098
7.77533 8354
7.78768 8602
7.79844 8843
7.81105 9077
7.82327 9305
7.83496 9527
7.8485 9744
7.86059 9956
7.87294 10164
7.88449 10368
7.89671 10568
7.90933 10764
7.92022 10956
7.9331 11145
7.94545 11331
7.95767 11514
7.97081 11694
7.98303 11871
8.00149 5040
8.04518 5451
8.0578 5831
8.07573 6186
8.0821 6521
8.09365 6838
8.10534 7141
8.11889 7431
8.12991 7710
8.13734 7978
8.14837 8237
8.16005 8488
8.17161 8732
8.18409 8969
8.19578 9200
8.20839 9425
8.22114 9645
8.23203 9859
8.24584 10069
8.25766 10274
8.27054 10475
8.2821 10672
8.29471 10866
8.3141 4320
8.34557 4800
8.36377 5232
8.38156 5628
8.39936 5996
8.41715 6341
8.42366 6668
8.43508 6978
8.44757 7275
8.45992 7560
8.4724 7834
8.48409 8098
8.49617 8354
8.50839 8602
8.52087 8843
8.53349 9077
8.54624 9305
8.55872 9527
8.5716 9744
8.58236 9956
8.59617 10164
8.60799 10368
8.61941 10568
8.63242 10764
8.64424 10956
8.66469 4320
8.69524 4800
8.71303 5232
8.73083 5628
8.74862 5996
8.76642 6341
8.77239 6668
8.78435 6978
8.79736 7275
8.81024 7560
8.82219 7834
8.83415 8098
8.84583 8354
8.85832 8602
8.86854 8843
8.88102 9077
8.89351 9305
8.9044 9527
8.91622 9744
8.92817 9956
8.94105 10164
8.95167 10368
8.96535 10568
8.97757 10764
8.98979 10956
9.00293 11145
9.01542 11331
9.02803 11514
9.04052 11694
9.05924 5040
9.10253 5451
9.11475 5831
9.13268 6186
9.13826 6521
9.15061 6838
9.16203 7141
9.17451 7431
9.18766 7710
9.19921 7978
9.21209 8237
9.22378 8488
9.23587 8732
9.24822 8969
9.2599 9200
9.27292 9425
9.2854 9645
9.29709 9859
9.3105 10069
9.32298 10274
9.3352 10475
9.34768 10672
9.3611 10866
9.38062 4320
9.41129 4800
9.42909 5232
9.44689 5628
9.46468 5996
9.48248 6341
9.48819 6668
9.5004 6978
9.51196 7275
9.5255 7560
9.53785 7834
9.55087 8098
9.56322 8354
9.57597 8602
9.58792 8843
9.6 9077
9.61262 9305
9.6251 9527
9.63759 9744
9.6502 9956
9.66282 10164
9.67371 10368
9.68646 10568
9.69721 10764
9.70943 10956
9.72869 4320
9.76029 4800
9.77809 5232
9.79588 5628
9.81368 5996
9.83147 6341
9.83785 6668
9.8494 6978
9.86215 7275
9.87397 7560
9.88659 7834
9.89854 8098
9.91062 8354
9.92417 8602
9.93692 8843
9.9494 9077
9.96215 9305
9.97423 9527
9.98619 9744
9.99893 9956
10.0098 10164
10.0207 10368
10.0331 10568
10.0454 10764
10.0572 10956
10.071 11145
10.0842 11331
10.0968 11514
10.1093 11694
10.1219 11871
10.1345 12045
10.1532 5040
10.1906 5451
10.2084 5831
10.2262 6186
10.2311 6521
10.2441 6838
10.2571 7141
10.2689 7431
10.2821 7710
10.2955 7978
10.3077 8237
10.3203 8488
10.332 8732
10.3447 8969
10.3574 9200
10.37 9425
10.3825 9645
10.3949 9859
10.4073 10069
10.4179 10274
10.4305 10475
10.4424 10672
10.4555 10866
10.4745 4320
10.5068 4800
10.5246 5232
10.5424 5628
10.5601 5996
10.5779 6341
10.5839 6668
10.5959 6978
10.6078 7275
10.6138 7560
10.6258 7834
10.637 8098
10.6499 8354
10.6621 8602
10.6756 8843
10.6875 9077
10.7003 9305
10.7129 9527
10.7251 9744
10.7368 9956
10.7493 10164
10.7621 10368
10.7746 10568
10.7871 10764
10.7999 10956
10.8183 4320
10.849 4800
10.8668 5232
10.8846 5628
10.9024 5996
10.9202 6341
10.9265 6668
10.9381 6978
10.9504 7275
10.9627 7560
10.975 7834
10.9875 8098
11.0001 8354
11.0127 8602
11.023 8843
11.0321 9077
11.0443 9305
11.0562 9527
11.0686 9744
11.0809 9956
11.0936 10164
11.1054 10368
11.1164 10568
11.1281 10764
11.1399 10956
11.1511 11145
11.1627 11331
11.174 11514
11.1857 11694
11.1973 11871
11.2084 12045
11.2196 12217
11.2355 5040
11.2695 5451
11.2873 5831
11.3051 6186
11.3106 6521
11.323 6838
11.3341 7141
11.341 7431
11.352 7710
11.3589 7978
11.3703 8237
11.3809 8488
11.3912 8732
11.4031 8969
11.4136 9200
11.425 9425
11.4372 9645
11.4495 9859
11.4615 10069
11.4738 10274
11.4848 10475
11.4969 10672
11.5082 10866
11.5194 11056
11.5313 11243
11.5428 11427
11.5542 11608
11.5658 11786
11.5772 11961
11.5885 12134
11.5991 12304
11.6163 5040
11.652 5451
11.6714 5831
11.6892 6186
11.6949 6521
11.7071 6838
11.7189 7141
11.725 7431
11.7368 7710
11.7429 7978
11.7546 8237
11.7659 8488
11.7767 8732
11.7869 8969
11.7974 9200
11.8083 9425
11.8197 9645
11.8329 9859
11.8448 10069
11.8562 10274
11.8686 10475
11.88 10672
11.8917 10866
11.9028 11056
11.9143 11243
11.9315 4320
11.9639 4800
11.9767 5232
11.9945 5628
12.0123 5996
12.0301 6341
12.0367 6668
12.048 6978
12.0546 7275
12.0659 7560
12.0726 7834
12.0842 8098
12.0957 8354
12.1068 8602
12.1189 8843
12.1307 9077
12.1419 9305
12.1533 9527
12.1638 9744
12.1755 9956
12.1833 10164
12.1969 10368
12.2087 10568
12.2204 10764
12.2343 10956
12.2455 11145
12.257 11331
12.2682 11514
12.2796 11694
12.291 11871
12.3024 12045
12.3198 5040
12.3536 5451
12.3714 5831
12.3892 6186
12.3949 6521
12.4071 6838
12.4206 7141
12.4323 7431
12.4387 7710
12.4502 7978
12.4613 8237
12.4724 8488
12.4842 8732
12.4958 8969
12.5072 9200
12.5188 9425
12.5306 9645
12.5413 9859
12.5516 10069
12.5619 10274
12.5727 10475
12.5856 10672
12.5982 10866
12.6096 11056
12.6216 11243
12.6332 11427
12.6448 11608
12.6567 11786
12.6678 11961
12.6797 12134
12.6911 12304
12.7087 5040
12.7416 5451
12.7594 5831
12.7772 6186
12.7829 6521
12.7951 6838
12.8075 7141
12.819 7431
12.8254 7710
12.837 7978
12.8486 8237
12.8595 8488
12.8716 8732
12.883 8969
12.8947 9200
12.9057 9425
12.9165 9645
12.9278 9859
12.9383 10069
12.951 10274
12.9632 10475
12.9752 10672
12.9866 10866
12.9991 11056
13.0113 11243
13.0229 11427
13.0342 11608
13.0458 11786
13.0577 11961
13.0692 12134
13.0808 12304
13.0976 5040
13.1303 5451
13.1484 5831
13.1662 6186
13.1724 6521
13.1841 6838
13.1903 7141
13.202 7431
13.2083 7710
13.2199 7978
13.231 8237
13.2429 8488
13.2542 8732
13.2658 8969
13.2769 9200
13.2886 9425
13.2992 9645
13.3095 9859
13.3205 10069
13.3319 10274
13.3431 10475
13.3559 10672
13.3686 10866
13.3808 11056
13.3926 11243
13.4045 11427
13.4158 11608
13.4275 11786
13.4393 11961
13.4565 5040
13.495 5451
13.5073 5831
13.5251 6186
13.5322 6521
13.5431 6838
13.5501 7141
13.561 7431
13.568 7710
13.5789 7978
13.5901 8237
13.6017 8488
13.613 8732
13.6246 8969
13.636 9200
13.6477 9425
13.6589 9645
13.6704 9859
13.6806 10069
13.6925 10274
13.7012 10475
13.714 10672
13.7259 10866
13.7375 11056
13.7509 11243
13.7627 11427
13.7744 11608
13.7863 11786
13.798 11961
13.8097 12134
13.8271 5040
13.8654 5451
13.8782 5831
13.896 6186
13.9003 6521
13.914 6838
13.9262 7141
13.9379 7431
13.9442 7710
13.9559 7978
13.9677 8237
13.9792 8488
13.991 8732
14.0029 8969
14.0144 9200
14.0258 9425
14.0372 9645
14.0477 9859
14.0592 10069
14.0687 10274
14.0792 10475
14.091 10672
14.1019 10866
14.1137 11056
14.1271 11243
14.1391 11427
14.1507 11608
14.1628 11786
14.1746 11961
14.1862 12134
14.2039 5040
14.2429 5451
14.2555 5831
14.2733 6186
14.2785 6521
14.2912 6838
14.3027 7141
14.3092 7431
14.3206 7710
14.3271 7978
14.3389 8237
14.3503 8488
14.3618 8732
14.3732 8969
14.3846 9200
14.396 9425
14.4074 9645
14.4187 9859
14.4284 10069
14.4395 10274
14.4485 10475
14.4582 10672
14.4695 10866
14.4829 11056
14.4936 11243
14.5059 11427
14.5186 11608
14.5303 11786
14.5421 11961
14.5537 12134
14.5708 5040
14.61 5451
14.6227 5831
14.6405 6186
14.6462 6521
14.6584 6838
14.6709 7141
14.6831 7431
14.6951 7710
14.7072 7978
14.719 8237
14.7307 8488
14.7421 8732
14.7538 8969
14.7653 9200
14.7768 9425
14.7882 9645
14.7996 9859
14.8101 10069
14.821 10274
14.8307 10475
14.8413 10672
14.8537 10866
14.8655 11056
14.8773 11243
14.8902 11427
14.9017 11608
14.9137 11786
14.9254 11961
14.9373 12134
14.9547 5040
14.994 5451
15.0064 5831
15.0242 6186
15.0296 6521
15.0421 6838
15.0548 7141
15.0668 7431
15.079 7710
15.0908 7978
15.1025 8237
15.1139 8488
15.1259 8732
15.1373 8969
15.1486 9200
15.16 9425
15.1714 9645
15.1829 9859
15.194 10069
15.204 10274
15.2147 10475
15.2263 10672
15.2374 10866
15.2507 11056
15.2632 11243
15.2752 11427
15.2868 11608
15.2989 11786
15.3109 11961
15.3224 12134
15.3398 5040
15.3794 5451
15.3915 5831
15.4093 6186
15.4153 6521
15.4272 6838
15.4396 7141
15.4518 7431
15.4635 7710
15.4756 7978
15.4872 8237
15.4987 8488
15.5105 8732
15.522 8969
15.5335 9200
15.5449 9425
15.5562 9645
15.5661 9859
15.5769 10069
15.586 10274
15.5981 10475
15.6089 10672
15.6211 10866
15.6331 11056
15.6454 11243
15.6576 11427
15.6692 11608
15.6809 11786
15.6926 11961
15.7042 12134
15.7212 5040
15.7603 5451
15.7726 5831
15.7904 6186
15.7971 6521
15.8084 6838
15.8208 7141
15.8339 7431
15.8454 7710
15.8518 7978
15.8633 8237
15.8749 8488
15.8863 8732
15.8977 8969
15.9091 9200
15.9207 9425
15.9321 9645
15.9434 9859
15.9542 10069
15.9633 10274
15.9749 10475
15.985 10672
15.9981 10866
16.0106 11056
16.0228 11243
16.0348 11427
16.0463 11608
16.0578 11786
16.0692 11961
16.0807 12134
16.0977 5040
16.1368 5451
16.1498 5831
16.1676 6186
16.1733 6521
16.1855 6838
16.1981 7141
16.2103 7431
16.2222 7710
16.2338 7978
16.2459 8237
16.2574 8488
16.2688 8732
16.2803 8969
16.2917 9200
16.303 9425
16.3137 9645
16.3249 9859
16.3334 10069
16.3443 10274
16.3554 10475
16.3665 10672
16.3794 10866
16.392 11056
16.404 11243
16.4156 11427
16.4276 11608
16.439 11786
16.4507 11961
16.4623 12134
16.4794 5040
16.5192 5451
16.5312 5831
16.5491 6186
16.5556 6521
16.567 6838
16.5787 7141
16.5919 7431
16.6033 7710
16.6099 7978
16.6216 8237
16.633 8488
16.6445 8732
16.6559 8969
16.6673 9200
16.6787 9425
16.6896 9645
16.6997 9859
16.7102 10069
16.7202 10274
16.7317 10475
16.7415 10672
16.7552 10866
16.7674 11056
16.7793 11243
16.7915 11427
16.8028 11608
16.8144 11786
16.8256 11961
16.8372 12134
16.8543 5040
16.8943 5451
16.9065 5831
16.9243 6186
16.9308 6521
16.9422 6838
16.9548 7141
16.9669 7431
16.973 7710
16.9851 7978
16.9972 8237
17.0086 8488
17.02 8732
17.0314 8969
17.0429 9200
17.0543 9425
17.0657 9645
17.0766 9859
17.0876 10069
17.0955 10274
17.1074 10475
17.1191 10672
17.131 10866
17.1425 11056
17.1552 11243
17.1676 11427
17.1791 11608
17.1903 11786
17.202 11961
17.2131 12134
17.2248 12304
17.2419 5040
17.2759 5451
17.2941 5831
17.3119 6186
17.3175 6521
17.3298 6838
17.3421 7141
17.3478 7431
17.36 7710
17.3717 7978
17.3835 8237
17.3952 8488
17.4069 8732
17.4183 8969
17.4298 9200
17.4413 9425
17.4519 9645
17.4617 9859
17.4711 10069
17.4822 10274
17.492 10475
17.503 10672
17.5156 10866
17.5272 11056
17.5398 11243
17.5516 11427
17.5633 11608
17.5753 11786
17.5865 11961
17.598 12134
17.6152 5040
17.6539 5451
17.6666 5831
17.6844 6186
17.6893 6521
17.7023 6838
17.715 7141
17.7268 7431
17.7386 7710
17.7503 7978
17.7622 8237
17.7737 8488
17.7851 8732
17.7965 8969
17.8079 9200
17.8193 9425
17.8306 9645
17.8419 9859
17.8528 10069
17.8616 10274
17.8737 10475
17.8842 10672
17.8968 10866
17.9094 11056
17.9215 11243
17.9334 11427
17.9448 11608
17.9563 11786
17.9679 11961
17.9794 12134
17.9965 5040
18.0354 5451
18.0484 5831
18.0662 6186
18.0719 6521
18.0841 6838
18.0968 7141
18.109 7431
18.1147 7710
18.1269 7978
18.1389 8237
18.1501 8488
18.1621 8732
18.1735 8969
18.1849 9200
18.1964 9425
18.2078 9645
18.2184 9859
18.2297 10069
18.2381 10274
18.2503 10475
18.2602 10672
18.2734 10866
18.286 11056
18.298 11243
18.3098 11427
18.3215 11608
18.3331 11786
18.3446 11961
18.3561 12134
18.3733 5040
18.4116 5451
18.4239 5831
18.442 6186
18.4482 6521
18.46 6838
18.4739 7141
18.4856 7431
18.4977 7710
18.5096 7978
18.5216 8237
18.5333 8488
18.5447 8732
18.5564 8969
18.5678 9200
18.5792 9425
18.5902 9645
18.6014 9859
18.6119 10069
18.6215 10274
18.6327 10475
18.6431 10672
18.6561 10866
18.6685 11056
18.6806 11243
18.6925 11427
18.7043 11608
18.716 11786
18.7281 11961
18.7396 12134
18.7568 5040
18.7944 5451
18.8066 5831
18.8244 6186
18.8305 6521
18.8423 6838
18.854 7141
18.8674 7431
18.8788 7710
18.8853 7978
18.8971 8237
18.9083 8488
18.92 8732
18.9314 8969
18.9428 9200
18.9541 9425
18.9651 9645
18.976 9859
18.9856 10069
18.9957 10274
19.0074 10475
19.0172 10672
19.0302 10866
19.0435 11056
19.0549 11243
19.0669 11427
19.0784 11608
19.0906 11786
19.1021 11961
19.1136 12134
19.1307 5040
19.1703 5451
19.1828 5831
19.2009 6186
19.2062 6521
19.2188 6838
19.2244 7141
19.2367 7431
19.2483 7710
19.2547 7978
19.2664 8237
19.2725 8488
19.2842 8732
19.2903 8969
