1 8880
1.05188 3600
1.26941 4176
1.32618 4672
1.40745 5115
1.43793 5520
1.51801 5895
1.59809 6246
1.62199 6577
1.67876 6892
1.7439 7192
1.79888 7480
1.85505 7757
1.90705 8024
1.96382 8282
2.01939 8532
2.07318 8775
2.12875 9011
2.18493 9241
2.23991 9465
2.32417 3600
2.46401 4176
2.53871 4672
2.60205 5115
2.68213 5520
2.76161 5895
2.84169 6246
2.85484 6577
2.92237 6892
2.99288 7192
3.04906 7480
3.10882 7757
3.16619 8024
3.22176 8282
3.27614 8532
3.33053 8775
3.38431 9011
3.43989 9241
3.49367 9465
3.57674 3600
3.71777 4176
3.78709 4672
3.85283 5115
3.93291 5520
4.00462 5895
4.08589 6246
4.11517 6577
4.16657 6892
4.2341 7192
4.29027 7480
4.35362 7757
4.41278 8024
4.46895 8282
4.52274 8532
4.57532 8775
4.6309 9011
4.68469 9241
4.73787 9465
4.81974 3600
4.95719 4176
5.02771 4672
5.1036 5115
5.18368 5520
5.25539 5895
5.33547 6246
5.36296 6577
5.41615 6892
5.48308 7192
5.54403 7480
5.6014 7757
5.65997 8024
5.71614 8282
5.76933 8532
5.8249 8775
5.8763 9011
5.93187 9241
5.98566 9465
6.03884 9684
6.12072 3600
6.22709 4176
6.28685 4672
6.36872 5115
6.4488 5520
6.5217 5895
6.60178 6246
6.63525 6577
6.68246 6892
6.75059 7192
6.80795 7480
6.87369 7757
6.92987 8024
6.98604 8282
7.03923 8532
7.09241 8775
7.1462 9011
7.19998 9241
7.25257 9465
7.30755 9684
7.38942 3600
7.494 4176
7.56121 4672
7.64248 5115
7.72256 5520
7.79367 5895
7.87435 6246
7.90901 6577
7.95503 6892
7.98969 7192
8.0357 7480
8.07036 7757
8.11638 8024
8.17255 8282
8.22873 8532
8.28371 8775
8.33689 9011
8.38888 9241
8.44207 9465
8.49645 9684
8.54904 9898
8.60342 10107
8.68888 4320
8.82931 4800
8.90342 5232
8.98409 5628
9.05879 5996
9.13887 6341
9.14246 6668
9.21955 6978
9.29006 7275
9.34624 7560
9.4048 7834
9.46157 8098
9.51775 8354
9.57392 8602
9.62412 8843
9.6797 9077
9.73408 9305
9.78547 9527
9.86615 3600
10.0054 4176
10.0807 4672
10.1518 5115
10.2319 5520
10.306 5895
10.3861 6246
10.4255 6577
10.4667 6892
10.5462 7192
10.6024 7480
10.6723 7757
10.7285 8024
10.7847 8282
10.839 8532
10.8922 8775
10.9448 9011
10.9992 9241
11.056 9465
11.1087 9684
11.1933 3600
11.2937 4176
11.3535 4672
11.4335 5115
11.513 5520
11.5823 5895
11.6624 6246
11.6881 6577
11.7431 6892
11.8034 7192
11.862 7480
11.9194 7757
11.9774 8024
12.0335 8282
12.0873 8532
12.1423 8775
12.1967 9011
12.2481 9241
12.306 9465
12.3867 3600
12.5236 4176
12.5923 4672
12.673 5115
12.75 5520
12.8236 5895
12.9036 6246
12.9377 6577
12.9843 6892
13.0506 7192
13.1104 7480
13.1702 7757
13.2263 8024
13.2825 8282
13.3357 8532
13.3919 8775
13.4421 9011
13.4982 9241
13.552 9465
13.6058 9684
13.6877 3600
13.7982 4176
13.8589 4672
13.9401 5115
14.0214 5520
14.0961 5895
14.1774 6246
14.215 6577
14.2581 6892
14.2969 7192
14.3387 7480
14.3776 7757
14.4194 8024
14.4786 8282
14.5342 8532
14.5885 8775
14.6423 9011
14.6943 9241
14.7493 9465
14.8306 3600
14.965 4176
15.0409 4672
15.1061 5115
15.1891 5520
15.265 5895
15.3385 6246
15.3397 6577
15.4192 6892
15.4933 7192
15.5495 7480
15.6188 7757
15.6815 8024
15.7377 8282
15.7939 8532
15.8477 8775
15.9039 9011
15.9547 9241
16.012 9465
16.0921 3600
16.2301 4176
16.3031 4672
16.3742 5115
16.4542 5520
16.5307 5895
16.6084 6246
16.6096 6577
16.6891 6892
16.7584 7192
16.8307 7480
16.8869 7757
16.9503 8024
17.0064 8282
17.0596 8532
17.114 8775
17.166 9011
17.221 9241
17.2736 9465
17.3261 9684
17.3805 9898
17.4361 10107
17.5204 4320
17.6351 4800
17.7152 5232
17.7953 5628
17.8706 5996
17.9512 6341
17.9668 6668
18.0319 6978
18.0911 7275
18.1598 7560
18.2178 7834
18.2781 8098
18.3343 8354
18.3893 8602
18.4401 8843
18.495 9077
18.5512 9305
18.6038 9527
18.6833 3600
18.8183 4176
18.8889 4672
18.9713 5115
19.0508 5520
19.1225 5895
19.2026 6246
19.2403 6577
19.2833 6892
19.3209 7192
19.364 7480
19.4016 7757
19.4446 8024
19.505 8282
19.5612 8532
19.6167 8775
19.6699 9011
19.7249 9241
19.7781 9465
19.8313 9684
19.9155 3600
20.0261 4176
20.108 4672
20.1737 5115
20.2538 5520
20.3291 5895
20.405 6246
20.4062 6577
20.4856 6892
20.5532 7192
20.6123 7480
20.6727 7757
20.7337 8024
20.791 8282
20.8472 8532
20.901 8775
20.956 9011
21.0109 9241
21.0623 9465
21.1436 3600
21.284 4176
21.3647 4672
21.4424 5115
21.5165 5520
21.5966 5895
21.6725 6246
21.6737 6577
21.7538 6892
21.7902 7192
21.8344 7480
21.8709 7757
21.9151 8024
21.982 8282
