1 7920
1.3133 8181
1.43043 8434
1.59895 2880
1.76748 3600
1.85712 4176
1.94676 4672
2.0364 5115
2.17146 5520
2.30173 5895
2.41408 6246
2.52404 6577
2.63519 6892
2.74276 7192
2.85152 7480
2.9579 7757
3.06427 8024
3.22562 2880
3.39056 3600
3.4802 4176
3.56984 4672
3.65948 5115
3.81246 5520
3.9284 5895
4.04314 6246
4.15549 6577
4.26903 6892
4.38496 7192
4.49731 7480
4.61086 7757
4.7232 8024
4.89173 2880
5.06025 3600
5.14989 4176
5.24431 4672
5.33395 5115
5.46662 5520
5.58016 5895
5.69251 6246
5.80606 6577
5.91601 6892
6.03314 7192
6.14669 7480
6.25904 7757
6.37138 8024
6.53991 2880
6.70843 3600
6.79807 4176
6.88771 4672
6.97735 5115
7.11838 5520
7.23073 5895
7.34667 6246
7.45902 6577
7.57256 6892
7.68491 7192
7.80323 7480
7.91558 7757
8.02793 8024
8.19645 2880
8.36498 3600
8.45462 4176
8.54426 4672
8.6339 5115
8.76656 5520
8.8813 5895
8.99365 6246
9.10839 6577
9.22074 6892
9.33548 7192
9.44902 7480
9.56376 7757
9.67611 8024
9.84463 2880
10.0132 3600
10.1028 4176
10.1924 4672
10.2821 5115
10.4159 5520
10.5283 5895
10.6418 6246
10.7482 6577
10.8689 6892
10.9789 7192
11.0948 7480
11.193 7757
11.2649 8024
11.3378 8282
11.4131 8532
11.4801 8775
11.5542 9011
11.6306 9241
11.7071 9465
11.8195 3600
11.9689 4176
12.0406 4672
12.1302 5115
12.2282 5520
12.3179 5895
12.4063 6246
12.4637 6577
12.5521 6892
12.6406 7192
12.7171 7480
12.7936 7757
12.8617 8024
12.9358 8282
13.0123 8532
13.0876 8775
13.1629 9011
13.2346 9241
13.3087 9465
13.4199 3600
13.5609 4176
13.6422 4672
13.7318 5115
13.8203 5520
13.9123 5895
14.0007 6246
14.0545 6577
14.1382 6892
14.2266 7192
14.3043 7480
14.376 7757
14.4489 8024
14.5242 8282
14.5935 8532
14.6688 8775
14.7465 9011
14.8206 9241
14.8959 9465
15.0095 3600
15.1469 4176
15.2378 4672
15.3274 5115
15.4158 5520
15.5043 5895
15.5927 6246
15.6346 6577
15.6824 6892
15.766 7192
15.8401 7480
15.9154 7757
15.986 8024
16.0565 8282
16.1318 8532
16.2011 8775
16.2788 9011
16.3553 9241
16.427 9465
16.5381 3600
16.684 4176
16.7604 4672
16.8501 5115
16.9397 5520
17.0306 5895
17.119 6246
17.1692 6577
17.2576 6892
17.3461 7192
17.4274 7480
17.5015 7757
17.5708 8024
17.6425 8282
17.7178 8532
17.7955 8775
17.8684 9011
17.9425 9241
18.0142 9465
18.1254 3600
18.2652 4176
18.3572 4672
18.4469 5115
18.5353 5520
18.6238 5895
18.7122 6246
18.7648 6577
18.8461 6892
18.9309 7192
19.0134 7480
19.0863 7757
19.1544 8024
19.2261 8282
19.3062 8532
19.3803 8775
19.4544 9011
19.5309 9241
19.6086 9465
19.721 3600
19.8429 4176
19.9361 4672
20.0257 5115
20.1142 5520
20.2026 5895
20.2911 6246
20.3317 6577
20.3807 6892
20.4608 7192
20.5313 7480
20.6018 7757
20.6771 8024
20.7524 8282
20.8229 8532
20.8958 8775
20.9735 9011
21.0524 9241
21.1301 9465
21.2436 3600
21.3703 4176
21.4659 4672
21.5556 5115
21.644 5520
21.7325 5895
21.8209 6246
21.8627 6577
21.9106 6892
21.9942 7192
