1 0.00216101
1.0002 0.00201588
1.0002 0.0018889
1.00118 0.00177778
1.00118 0.00168056
1.00167 0.00159549
1.00214 0.00152105
1.0031 0.00145592
1.00408 0.00139893
1.00456 0.00134906
1.00503 0.00130543
1.00504 0.00126725
1.00601 0.00123384
1.00602 0.00120461
1.00747 0.00117904
1.00747 0.00115666
1.00796 0.00113707
1.00931 0.00111994
1.00979 0.00110495
1.01028 0.00109183
1.01077 0.00108035
1.01126 0.0010703
1.01127 0.00106152
1.01223 0.00105383
1.01224 0.0010471
1.01272 0.00104121
1.01321 0.00103606
1.01322 0.00103155
1.01368 0.00102761
1.01513 0.00102415
1.01559 0.00102113
1.01605 0.00101849
1.0165 0.00101618
1.01747 0.00101416
1.01748 0.00101239
1.01841 0.00101084
1.01841 0.00100948
1.01887 0.0010083
1.01937 0.00100726
1.02032 0.00100635
1.02122 0.00100556
1.02171 0.00100486
1.0222 0.00100425
1.02268 0.00100372
1.02416 0.00100326
1.02513 0.00100285
1.0256 0.00100249
1.02609 0.00100218
1.02658 0.00100191
1.02707 0.00100167
1.02844 0.00100146
1.02941 0.00100128
1.0299 0.00100112
1.03035 0.00100098
1.0308 0.00100085
1.03125 0.00100075
1.03125 0.00100065
1.03223 0.00100057
1.03223 0.0010005
1.03271 0.00100044
1.03318 0.00100038
1.03319 0.00100033
1.03319 0.00100029
1.03417 0.00100025
1.03417 0.00100022
1.03417 0.00100019
1.03464 0.00100017
1.03508 0.00100015
1.03508 0.00100013
1.03509 0.00100011
1.03552 0.0010001
1.03647 0.00100008
1.03648 0.00100007
1.03648 0.00100006
1.03649 0.00100006
1.03696 0.00100005
1.03745 0.00100004
1.03941 0.00100004
1.03941 0.00100003
1.04038 0.00100003
1.04038 0.00100002
1.04087 0.00100002
1.04135 0.00100002
1.04231 0.00100001
1.04469 0.00100001
1.04518 0.00100001
1.04615 0.00100001
1.04663 0.00100001
1.04713 0.00100001
1.05148 0.001
1.05241 0.001
1.05284 0.001
1.05331 0.001
1.0538 0.001
1.05429 0.001
1.28412 0.026
1.28607 0.022875
1.48656 0.0450156
1.48851 0.0395137
1.48948 0.0346995
1.48997 0.030487
1.49046 0.0268011
1.49094 0.023576
1.49142 0.020754
1.49143 0.0182848
1.49241 0.0161242
1.49241 0.0142336
1.4929 0.0125794
1.49339 0.011132
1.49339 0.0098655
1.49339 0.00875731
1.49431 0.00778765
1.49431 0.00693919
1.49431 0.00619679
1.4948 0.00554719
1.49529 0.00497879
1.49626 0.00448144
1.49672 0.00404626
1.4972 0.00366548
1.49769 0.00333229
1.49818 0.00304076
1.50001 0.00278566
1.50148 0.00256245
1.5039 0.00236715
1.5044 0.00219625
1.50532 0.00204672
1.50577 0.00191588
1.50624 0.00180139
1.50625 0.00170122
1.50821 0.00161357
1.50918 0.00153687
1.50966 0.00146976
1.51015 0.00141104
1.51063 0.00135966
1.51113 0.0013147
1.51306 0.00127536
1.51402 0.00124094
1.51451 0.00121083
1.51538 0.00118447
1.51538 0.00116141
1.51627 0.00114123
1.51627 0.00112358
1.51676 0.00110813
1.51725 0.00109461
1.51725 0.00108279
1.51773 0.00107244
1.5192 0.00106338
1.52109 0.00105546
1.52207 0.00104853
1.52255 0.00104246
1.52303 0.00103715
1.52351 0.00103251
1.52401 0.00102845
1.52541 0.00102489
1.52637 0.00102178
1.52686 0.00101905
1.52735 0.00101667
1.52781 0.00101459
1.52831 0.00101276
1.53024 0.00101117
1.53267 0.00100977
1.53316 0.00100855
1.53412 0.00100748
1.53461 0.00100654
1.5351 0.00100573
1.53557 0.00100501
1.53702 0.00100438
1.53843 0.00100384
1.53888 0.00100336
1.53933 0.00100293
1.53933 0.00100257
1.54031 0.00100225
1.54031 0.00100197
1.54128 0.00100172
1.54129 0.0010015
1.54177 0.00100132
1.54226 0.00100115
1.54325 0.00100101
1.74374 0.0258759
1.74653 0.0227664
1.747 0.0200456
1.74847 0.0176649
1.7504 0.0155818
1.75137 0.0137591
1.75186 0.0121642
1.75235 0.0107687
1.75235 0.00954757
1.75332 0.00847913
1.75332 0.00754423
1.7543 0.0067262
1.7543 0.00601043
1.75478 0.00538412
1.75527 0.00483611
1.75527 0.00435659
1.75527 0.00393702
1.75624 0.00356989
1.75625 0.00324865
1.75625 0.00296757
1.75672 0.00272163
1.7572 0.00250642
1.7572 0.00231812
1.7572 0.00215335
1.75721 0.00200918
1.75818 0.00188303
1.75818 0.00177265
1.75819 0.00167607
1.75819 0.00159156
1.75866 0.00151762
1.75915 0.00145291
1.75915 0.0013963
1.75915 0.00134676
1.75916 0.00130342
1.75964 0.00126549
1.76111 0.0012323
1.76111 0.00120326
1.76208 0.00117786
1.76208 0.00115562
1.76257 0.00113617
1.76305 0.00111915
1.76305 0.00110425
1.76305 0.00109122
1.76402 0.00107982
1.76402 0.00106984
1.76403 0.00106111
1.76451 0.00105347
1.765 0.00104679
1.765 0.00104094
1.76549 0.00103582
1.76549 0.00103134
1.76646 0.00102742
1.76647 0.001024
1.76647 0.001021
1.76647 0.00101837
1.76696 0.00101607
1.76744 0.00101406
1.76744 0.00101231
1.76745 0.00101077
1.76745 0.00100942
1.76745 0.00100824
1.76842 0.00100721
1.76843 0.00100631
1.76843 0.00100552
1.76843 0.00100483
1.76844 0.00100423
1.7694 0.0010037
1.7694 0.00100323
1.7694 0.00100283
1.76941 0.00100248
1.76941 0.00100216
1.76989 0.00100189
1.77037 0.00100166
1.77037 0.00100145
1.77038 0.00100127
1.77038 0.00100111
1.77038 0.00100097
1.77039 0.00100085
1.77133 0.00100074
1.77134 0.00100065
1.77134 0.00100057
1.77134 0.0010005
1.77135 0.00100043
1.77135 0.00100038
1.77183 0.00100033
1.77328 0.00100029
1.77377 0.00100025
1.77427 0.00100022
1.77571 0.00100019
1.7762 0.00100017
1.77669 0.00100015
1.77718 0.00100013
1.77718 0.00100011
1.77815 0.0010001
1.77815 0.00100008
1.78007 0.00100007
1.78104 0.00100006
1.78152 0.00100006
1.78201 0.00100005
1.78201 0.00100004
1.78347 0.00100004
1.78347 0.00100003
1.78396 0.00100003
1.78444 0.00100002
1.78444 0.00100002
1.78444 0.00100002
1.78541 0.00100001
1.78542 0.00100001
1.78542 0.00100001
1.7859 0.00100001
1.7864 0.00100001
1.78783 0.00100001
1.78832 0.001
1.7888 0.001
1.7893 0.001
1.78979 0.001
1.79127 0.001
1.79223 0.001
2.00873 0.025875
2.01163 0.0227656
2.01213 0.0200449
2.0131 0.0176643
2.01359 0.0155813
2.01408 0.0137586
2.01408 0.0121638
2.01544 0.0107683
2.01544 0.00954727
2.01591 0.00847886
2.0164 0.007544
2.0164 0.006726
2.01689 0.00601025
2.0183 0.00538397
2.02022 0.00483597
2.0212 0.00435648
2.02165 0.00393692
2.02213 0.0035698
2.02262 0.00324858
2.02311 0.0029675
2.02311 0.00272157
2.02409 0.00250637
2.02409 0.00231807
2.02458 0.00215331
2.02506 0.00200915
2.02507 0.001883
2.02507 0.00177263
2.02604 0.00167605
2.02604 0.00159154
2.02605 0.0015176
2.02652 0.0014529
2.02702 0.00139629
2.02848 0.00134675
2.02897 0.00130341
2.02942 0.00126548
2.02943 0.0012323
2.03039 0.00120326
2.0304 0.00117785
2.03088 0.00115562
2.03138 0.00113616
2.0328 0.00111914
2.03325 0.00110425
2.03421 0.00109122
2.03471 0.00107982
2.03516 0.00106984
2.03517 0.00106111
2.03612 0.00105347
2.03612 0.00104679
2.03709 0.00104094
2.03709 0.00103582
2.03753 0.00103134
2.03841 0.00102742
2.03841 0.00102399
2.03841 0.001021
2.0389 0.00101837
2.03939 0.00101607
2.03939 0.00101406
2.03939 0.00101231
2.03987 0.00101077
2.04036 0.00100942
2.04036 0.00100824
2.04036 0.00100721
2.04037 0.00100631
2.04231 0.00100552
2.04231 0.00100483
2.04423 0.00100423
2.04516 0.0010037
2.04565 0.00100323
2.04614 0.00100283
2.04661 0.00100248
2.04708 0.00100216
2.04708 0.00100189
2.04805 0.00100166
2.04805 0.00100145
2.04854 0.00100127
2.04902 0.00100111
2.04902 0.00100097
2.04903 0.00100085
2.05035 0.00100074
2.05035 0.00100065
2.05036 0.00100057
2.05084 0.0010005
2.05133 0.00100043
2.05133 0.00100038
2.05133 0.00100033
2.05134 0.00100029
2.05225 0.00100025
2.05226 0.00100022
2.05226 0.00100019
2.05226 0.00100017
2.05274 0.00100015
2.05323 0.00100013
2.05512 0.00100011
2.05513 0.0010001
2.0561 0.00100008
2.0561 0.00100007
2.05659 0.00100006
2.05707 0.00100006
2.05708 0.00100005
2.05708 0.00100004
2.05805 0.00100004
2.059 0.00100003
2.05946 0.00100003
2.06044 0.00100002
2.06092 0.00100002
2.06238 0.00100002
2.06328 0.00100001
2.0637 0.00100001
2.06419 0.00100001
2.06468 0.00100001
2.06517 0.00100001
2.06518 0.00100001
2.06611 0.001
2.06612 0.001
2.06658 0.001
2.06707 0.001
2.06947 0.001
2.07136 0.001
2.28663 0.025875
2.28849 0.0227656
2.28947 0.0200449
2.2914 0.0176643
2.49189 0.0404563
2.49383 0.0355242
2.49432 0.0312087
2.49528 0.0274326
2.49578 0.0241285
2.49627 0.0212375
2.49675 0.0187078
2.49812 0.0164943
2.4991 0.0145575
2.49957 0.0128628
2.50003 0.01138
2.50046 0.0100825
2.50142 0.00894717
2.50142 0.00795377
2.50236 0.00708455
2.50236 0.00632398
2.50279 0.00565848
2.50326 0.00507617
2.50326 0.00456665
2.50326 0.00412082
2.50516 0.00373072
2.50563 0.00338938
2.50613 0.0030907
2.50806 0.00282937
2.51046 0.0026007
2.51143 0.00240061
2.51189 0.00222553
2.51235 0.00207234
2.51285 0.0019383
2.51523 0.00182101
2.51621 0.00171838
2.51666 0.00162858
2.51707 0.00155001
2.51752 0.00148126
2.51848 0.0014211
2.51848 0.00136846
2.51945 0.00132241
2.51945 0.0012821
2.51994 0.00124684
2.52043 0.00121598
2.52226 0.00118899
2.52323 0.00116536
2.5237 0.00114469
2.52418 0.0011266
2.52419 0.00111078
2.52517 0.00109693
2.52517 0.00108481
2.52611 0.00107421
2.52612 0.00106493
2.52659 0.00105682
2.52708 0.00104971
2.52708 0.0010435
2.52708 0.00103806
2.52801 0.0010333
2.52801 0.00102914
2.52802 0.0010255
2.52849 0.00102231
2.53039 0.00101952
2.53085 0.00101708
2.53134 0.00101494
2.53135 0.00101308
2.53232 0.00101144
2.53232 0.00101001
2.53277 0.00100876
2.5332 0.00100766
2.53321 0.00100671
2.53321 0.00100587
2.53417 0.00100513
2.53417 0.00100449
2.53418 0.00100393
2.53512 0.00100344
2.53512 0.00100301
2.53512 0.00100263
2.53556 0.0010023
2.53603 0.00100201
2.53603 0.00100176
2.53604 0.00100154
2.53604 0.00100135
2.53701 0.00100118
2.53702 0.00100103
2.53702 0.0010009
2.53702 0.00100079
2.53746 0.00100069
2.53827 0.0010006
2.53827 0.00100053
2.53828 0.00100046
2.53828 0.0010004
2.53828 0.00100035
2.53919 0.00100031
2.53919 0.00100027
2.5392 0.00100023
2.5392 0.00100021
2.5392 0.00100018
2.53968 0.00100016
2.54114 0.00100014
2.54249 0.00100012
2.54339 0.0010001
2.54389 0.00100009
2.54438 0.00100008
2.54678 0.00100007
2.54727 0.00100006
2.54823 0.00100005
2.54868 0.00100004
2.54915 0.00100004
2.54915 0.00100003
2.55012 0.00100003
2.55013 0.00100002
2.55104 0.00100002
2.55104 0.00100002
2.55148 0.00100001
2.55247 0.00100001
2.55247 0.00100001
2.55247 0.00100001
2.55439 0.00100001
2.55488 0.00100001
2.55537 0.001
2.55538 0.001
2.55625 0.001
2.55626 0.001
2.55673 0.001
2.55722 0.001
4.0185 0.025875
4.02036 0.0227656
4.02134 0.0200449
4.02325 0.0176643
4.02421 0.0155813
4.02465 0.0137586
4.02509 0.0121638
4.02556 0.0107683
4.02605 0.00954727
4.02606 0.00847886
4.02748 0.007544
4.02748 0.006726
4.02797 0.00601025
4.02846 0.00538397
4.02939 0.00483597
4.03036 0.00435648
4.03085 0.00393692
4.03134 0.0035698
4.03134 0.00324858
4.03226 0.0029675
4.03226 0.00272157
4.03324 0.00250637
4.03324 0.00231807
4.0337 0.00215331
4.03416 0.00200915
4.03416 0.001883
4.03416 0.00177263
4.03512 0.00167605
4.03512 0.00159154
4.03513 0.0015176
4.03559 0.0014529
4.03605 0.00139629
4.03605 0.00134675
4.03606 0.00130341
4.03606 0.00126548
4.03748 0.0012323
4.03748 0.00120326
4.03748 0.00117785
4.03749 0.00115562
4.03796 0.00113616
4.0384 0.00111914
4.0384 0.00110425
4.0384 0.00109122
4.03841 0.00107982
4.03841 0.00106984
4.03928 0.00106111
4.03928 0.00105347
4.03928 0.00104679
4.03929 0.00104094
4.03929 0.00103582
4.03977 0.00103134
4.04026 0.00102742
4.04164 0.00102399
4.04212 0.001021
4.04212 0.00101837
4.04212 0.00101607
4.04308 0.00101406
4.04309 0.00101231
4.04309 0.00101077
4.04445 0.00100942
4.04588 0.00100824
4.04632 0.00100721
4.04633 0.00100631
4.04824 0.00100552
4.04917 0.00100483
4.04966 0.00100423
4.05014 0.0010037
4.05058 0.00100323
4.05103 0.00100283
4.05103 0.00100248
4.05248 0.00100216
4.05248 0.00100189
4.05294 0.00100166
4.05341 0.00100145
4.05341 0.00100127
4.05341 0.00100111
4.05438 0.00100097
4.05439 0.00100085
4.05439 0.00100074
4.05487 0.00100065
4.05535 0.00100057
4.05535 0.0010005
4.05535 0.00100043
4.05536 0.00100038
4.05632 0.00100033
4.05632 0.00100029
4.05633 0.00100025
4.05633 0.00100022
4.05679 0.00100019
4.05728 0.00100017
4.05728 0.00100015
4.05729 0.00100013
4.05729 0.00100011
4.05774 0.0010001
4.05822 0.00100008
4.05823 0.00100007
4.05823 0.00100006
4.05823 0.00100006
4.05824 0.00100005
4.05919 0.00100004
4.0592 0.00100004
4.0592 0.00100003
4.0592 0.00100003
4.05921 0.00100002
4.05966 0.00100002
4.06014 0.00100002
4.06015 0.00100001
4.06015 0.00100001
4.06016 0.00100001
4.06016 0.00100001
4.06016 0.00100001
4.06111 0.00100001
4.06111 0.001
4.06112 0.001
4.06112 0.001
4.06113 0.001
4.06113 0.001
4.0616 0.001
4.40937 0.026
4.41217 0.022875
4.41315 0.0201406
4.41364 0.017748
4.41409 0.0156545
4.41454 0.0138227
4.41502 0.0122199
4.41503 0.0108174
4.416 0.00959022
4.416 0.00851644
4.41647 0.00757689
4.41738 0.00675478
4.41739 0.00603543
4.41739 0.005406
4.41837 0.00485525
4.41837 0.00437334
4.41837 0.00395167
4.41881 0.00358271
4.41922 0.00325987
4.41922 0.00297739
4.41923 0.00273021
4.41923 0.00251394
4.42014 0.00232469
4.42014 0.00215911
4.42015 0.00201422
4.42015 0.00188744
4.42063 0.00177651
4.42113 0.00167945
4.4221 0.00159451
4.4221 0.0015202
4.42306 0.00145517
4.42306 0.00139828
4.42353 0.00134849
4.42403 0.00130493
4.42636 0.00126681
4.42685 0.00123346
4.42734 0.00120428
4.42781 0.00117874
4.42828 0.0011564
4.42829 0.00113685
4.42927 0.00111974
4.43067 0.00110477
4.63116 0.0260917
4.63305 0.0229552
4.63443 0.0202108
4.63491 0.0178095
4.63536 0.0157083
4.63536 0.0138697
4.63631 0.012261
4.63631 0.0108534
4.63727 0.00962172
4.63727 0.00854401
4.63772 0.00760101
4.63822 0.00677588
4.63918 0.00605389
4.64011 0.00542216
4.64061 0.00486939
4.64204 0.00438571
4.64342 0.0039625
4.64387 0.00359218
4.64436 0.00326816
4.64437 0.00298464
4.64629 0.00273656
4.64726 0.00251949
4.64772 0.00232955
4.64818 0.00216336
4.64868 0.00201794
4.65145 0.00189069
4.65238 0.00177936
4.65286 0.00168194
4.65335 0.00159669
4.65759 0.00152211
4.85808 0.0264568
4.86049 0.0232747
4.86139 0.0204904
4.86181 0.0180541
4.86226 0.0159223
4.86227 0.014057
4.86325 0.0124249
4.86325 0.0109968
4.86418 0.0097472
4.86418 0.0086538
4.86467 0.00769707
4.86515 0.00685994
4.866 0.00612744
4.86735 0.00548651
4.86784 0.0049257
4.86833 0.00443498
4.87021 0.00400561
4.87114 0.00362991
4.87158 0.00330117
4.87207 0.00301352
4.87208 0.00276183
4.87305 0.0025416
4.87305 0.0023489
4.87401 0.00218029
4.87402 0.00203275
4.8745 0.00190366
4.87548 0.0017907
4.87548 0.00169186
4.87549 0.00160538
4.87595 0.00152971
4.87642 0.00146349
4.87643 0.00140555
4.87643 0.00135486
4.87691 0.0013105
4.87834 0.00127169
4.87882 0.00123773
4.87932 0.00120801
4.88116 0.00118201
4.88215 0.00115926
4.88264 0.00113935
4.88311 0.00112193
4.88311 0.00110669
4.88407 0.00109335
4.88407 0.00108168
4.88503 0.00107147
4.88504 0.00106254
4.88548 0.00105472
4.88641 0.00104788
4.88641 0.00104189
4.88641 0.00103666
4.8869 0.00103207
4.88739 0.00102806
4.88739 0.00102456
4.88739 0.00102149
4.88786 0.0010188
4.88833 0.00101645
4.88833 0.00101439
4.88833 0.00101259
4.88834 0.00101102
4.89021 0.00100964
4.89021 0.00100844
4.89116 0.00100738
4.89258 0.00100646
4.89303 0.00100565
4.89401 0.00100494
4.8945 0.00100432
4.89535 0.00100378
4.89536 0.00100331
4.8963 0.0010029
4.89772 0.00100253
4.8982 0.00100222
4.90057 0.00100194
5.10106 0.0260017
5.30347 0.0478765
5.30542 0.0420169
5.30634 0.0368898
5.30683 0.0324036
5.30733 0.0284781
5.30925 0.0250434
5.31165 0.0220379
5.31214 0.0194082
5.31304 0.0171072
5.31349 0.0150938
5.31447 0.0133321
5.31634 0.0117905
5.31732 0.0104417
5.31776 0.00926151
5.31822 0.00822882
5.31822 0.00732522
5.3192 0.00653457
5.3192 0.00584275
5.32015 0.0052374
5.32015 0.00470773
5.32062 0.00424426
5.32111 0.00383873
5.32112 0.00348389
5.32112 0.0031734
5.32348 0.00290172
5.32397 0.00266401
5.32445 0.00245601
5.32445 0.00227401
5.32541 0.00211475
5.32541 0.00197541
5.3259 0.00185348
5.32639 0.0017468
5.32639 0.00165345
5.32685 0.00157177
5.32731 0.0015003
5.32732 0.00143776
5.32732 0.00138304
5.32829 0.00133516
5.32829 0.00129326
5.3283 0.00125661
5.32878 0.00122453
5.32926 0.00119646
5.32927 0.0011719
5.32927 0.00115042
5.32927 0.00113161
5.33024 0.00111516
5.33024 0.00110077
5.33025 0.00108817
5.33025 0.00107715
5.33073 0.0010675
5.33122 0.00105907
5.33122 0.00105168
5.33122 0.00104522
5.33123 0.00103957
5.33123 0.00103462
5.33219 0.00103029
5.33219 0.00102651
5.3322 0.00102319
5.3322 0.00102029
5.3322 0.00101776
5.33317 0.00101554
5.33318 0.00101359
5.33318 0.00101189
5.33318 0.00101041
5.33319 0.00100911
5.33365 0.00100797
5.3341 0.00100697
5.3341 0.0010061
5.3341 0.00100534
5.33411 0.00100467
5.33411 0.00100409
5.33411 0.00100357
5.33506 0.00100313
5.33506 0.00100274
5.33506 0.00100239
5.33507 0.00100209
5.33507 0.00100183
5.33507 0.0010016
5.33555 0.0010014
5.33747 0.00100123
5.33747 0.00100107
5.33747 0.00100094
5.33937 0.00100082
5.33986 0.00100072
5.34034 0.00100063
5.34034 0.00100055
5.34128 0.00100048
5.34128 0.00100042
5.34177 0.00100037
5.34226 0.00100032
5.34226 0.00100028
5.34273 0.00100024
5.34318 0.00100021
5.34319 0.00100019
5.34319 0.00100016
5.34413 0.00100014
5.34413 0.00100012
5.34414 0.00100011
5.34462 0.00100009
5.3451 0.00100008
5.3451 0.00100007
5.34511 0.00100006
5.34511 0.00100005
5.34646 0.00100005
5.34646 0.00100004
5.34647 0.00100004
5.34647 0.00100003
5.34695 0.00100003
5.34742 0.00100002
5.34829 0.00100002
5.3483 0.00100002
5.34927 0.00100001
5.34927 0.00100001
5.34976 0.00100001
5.35109 0.00100001
5.35206 0.00100001
5.35254 0.00100001
5.35302 0.001
5.35302 0.001
5.35447 0.001
5.35591 0.001
5.3564 0.001
5.35737 0.001
5.60675 0.025875
5.60866 0.0227656
5.60912 0.0200449
5.61145 0.0176643
5.61243 0.0155813
5.6129 0.0137586
5.61335 0.0121638
5.61383 0.0107683
5.61432 0.00954727
5.61626 0.00847886
5.6172 0.007544
5.61765 0.006726
5.61814 0.00601025
5.62047 0.00538397
5.62145 0.00483597
5.62193 0.00435648
5.62241 0.00393692
5.6229 0.0035698
5.62528 0.00324858
5.62626 0.0029675
5.6267 0.00272157
5.62715 0.00250637
5.62765 0.00231807
5.62814 0.00215331
5.63103 0.00200915
5.63238 0.001883
5.63286 0.00177263
5.6333 0.00167605
5.63331 0.00159154
5.63421 0.0015176
5.63422 0.0014529
5.6361 0.00139629
5.63702 0.00134675
5.63751 0.00130341
5.638 0.00126548
5.63843 0.0012323
5.63934 0.00120326
5.63934 0.00117785
5.64031 0.00115562
5.64031 0.00113616
5.64075 0.00111914
5.64121 0.00110425
5.64121 0.00109122
5.64122 0.00107982
5.64305 0.00106984
5.64347 0.00106111
5.6444 0.00105347
5.64441 0.00104679
5.64539 0.00104094
5.64539 0.00103582
5.64588 0.00103134
5.64637 0.00102742
5.64637 0.00102399
5.64684 0.001021
5.64731 0.00101837
5.64732 0.00101607
5.64732 0.00101406
5.64827 0.00101231
5.64828 0.00101077
5.64828 0.00100942
5.64872 0.00100824
5.64922 0.00100721
5.64922 0.00100631
5.64922 0.00100552
5.65111 0.00100483
5.65111 0.00100423
5.65209 0.0010037
5.65209 0.00100323
5.65304 0.00100283
5.65305 0.00100248
5.65352 0.00100216
5.65402 0.00100189
5.65544 0.00100166
5.65592 0.00100145
5.65641 0.00100127
5.65828 0.00100111
5.65926 0.00100097
5.65973 0.00100085
5.6602 0.00100074
5.66021 0.00100065
5.66118 0.00100057
5.66118 0.0010005
5.66212 0.00100043
5.66212 0.00100038
5.66256 0.00100033
5.66303 0.00100029
5.66303 0.00100025
5.66304 0.00100022
5.66401 0.00100019
5.66401 0.00100017
5.66401 0.00100015
5.66449 0.00100013
5.66643 0.00100011
5.66691 0.0010001
5.66739 0.00100008
5.66739 0.00100007
5.66838 0.00100006
5.66982 0.00100006
5.87031 0.026
5.87217 0.022875
6.07266 0.0450157
6.07457 0.0395137
6.07506 0.0346995
6.07646 0.0304871
6.07695 0.0268012
6.07745 0.023576
6.07937 0.020754
6.08033 0.0182848
6.08078 0.0161242
6.08127 0.0142337
6.08127 0.0125794
6.08322 0.011132
6.0842 0.00986551
6.08469 0.00875732
6.08517 0.00778766
6.08565 0.0069392
6.08612 0.0061968
6.08612 0.0055472
6.08708 0.0049788
6.08847 0.00448145
6.08944 0.00404627
6.08993 0.00366548
6.09042 0.0033323
6.09089 0.00304076
6.09139 0.00278566
6.09328 0.00256246
6.09426 0.00236715
6.09474 0.00219625
6.09518 0.00204672
6.09519 0.00191588
6.0961 0.0018014
6.0961 0.00170122
6.09708 0.00161357
6.09708 0.00153687
6.09755 0.00146976
6.098 0.00141104
6.09847 0.00135966
6.09848 0.0013147
6.09945 0.00127537
6.09945 0.00124094
6.09946 0.00121083
6.09992 0.00118447
6.10036 0.00116141
6.10036 0.00114124
6.10036 0.00112358
6.10037 0.00110813
6.10132 0.00109462
6.10132 0.00108279
6.10133 0.00107244
6.10133 0.00106339
6.10181 0.00105546
6.1023 0.00104853
6.1023 0.00104246
6.1023 0.00103715
6.10231 0.00103251
6.10231 0.00102845
6.10325 0.00102489
6.10325 0.00102178
6.10424 0.00101905
6.10424 0.00101667
6.10471 0.00101459
6.1052 0.00101276
6.1052 0.00101117
6.10569 0.00100977
6.10814 0.00100855
6.10863 0.00100748
6.10912 0.00100654
6.10958 0.00100573
6.11004 0.00100501
6.11004 0.00100438
6.11101 0.00100384
6.11101 0.00100336
6.11148 0.00100293
6.1124 0.00100257
6.11241 0.00100225
6.11241 0.00100197
6.11433 0.00100172
6.11475 0.0010015
6.11517 0.00100132
6.11564 0.00100115
6.11613 0.00100101
6.11807 0.00100088
6.11943 0.00100077
6.11986 0.00100067
6.12036 0.00100059
6.12232 0.00100051
6.12328 0.00100045
6.12377 0.00100039
6.12423 0.00100034
6.12423 0.0010003
6.12521 0.00100026
6.1257 0.00100023
6.12708 0.0010002
6.12803 0.00100017
6.12848 0.00100015
6.12935 0.00100013
6.12936 0.00100012
6.13034 0.0010001
6.13034 0.00100009
6.13125 0.00100008
6.13126 0.00100007
6.13174 0.00100006
6.13223 0.00100005
6.13318 0.00100004
6.13407 0.00100004
6.13456 0.00100003
6.13505 0.00100003
6.13505 0.00100002
6.13601 0.00100002
6.13601 0.00100002
6.13745 0.00100001
6.13745 0.00100001
6.13791 0.00100001
6.13917 0.00100001
6.13963 0.00100001
6.14012 0.00100001
6.14061 0.001
6.1411 0.001
6.14301 0.001
6.14446 0.001
6.14494 0.001
6.14538 0.001
6.3945 0.025875
6.39639 0.0227656
6.39737 0.0200449
6.39786 0.0176643
6.39833 0.0155813
6.39879 0.0137586
6.39927 0.0121638
6.39928 0.0107683
6.40025 0.00954727
6.40026 0.00847886
6.40069 0.007544
6.40113 0.006726
6.40113 0.00601025
6.40114 0.00538397
6.4021 0.00483597
6.4021 0.00435648
6.4021 0.00393692
6.40258 0.0035698
6.40307 0.00324858
6.40308 0.0029675
6.40308 0.00272157
6.40356 0.00250637
6.40406 0.00231807
6.40406 0.00215331
6.40406 0.00200915
6.40407 0.001883
6.40503 0.00177263
6.40504 0.00167605
6.40504 0.00159154
6.40504 0.0015176
6.40548 0.0014529
6.40635 0.00139629
6.40635 0.00134675
6.40636 0.00130341
6.40636 0.00126548
6.40637 0.0012323
6.40733 0.00120326
6.40734 0.00117785
6.40734 0.00115562
6.40734 0.00113616
6.40735 0.00111914
6.40782 0.00110425
6.40828 0.00109122
6.40828 0.00107982
6.40829 0.00106984
6.40829 0.00106111
6.40829 0.00105347
6.4083 0.00104679
6.40921 0.00104094
6.40922 0.00103582
6.40922 0.00103134
6.40922 0.00102742
6.40923 0.00102399
6.40923 0.001021
6.4097 0.00101837
6.41018 0.00101607
6.41018 0.00101406
6.41019 0.00101231
6.41019 0.00101077
6.41019 0.00100942
6.4102 0.00100824
6.4102 0.00100721
6.41108 0.00100631
6.41108 0.00100552
6.41109 0.00100483
6.41109 0.00100423
6.41109 0.0010037
6.4111 0.00100323
6.4111 0.00100283
6.41155 0.00100248
6.41204 0.00100216
6.41344 0.00100189
6.41344 0.00100166
6.41345 0.00100145
6.41393 0.00100127
6.41524 0.00100111
6.41567 0.00100097
6.41616 0.00100085
6.41617 0.00100074
6.41714 0.00100065
6.41714 0.00100057
6.41759 0.0010005
6.41805 0.00100043
6.41806 0.00100038
6.41806 0.00100033
6.42033 0.00100029
6.42076 0.00100025
6.42126 0.00100022
6.42562 0.00100019
6.42609 0.00100017
6.42705 0.00100015
6.42755 0.00100013
6.42804 0.00100011
6.42852 0.0010001
6.43046 0.00100008
6.43141 0.00100007
6.43191 0.00100006
6.4324 0.00100006
6.43482 0.00100005
6.43531 0.00100004
6.43773 0.00100004
6.43822 0.00100003
6.43918 0.00100003
6.43966 0.00100002
6.44015 0.00100002
6.44064 0.00100002
6.44208 0.00100001
6.44306 0.00100001
6.44545 0.00100001
6.44642 0.00100001
6.44691 0.00100001
6.44738 0.00100001
6.44738 0.001
6.44933 0.001
6.45022 0.001
6.45071 0.001
6.4512 0.001
6.45165 0.001
6.6588 0.025875
6.66071 0.0227656
6.6612 0.0200449
6.66214 0.0176643
6.66261 0.0155813
6.6631 0.0137586
6.66311 0.0121638
6.66407 0.0107683
6.66407 0.00954727
6.665 0.00847886
6.665 0.007544
6.66549 0.006726
6.66646 0.00601025
6.66646 0.00538397
6.66647 0.00483597
6.66691 0.00435648
6.66738 0.00393692
6.66739 0.0035698
6.66739 0.00324858
6.66787 0.0029675
6.66836 0.00272157
6.66837 0.00250637
6.66837 0.00231807
6.66837 0.00215331
6.66929 0.00200915
6.6693 0.001883
6.6693 0.00177263
6.6693 0.00167605
6.66975 0.00159154
6.67024 0.0015176
6.67024 0.0014529
6.67025 0.00139629
6.67025 0.00134675
6.67025 0.00130341
6.67122 0.00126548
6.67123 0.0012323
6.67123 0.00120326
6.67123 0.00117785
6.67124 0.00115562
6.67166 0.00113616
6.6721 0.00111914
6.6721 0.00110425
6.67211 0.00109122
6.67211 0.00107982
6.67211 0.00106984
6.67212 0.00106111
6.67308 0.00105347
6.67308 0.00104679
6.67309 0.00104094
6.67309 0.00103582
6.67309 0.00103134
6.6731 0.00102742
6.67356 0.00102399
6.67404 0.001021
6.67404 0.00101837
6.67405 0.00101607
6.67405 0.00101406
6.67405 0.00101231
6.67406 0.00101077
6.67452 0.00100942
6.67501 0.00100824
6.67501 0.00100721
6.67502 0.00100631
6.67502 0.00100552
6.67502 0.00100483
6.67503 0.00100423
6.67503 0.0010037
6.676 0.00100323
6.67647 0.00100283
6.67746 0.00100248
6.67843 0.00100216
6.67844 0.00100189
6.67844 0.00100166
6.67844 0.00100145
6.67935 0.00100127
6.67935 0.00100111
6.67935 0.00100097
6.67936 0.00100085
6.67979 0.00100074
6.68028 0.00100065
6.68028 0.00100057
6.68028 0.0010005
6.68029 0.00100043
6.68076 0.00100038
6.68126 0.00100033
6.68126 0.00100029
6.68126 0.00100025
6.68127 0.00100022
6.68127 0.00100019
6.68216 0.00100017
6.68217 0.00100015
6.68217 0.00100013
6.68217 0.00100011
6.68218 0.0010001
6.68261 0.00100008
6.6831 0.00100007
6.68407 0.00100006
6.68408 0.00100006
6.68456 0.00100005
6.68505 0.00100004
6.68505 0.00100004
6.68506 0.00100003
6.68643 0.00100003
6.68644 0.00100002
6.68644 0.00100002
6.68689 0.00100002
6.68738 0.00100001
6.68836 0.00100001
6.68884 0.00100001
6.68934 0.00100001
6.68934 0.00100001
6.69032 0.00100001
6.69032 0.001
6.69079 0.001
6.69124 0.001
6.69124 0.001
6.69125 0.001
6.6922 0.001
6.90212 0.026
6.90689 0.022875
6.90738 0.0201406
6.90829 0.017748
6.90874 0.0156545
6.90922 0.0138227
6.90923 0.0122199
6.9102 0.0108174
6.9102 0.00959022
6.91111 0.00851644
6.91111 0.00757689
6.91158 0.00675478
6.91207 0.00603543
6.91301 0.005406
6.91443 0.00485525
6.91492 0.00437334
6.91541 0.00395167
6.91541 0.00358271
6.91636 0.00325987
6.91637 0.00297739
6.91685 0.00273021
6.91735 0.00251394
6.91735 0.00232469
6.91781 0.00215911
6.91925 0.00201422
6.91966 0.00188744
6.92009 0.00177651
6.92055 0.00167945
6.92104 0.00159451
6.92104 0.0015202
6.922 0.00145517
6.92201 0.00139828
6.92247 0.00134849
6.92344 0.00130493
6.9244 0.00126681
6.92537 0.00123346
6.92586 0.00120428
6.92633 0.00117874
6.92633 0.0011564
6.92731 0.00113685
6.92732 0.00111974
6.92827 0.00110477
6.92827 0.00109168
6.92871 0.00108022
6.92919 0.00107019
6.9292 0.00106142
6.9292 0.00105374
6.93017 0.00104702
6.93018 0.00104114
6.93018 0.001036
6.93063 0.0010315
6.93106 0.00102756
6.93106 0.00102412
6.93106 0.0010211
6.93107 0.00101846
6.932 0.00101615
6.93201 0.00101413
6.93201 0.00101237
6.93248 0.00101082
6.93249 0.00100947
6.93341 0.00100829
6.93341 0.00100725
6.93342 0.00100634
6.93342 0.00100555
6.93342 0.00100486
6.93438 0.00100425
6.93439 0.00100372
6.93439 0.00100325
6.93439 0.00100285
6.9344 0.00100249
6.93487 0.00100218
6.93533 0.0010019
6.93534 0.00100167
6.93534 0.00100146
6.93534 0.00100127
6.93535 0.00100111
6.93535 0.00100097
6.93617 0.00100085
6.93617 0.00100074
6.93618 0.00100065
6.93618 0.00100057
6.93618 0.0010005
6.93619 0.00100043
6.93664 0.00100038
6.93713 0.00100033
6.93713 0.00100029
6.93714 0.00100025
6.93714 0.00100022
6.93714 0.00100019
6.93715 0.00100017
6.93762 0.00100015
6.9381 0.00100013
6.9381 0.00100011
6.93811 0.0010001
6.93811 0.00100008
6.93811 0.00100007
6.93812 0.00100006
6.93812 0.00100006
6.93907 0.00100005
6.93908 0.00100004
6.93908 0.00100004
6.93908 0.00100003
6.93909 0.00100003
6.93909 0.00100002
6.93909 0.00100002
6.93956 0.00100002
6.94101 0.00100001
6.94101 0.00100001
6.94101 0.00100001
6.94102 0.00100001
6.94246 0.00100001
6.94246 0.00100001
6.94246 0.001
6.94247 0.001
6.94292 0.001
6.94341 0.001
6.94342 0.001
6.94342 0.001
7.27593 0.025875
7.27779 0.0227656
7.27823 0.0200449
7.2792 0.0176643
7.27969 0.0155813
7.28018 0.0137586
7.28018 0.0121638
7.28115 0.0107683
7.28115 0.00954727
7.28208 0.00847886
7.28209 0.007544
7.28253 0.006726
7.28302 0.00601025
7.28303 0.00538397
7.28303 0.00483597
7.284 0.00435648
7.28401 0.00393692
7.28448 0.0035698
7.28449 0.00324858
7.28546 0.0029675
7.28547 0.00272157
7.28547 0.00250637
7.28547 0.00231807
7.28644 0.00215331
7.28645 0.00200915
7.28645 0.001883
7.28646 0.00177263
7.28687 0.00167605
7.28729 0.00159154
7.28729 0.0015176
7.28731 0.0014529
7.28731 0.00139629
7.28731 0.00134675
7.28821 0.00130341
7.28822 0.00126548
7.28823 0.0012323
7.28823 0.00120326
7.28824 0.00117785
7.2887 0.00115562
7.28919 0.00113616
7.28919 0.00111914
7.28921 0.00110425
7.28921 0.00109122
7.28922 0.00107982
7.28922 0.00106984
7.29012 0.00106111
7.29012 0.00105347
7.29014 0.00104679
7.29014 0.00104094
7.29015 0.00103582
7.29015 0.00103134
7.29061 0.00102742
7.29155 0.00102399
7.292 0.001021
7.29201 0.00101837
7.29246 0.00101607
7.29344 0.00101406
7.29437 0.00101231
7.29482 0.00101077
7.29532 0.00100942
7.29532 0.00100824
7.29629 0.00100721
7.29629 0.00100631
7.29674 0.00100552
7.29719 0.00100483
7.2972 0.00100423
7.2972 0.0010037
7.29817 0.00100323
7.29818 0.00100283
7.29818 0.00100248
7.29911 0.00100216
7.29911 0.00100189
7.29912 0.00100166
7.29959 0.00100145
7.30009 0.00100127
7.30009 0.00100111
7.30009 0.00100097
7.3001 0.00100085
7.30102 0.00100074
7.30102 0.00100065
7.30103 0.00100057
7.30103 0.0010005
7.30148 0.00100043
7.30331 0.00100038
7.30332 0.00100033
7.30376 0.00100029
7.30422 0.00100025
7.30423 0.00100022
7.30471 0.00100019
7.30611 0.00100017
7.30709 0.00100015
7.30758 0.00100013
7.30804 0.00100011
7.30804 0.0010001
7.30947 0.00100008
7.31084 0.00100007
7.31133 0.00100006
7.31231 0.00100006
7.3128 0.00100005
7.31617 0.00100004
7.3171 0.00100004
7.31759 0.00100003
7.31805 0.00100003
7.3185 0.00100002
7.31946 0.00100002
7.31947 0.00100002
7.32043 0.00100001
7.32044 0.00100001
7.32089 0.00100001
7.32135 0.00100001
7.32135 0.00100001
7.32136 0.00100001
7.32233 0.001
7.32234 0.001
7.32234 0.001
7.32282 0.001
7.32328 0.001
7.32328 0.001
7.63321 0.026
7.63515 0.022875
7.63609 0.0201406
7.63658 0.017748
7.63706 0.0156545
7.63751 0.0138227
7.63846 0.0122199
7.63846 0.0108174
7.63942 0.00959022
7.63942 0.00851644
7.63988 0.00757689
7.64038 0.00675478
7.64038 0.00603543
7.64038 0.005406
7.64136 0.00485525
7.64136 0.00437334
7.64136 0.00395167
7.64174 0.00358271
7.64213 0.00325987
7.64214 0.00297739
7.64214 0.00273021
7.64214 0.00251394
7.64304 0.00232469
7.64305 0.00215911
7.64305 0.00201422
7.64305 0.00188744
7.64354 0.00177651
7.64403 0.00167945
7.64548 0.00159451
7.64549 0.0015202
7.64597 0.00145517
7.64646 0.00139828
7.64646 0.00134849
7.64694 0.00130493
7.64744 0.00126681
7.64744 0.00123346
7.64744 0.00120428
7.64839 0.00117874
7.6484 0.0011564
7.6484 0.00113685
7.64886 0.00111974
7.64935 0.00110477
7.64935 0.00109168
7.64935 0.00108022
7.64936 0.00107019
7.65032 0.00106142
7.65033 0.00105374
7.65033 0.00104702
7.65033 0.00104114
7.6508 0.001036
7.65122 0.0010315
7.65123 0.00102756
7.65123 0.00102412
7.65123 0.0010211
7.65124 0.00101846
7.65218 0.00101615
7.65219 0.00101413
7.65219 0.00101237
7.6522 0.00101082
7.6522 0.00100947
7.65316 0.00100829
7.65316 0.00100725
7.65316 0.00100634
7.65317 0.00100555
7.65317 0.00100486
7.65365 0.00100425
7.65512 0.00100372
7.65607 0.00100325
7.65607 0.00100285
7.65608 0.00100249
7.65837 0.00100218
7.65886 0.0010019
7.6622 0.00100167
7.66317 0.00100146
7.66505 0.00100127
7.66603 0.00100111
7.66652 0.00100097
7.66701 0.00100085
7.66749 0.00100074
7.66847 0.00100065
7.66847 0.00100057
7.66943 0.0010005
7.66943 0.00100043
7.66992 0.00100038
7.67041 0.00100033
7.67041 0.00100029
7.67042 0.00100025
7.67137 0.00100022
7.67137 0.00100019
7.67137 0.00100017
7.67186 0.00100015
7.67235 0.00100013
7.67235 0.00100011
7.67236 0.0010001
7.67428 0.00100008
7.67478 0.00100007
7.67618 0.00100006
7.67715 0.00100006
7.67764 0.00100005
7.67813 0.00100004
7.68007 0.00100004
7.68102 0.00100003
7.68151 0.00100003
7.682 0.00100002
7.68632 0.00100002
7.6873 0.00100002
7.68774 0.00100001
7.68814 0.00100001
7.68857 0.00100001
7.68906 0.00100001
7.68907 0.00100001
7.69005 0.00100001
7.69005 0.001
7.69053 0.001
7.69102 0.001
7.69103 0.001
7.69152 0.001
7.69346 0.001
7.96788 0.025875
7.96973 0.0227656
8.17022 0.0450449
8.17208 0.0395393
8.37257 0.0595969
8.37449 0.0522723
8.37547 0.0458632
8.37594 0.0402553
8.37641 0.0353484
8.3769 0.0310549
8.37739 0.027298
8.37739 0.0240108
8.37835 0.0211344
8.37835 0.0186176
8.37876 0.0164154
8.37919 0.0144885
8.37919 0.0128024
8.3792 0.0113271
8.38015 0.0100362
8.38015 0.0089067
8.38015 0.00791836
8.38064 0.00705357
8.38113 0.00629687
8.38113 0.00563476
8.38114 0.00505541
8.38158 0.00454849
8.38204 0.00410493
8.38204 0.00371681
8.38205 0.00337721
8.38205 0.00308006
8.38302 0.00282005
8.38303 0.00259254
8.38303 0.00239347
8.38303 0.00221929
8.38348 0.00206688
8.38441 0.00193352
8.38441 0.00181683
8.38442 0.00171472
8.38442 0.00162538
8.38442 0.00154721
8.38539 0.00147881
8.38539 0.00141896
8.38539 0.00136659
8.3854 0.00132076
8.3854 0.00128067
8.38587 0.00124558
8.38636 0.00121488
8.38637 0.00118802
8.38637 0.00116452
8.38637 0.00114395
8.38638 0.00112596
8.38638 0.00111021
8.38733 0.00109644
8.38733 0.00108438
8.38734 0.00107383
8.38734 0.0010646
8.38734 0.00105653
8.38735 0.00104946
8.38782 0.00104328
8.38832 0.00103787
8.38972 0.00103313
8.39022 0.00102899
8.3916 0.00102537
8.39209 0.0010222
8.39258 0.00101942
8.39307 0.00101699
8.39307 0.00101487
8.39402 0.00101301
8.39403 0.00101138
8.39452 0.00100996
8.395 0.00100871
8.39501 0.00100762
8.3955 0.00100667
8.39744 0.00100584
8.3993 0.00100511
8.40025 0.00100447
8.40074 0.00100391
8.40123 0.00100342
8.40307 0.00100299
8.40549 0.00100262
8.40646 0.00100229
8.40693 0.001002
8.40742 0.00100175
8.40791 0.00100153
8.4084 0.00100134
8.41028 0.00100117
8.41125 0.00100103
8.41174 0.0010009
8.41222 0.00100078
8.41223 0.00100069
8.4132 0.0010006
8.41321 0.00100052
8.41418 0.00100046
8.41418 0.0010004
8.41466 0.00100035
8.41515 0.00100031
8.41609 0.00100027
8.41701 0.00100023
8.41751 0.0010002
8.41939 0.00100018
8.42038 0.00100015
8.42083 0.00100013
8.42127 0.00100012
8.42128 0.0010001
8.42223 0.00100009
8.42223 0.00100008
8.42317 0.00100007
8.42318 0.00100006
8.42358 0.00100005
8.42401 0.00100004
8.42402 0.00100004
8.42402 0.00100003
8.42546 0.00100003
8.42546 0.00100002
8.42547 0.00100002
8.42593 0.00100002
8.42638 0.00100001
8.42638 0.00100001
8.42638 0.00100001
8.42639 0.00100001
8.42733 0.00100001
8.42874 0.00100001
8.42924 0.001
8.43107 0.001
8.43203 0.001
8.43252 0.001
8.433 0.001
8.43301 0.001
8.66696 0.025875
8.6688 0.0227656
8.66929 0.0200449
8.67023 0.0176643
8.6707 0.0155813
8.6712 0.0137586
8.6765 0.0121638
8.67749 0.0107683
8.67798 0.00954727
8.67847 0.00847886
8.6804 0.007544
8.68137 0.006726
8.68187 0.00601025
8.68701 0.00538397
8.68847 0.00483597
8.68896 0.00435648
8.68946 0.00393692
8.69186 0.0035698
8.69235 0.00324858
8.69331 0.0029675
8.6938 0.00272157
8.69521 0.00250637
8.69619 0.00231807
8.69663 0.00215331
8.69707 0.00200915
8.69751 0.001883
8.698 0.00177263
8.69947 0.00167605
8.70045 0.00159154
8.70094 0.0015176
8.70142 0.0014529
8.70191 0.00139629
8.7024 0.00134675
8.70433 0.00130341
8.70676 0.00126548
8.90726 0.0262323
8.9091 0.0230783
8.91007 0.0203185
8.91052 0.0179037
8.91144 0.0157907
8.91145 0.0139419
8.91242 0.0123241
8.91242 0.0109086
8.91339 0.00967004
8.9134 0.00858628
8.91388 0.007638
8.91436 0.00680825
8.91529 0.00608222
8.91625 0.00544694
8.91674 0.00489107
8.91722 0.00440469
8.91722 0.0039791
8.91819 0.00360671
8.9182 0.00328087
8.91916 0.00299576
8.91916 0.00274629
8.91964 0.002528
8.92013 0.002337
8.92013 0.00216988
8.92013 0.00202364
8.92108 0.00189569
8.92109 0.00178373
8.92109 0.00168576
8.92155 0.00160004
8.92201 0.00152504
8.92201 0.0014594
8.92201 0.00140198
8.92202 0.00135173
8.92345 0.00130776
8.92392 0.00126929
8.92441 0.00123563
8.92442 0.00120618
8.9254 0.0011804
8.9268 0.00115785
8.92728 0.00113812
8.92966 0.00112086
8.93015 0.00110575
8.93252 0.00109253
9.13302 0.026081
9.13488 0.0229458
9.33537 0.0452026
9.3373 0.0396773
9.3382 0.0348426
9.33868 0.0306123
9.33917 0.0269108
9.33964 0.0236719
9.34011 0.0208379
9.34012 0.0183582
9.34108 0.0161884
9.34249 0.0142899
9.34346 0.0126286
9.34521 0.011175
9.54571 0.0347782
9.54761 0.0305559
9.54807 0.0268614
9.55043 0.0236287
9.75092 0.0456751
9.75287 0.0400907
9.75337 0.0352044
9.75575 0.0309289
9.75623 0.0271877
9.7572 0.0239143
9.75767 0.02105
9.75815 0.0185437
9.75815 0.0163508
9.75913 0.0144319
9.75914 0.0127529
9.76003 0.0112838
9.76003 0.00999834
9.76045 0.00887355
9.76141 0.00788935
9.76141 0.00702818
9.76142 0.00627466
9.7619 0.00561533
9.76239 0.00503841
9.76334 0.00453361
9.76382 0.00409191
9.76431 0.00370542
9.7648 0.00336724
9.76528 0.00307134
9.7672 0.00281242
9.76814 0.00258587
9.76859 0.00238763
9.76905 0.00221418
9.76906 0.0020624
9.77138 0.0019296
9.77231 0.0018134
9.7728 0.00171173
9.77328 0.00162276
9.77328 0.00154492
9.77423 0.0014768
9.77423 0.0014172
9.77612 0.00136505
9.77708 0.00131942
9.77757 0.00127949
9.77803 0.00124455
9.77848 0.00121398
9.77946 0.00118724
9.77946 0.00116383
9.78136 0.00114335
9.78235 0.00112543
9.78422 0.00110975
9.78518 0.00109603
9.78563 0.00108403
9.7861 0.00107352
9.7866 0.00106433
9.79045 0.00105629
9.79142 0.00104925
9.79191 0.0010431
9.79322 0.00103771
9.79418 0.001033
9.79467 0.00102887
9.79512 0.00102526
9.7956 0.0010221
9.79609 0.00101934
9.79609 0.00101692
9.79707 0.00101481
9.79707 0.00101295
9.79751 0.00101133
9.79839 0.00100992
9.79839 0.00100868
9.79839 0.00100759
9.80023 0.00100664
9.80068 0.00100581
9.80117 0.00100508
9.80166 0.00100445
9.80215 0.00100389
9.80409 0.0010034
9.80532 0.00100298
9.8058 0.00100261
9.8063 0.00100228
9.80825 0.00100199
9.80923 0.00100175
9.80968 0.00100153
9.8101 0.00100133
9.81011 0.00100117
9.81106 0.00100102
9.81106 0.00100089
9.813 0.00100078
9.81438 0.00100068
9.81484 0.0010006
9.81533 0.00100052
9.81582 0.00100046
9.81913 0.0010004
9.82009 0.00100035
9.82056 0.0010003
9.82103 0.00100027
9.82104 0.00100023
9.82245 0.0010002
9.82245 0.00100018
9.82294 0.00100015
9.82342 0.00100013
9.82342 0.00100012
9.82342 0.0010001
9.82439 0.00100009
9.82439 0.00100008
9.82439 0.00100007
9.82487 0.00100006
9.82536 0.00100005
9.82633 0.00100004
9.82682 0.00100004
9.8273 0.00100003
9.82777 0.00100003
9.82823 0.00100002
9.82823 0.00100002
9.8292 0.00100002
9.8292 0.00100001
9.82965 0.00100001
9.83011 0.00100001
9.83011 0.00100001
9.83012 0.00100001
9.8311 0.00100001
9.8311 0.001
9.8311 0.001
9.83158 0.001
9.83205 0.001
9.83205 0.001
9.83205 0.001
10.0668 0.025875
10.0687 0.0227656
10.2692 0.0450449
10.2711 0.0395393
10.2721 0.0347219
10.2726 0.0305067
10.2731 0.0268183
10.2735 0.023591
10.2742 0.0207672
10.2742 0.0182963
10.2752 0.0161342
10.2752 0.0142424
10.2756 0.0125871
10.2761 0.0111387
10.2761 0.0098714
10.2761 0.00876248
10.2771 0.00779217
10.2771 0.00694315
10.2771 0.00620025
10.2776 0.00555022
10.2781 0.00498144
10.2781 0.00448376
10.2781 0.00404829
10.28 0.00366725
10.28 0.00333385
10.2814 0.00304211
10.2814 0.00278685
10.2819 0.00256349
10.2823 0.00236806
10.2823 0.00219705
10.2823 0.00204742
10.2833 0.00191649
10.2833 0.00180193
10.2833 0.00170169
10.2842 0.00161397
10.2843 0.00153723
10.2843 0.00147007
10.2847 0.00141131
10.2852 0.0013599
10.2852 0.00131491
10.2852 0.00127555
10.2852 0.0012411
10.2862 0.00121097
10.2862 0.00118459
10.2862 0.00116152
10.2862 0.00114133
10.2866 0.00112366
10.2871 0.0011082
10.2871 0.00109468
10.2881 0.00108284
10.2881 0.00107249
10.289 0.00106343
10.289 0.0010555
10.2895 0.00104856
10.2905 0.00104249
10.2905 0.00103718
10.2905 0.00103253
10.2914 0.00102846
10.2914 0.0010249
10.2914 0.00102179
10.2919 0.00101907
10.2923 0.00101668
10.2923 0.0010146
10.2933 0.00101277
10.2938 0.00101118
10.2942 0.00100978
10.2942 0.00100855
10.2952 0.00100749
10.2952 0.00100655
10.2957 0.00100573
10.2962 0.00100501
10.298 0.00100439
10.2994 0.00100384
10.2999 0.00100336
10.3004 0.00100294
10.3004 0.00100257
10.3013 0.00100225
10.3013 0.00100197
10.3018 0.00100172
10.3022 0.0010015
10.3022 0.00100132
10.3022 0.00100115
10.3032 0.00100101
10.3032 0.00100088
10.3032 0.00100077
10.3037 0.00100067
10.3042 0.00100059
10.3042 0.00100051
10.3042 0.00100045
10.3046 0.00100039
10.306 0.00100034
10.3065 0.0010003
10.3075 0.00100026
10.3075 0.00100023
10.3084 0.0010002
10.3084 0.00100017
10.3089 0.00100015
10.3094 0.00100013
10.3103 0.00100012
10.3112 0.0010001
10.3117 0.00100009
10.3122 0.00100008
10.3122 0.00100007
10.3131 0.00100006
10.3131 0.00100005
10.3141 0.00100004
10.3141 0.00100004
10.3146 0.00100003
10.315 0.00100003
10.315 0.00100002
10.315 0.00100002
10.3164 0.00100002
10.3174 0.00100001
10.3179 0.00100001
10.3184 0.00100001
10.3188 0.00100001
10.3211 0.00100001
10.5216 0.025875
10.5245 0.0227656
10.525 0.0200449
10.5275 0.0176643
10.5284 0.0155813
10.5289 0.0137586
10.5294 0.0121638
10.5299 0.0107683
10.5332 0.00954727
10.5342 0.00847886
10.5347 0.00754401
10.5352 0.006726
10.5357 0.00601025
10.5361 0.00538397
10.5361 0.00483597
10.5371 0.00435648
10.5385 0.00393692
10.539 0.0035698
10.5414 0.00324858
10.5423 0.0029675
10.5428 0.00272157
10.5433 0.00250637
10.5437 0.00231807
10.5442 0.00215331
10.5442 0.00200915
10.5452 0.001883
10.5467 0.00177263
10.5471 0.00167605
10.5496 0.00159154
10.5501 0.0015176
10.551 0.0014529
10.5515 0.00139629
10.5525 0.00134675
10.5525 0.00130341
10.5534 0.00126548
10.5534 0.0012323
10.5539 0.00120326
10.5544 0.00117785
10.5544 0.00115562
10.5544 0.00113616
10.5553 0.00111914
10.5553 0.00110425
10.5553 0.00109122
10.5557 0.00107982
10.5562 0.00106984
10.5572 0.00106111
10.5577 0.00105347
10.5582 0.00104679
10.5601 0.00104094
10.5625 0.00103582
10.763 0.0259063
10.7648 0.022793
10.7652 0.0200689
10.7662 0.0176853
10.7667 0.0155996
10.7672 0.0137747
10.7672 0.0121778
10.7691 0.0107806
10.7701 0.00955804
10.7706 0.00848828
10.771 0.00755225
10.7715 0.00673322
10.772 0.00601656
10.7725 0.00538949
10.7735 0.00484081
10.7735 0.00436071
10.7739 0.00394062
10.7744 0.00357304
10.7744 0.00325141
10.7744 0.00296998
10.7754 0.00272373
10.7754 0.00250827
10.7754 0.00231973
10.7759 0.00215477
10.7764 0.00201042
10.7764 0.00188412
10.7764 0.0017736
10.7764 0.0016769
10.7773 0.00159229
10.7773 0.00151825
10.7773 0.00145347
10.7773 0.00139679
10.7778 0.00134719
10.7783 0.00130379
10.7783 0.00126581
10.7783 0.00123259
10.7783 0.00120351
10.7787 0.00117807
10.7792 0.00115581
10.7792 0.00113634
10.7792 0.00111929
10.7792 0.00110438
10.7792 0.00109133
10.7802 0.00107992
10.7802 0.00106993
10.7802 0.00106119
10.7802 0.00105354
10.7802 0.00104684
10.7807 0.00104099
10.7812 0.00103586
10.7812 0.00103138
10.7812 0.00102746
10.7812 0.00102403
10.7812 0.00102102
10.7812 0.00101839
10.7821 0.00101609
10.7821 0.00101408
10.7821 0.00101232
10.7821 0.00101078
10.7821 0.00100943
10.7821 0.00100825
10.7826 0.00100722
10.7831 0.00100632
10.7831 0.00100553
10.7831 0.00100484
10.7831 0.00100423
10.7831 0.0010037
10.7831 0.00100324
10.7831 0.00100284
10.784 0.00100248
10.784 0.00100217
10.784 0.0010019
10.784 0.00100166
10.784 0.00100145
10.7841 0.00100127
10.7841 0.00100111
10.7845 0.00100097
10.785 0.00100085
10.785 0.00100074
10.785 0.00100065
10.785 0.00100057
10.785 0.0010005
10.785 0.00100043
10.785 0.00100038
10.785 0.00100033
10.7864 0.00100029
10.7864 0.00100025
10.7864 0.00100022
10.7864 0.00100019
10.7864 0.00100017
10.7864 0.00100015
10.7864 0.00100013
10.7864 0.00100011
10.7869 0.0010001
10.7883 0.00100008
10.7883 0.00100007
10.7883 0.00100006
10.7883 0.00100006
10.7893 0.00100005
10.7893 0.00100004
10.7893 0.00100004
10.7893 0.00100003
10.7898 0.00100003
10.7902 0.00100002
10.7902 0.00100002
10.7902 0.00100002
10.7902 0.00100001
10.7903 0.00100001
10.7912 0.00100001
10.7912 0.00100001
10.7912 0.00100001
10.7912 0.00100001
10.7912 0.001
10.7917 0.001
10.793 0.001
10.793 0.001
10.793 0.001
10.7945 0.001
11.0002 0.02375
11.8191 0.0209063
11.82 0.018418
11.8217 0.0162407
11.8221 0.0143356
11.8231 0.0126687
11.8236 0.0112101
11.8241 0.00993383
11.8241 0.0088171
11.8254 0.00783996
11.8254 0.00698497
11.8259 0.00623685
11.8264 0.00558224
11.8282 0.00500946
11.8305 0.00450828
11.831 0.00406974
11.8324 0.00368602
11.8329 0.00335027
11.8334 0.00305649
11.8351 0.00279943
11.8361 0.0025745
11.8366 0.00237768
11.8374 0.00220547
11.8374 0.00205479
11.8384 0.00192294
11.8384 0.00180757
11.8389 0.00170662
11.8393 0.0016183
11.8393 0.00154101
11.8393 0.00147338
11.8403 0.00141421
11.8403 0.00136243
11.8403 0.00131713
11.8422 0.00127749
11.8427 0.0012428
11.8431 0.00121245
11.8431 0.00118589
11.844 0.00116266
11.844 0.00114232
11.8445 0.00112453
11.8455 0.00110897
11.8455 0.00109534
11.8455 0.00108343
11.8464 0.001073
11.8464 0.00106387
11.8464 0.00105589
11.8469 0.0010489
11.8474 0.00104279
11.8474 0.00103744
11.8474 0.00103276
11.8479 0.00102867
11.8493 0.00102508
11.8498 0.00102195
11.8503 0.0010192
11.8521 0.0010168
11.8531 0.0010147
11.8536 0.00101286
11.8541 0.00101125
11.8546 0.00100985
12.0573 0.0260086
12.0594 0.0228825
12.0604 0.0201472
12.0608 0.0177538
12.0613 0.0156596
12.0618 0.0138271
12.0623 0.0122237
12.0623 0.0108208
12.0632 0.00959318
12.0632 0.00851903
12.0637 0.00757915
12.0642 0.00675676
12.0642 0.00603716
12.0642 0.00540752
12.0651 0.00485658
12.0652 0.0043745
12.0652 0.00395269
12.0656 0.0035836
12.0661 0.00326065
12.0661 0.00297807
12.0661 0.00273081
12.0665 0.00251446
12.0684 0.00232515
12.0684 0.00215951
12.0694 0.00201457
12.0694 0.00188775
12.0713 0.00177678
12.0723 0.00167968
12.0728 0.00159472
12.0733 0.00152038
12.0766 0.00145533
12.077 0.00139842
12.078 0.00134861
12.0785 0.00130504
12.0804 0.00126691
12.0827 0.00123354
12.0832 0.00120435
12.0842 0.00117881
12.0847 0.00115645
12.0852 0.0011369
12.0857 0.00111978
12.0894 0.00110481
12.0899 0.00109171
12.0904 0.00108025
12.0909 0.00107021
12.0913 0.00106144
12.0913 0.00105376
12.0923 0.00104704
12.0937 0.00104116
12.2942 0.026036
12.2964 0.0229065
12.2973 0.0201682
12.2978 0.0177722
12.2982 0.0156756
12.2982 0.0138412
12.2992 0.012236
12.2992 0.0108315
12.3002 0.00960259
12.3002 0.00852727
12.3006 0.00758636
12.3011 0.00676307
12.3011 0.00604268
12.3011 0.00541234
12.3024 0.0048608
12.3024 0.0043782
12.3024 0.00395592
12.3029 0.00358643
12.3033 0.00326313
12.3033 0.00298024
12.3033 0.00273271
12.3033 0.00251612
12.3043 0.0023266
12.3043 0.00216078
12.3043 0.00201568
12.3043 0.00188872
12.3048 0.00177763
12.3052 0.00168042
12.3052 0.00159537
12.3052 0.00152095
12.3052 0.00145583
12.3052 0.00139885
12.3062 0.00134899
12.3062 0.00130537
12.3062 0.0012672
12.3062 0.0012338
12.3062 0.00120457
12.3067 0.001179
12.3071 0.00115663
12.3071 0.00113705
12.3071 0.00111991
12.3071 0.00110493
12.3071 0.00109181
12.3071 0.00108033
12.3083 0.00107029
12.3083 0.0010615
12.3083 0.00105382
12.3083 0.00104709
12.3083 0.0010412
12.3083 0.00103605
12.3087 0.00103154
12.3092 0.0010276
12.3092 0.00102415
12.3092 0.00102113
12.3092 0.00101849
12.3092 0.00101618
12.3092 0.00101415
12.3092 0.00101238
12.3102 0.00101084
12.3102 0.00100948
12.3102 0.00100829
12.3102 0.00100726
12.3102 0.00100635
12.3102 0.00100556
12.3102 0.00100486
12.3106 0.00100425
12.3113 0.00100372
12.3114 0.00100325
12.3114 0.00100285
12.3114 0.00100249
12.3114 0.00100218
12.3114 0.00100191
12.3114 0.00100167
12.3114 0.00100146
12.3122 0.00100128
12.3122 0.00100112
12.3122 0.00100098
12.3123 0.00100085
12.3123 0.00100075
12.3123 0.00100065
12.3123 0.00100057
12.3123 0.0010005
12.3127 0.00100044
12.3132 0.00100038
12.3141 0.00100033
12.3141 0.00100029
12.3141 0.00100025
12.3141 0.00100022
12.3153 0.00100019
12.3153 0.00100017
12.3153 0.00100015
12.3153 0.00100013
12.3153 0.00100011
12.3162 0.0010001
12.3162 0.00100008
12.3162 0.00100007
12.3162 0.00100006
12.3163 0.00100006
12.3172 0.00100005
12.3172 0.00100004
12.3172 0.00100004
12.3172 0.00100003
12.3172 0.00100003
12.3177 0.00100002
12.3182 0.00100002
12.3191 0.00100002
12.3191 0.00100001
12.3196 0.00100001
12.3201 0.00100001
12.3201 0.00100001
12.3201 0.00100001
12.3214 0.00100001
12.3214 0.001
12.3214 0.001
12.3219 0.001
12.3224 0.001
12.3233 0.001
12.3237 0.001
