1 7431
1.00649 7710
1.02083 7978
1.03681 8237
1.05116 8488
1.06595 8732
1.08119 8969
1.09628 9200
1.11017 9425
1.12481 9645
1.1393 9859
1.1532 10069
1.16724 10274
1.18128 10475
1.19503 10672
1.20937 10866
1.22326 11056
1.23761 11243
1.25135 11427
1.26569 11608
1.27944 11786
1.29363 11961
1.31485 5040
1.36355 5451
1.38178 5831
1.40628 6186
1.41255 6521
1.43093 6838
1.44378 7141
1.45558 7431
1.46843 7710
1.48023 7978
1.49622 8237
1.51041 8488
1.52535 8732
1.54059 8969
1.55523 9200
1.56987 9425
1.58406 9645
1.59811 9859
1.61215 10069
1.62604 10274
1.64024 10475
1.65413 10672
1.66803 10866
1.68237 11056
1.69641 11243
1.7106 11427
1.7245 11608
1.73869 11786
1.75244 11961
1.77261 5040
1.81802 5451
1.8367 5831
1.8612 6186
1.86747 6521
1.88585 6838
1.8984 7141
1.9105 7431
1.92335 7710
1.93515 7978
1.95099 8237
1.96428 8488
1.97773 8732
1.99133 8969
2.00447 9200
2.01807 9425
2.03121 9645
2.04436 9859
2.05751 10069
2.07066 10274
2.0838 10475
2.0968 10672
2.1101 10866
2.12295 11056
2.13624 11243
2.14939 11427
2.16254 11608
2.17568 11786
2.18898 11961
2.20213 12134
2.2217 5040
2.26069 5451
2.28191 5831
2.30357 6186
2.30387 6521
2.32822 6838
2.33718 7141
2.35287 7431
2.36183 7710
2.37752 7978
2.39261 8237
2.40606 8488
2.4192 8732
2.43235 8969
2.4455 9200
2.45865 9425
2.47179 9645
2.48494 9859
2.49809 10069
2.51123 10274
2.52438 10475
2.53753 10672
2.55068 10866
2.56382 11056
2.57712 11243
2.59027 11427
2.60326 11608
2.61641 11786
2.62956 11961
2.6427 12134
2.66243 5040
2.70157 5451
2.72094 5831
2.74111 6186
2.74141 6521
2.76576 6838
2.76815 7141
2.79041 7431
2.80371 7710
2.81506 7978
2.83 8237
2.8436 8488
2.85675 8732
2.87019 8969
2.88289 9200
2.89649 9425
2.90963 9645
2.92308 9859
2.93682 10069
2.95012 10274
2.96387 10475
2.97761 10672
2.99106 10866
3.00495 11056
3.01929 11243
3.03259 11427
3.04663 11608
3.06127 11786
3.07577 11961
3.09653 5040
3.14524 5451
3.16227 5831
3.18662 6186
3.18692 6521
3.21127 6838
3.22606 7141
3.23592 7431
3.25071 7710
3.26969 7978
3.28463 8237
3.30016 8488
3.31421 8732
3.32825 8969
3.34274 9200
3.35679 9425
3.37083 9645
3.38487 9859
3.39877 10069
3.41206 10274
3.42626 10475
3.43925 10672
3.45345 10866
3.46659 11056
3.48094 11243
3.49513 11427
3.50917 11608
3.52351 11786
3.53786 11961
3.55892 5040
3.60568 5451
3.62526 5831
3.64916 6186
3.64976 6521
3.67396 6838
3.68755 7141
3.69876 7431
3.71295 7710
3.72341 7978
3.7382 8237
3.75314 8488
3.76778 8732
3.78198 8969
3.79632 9200
3.81051 9425
3.8247 9645
3.8389 9859
3.85294 10069
3.86713 10274
3.88118 10475
3.89432 10672
3.90881 10866
3.92256 11056
3.9369 11243
3.95065 11427
3.96469 11608
3.97978 11786
3.99382 11961
4.01489 5040
4.0612 5451
4.08122 5831
4.10587 6186
4.10961 6521
4.13082 6838
4.14546 7141
4.15547 7431
4.17026 7710
4.18789 7978
4.20328 8237
4.21792 8488
4.23196 8732
4.24601 8969
4.26005 9200
4.27469 9425
4.28874 9645
4.30278 9859
4.31652 10069
4.33027 10274
4.34327 10475
4.35716 10672
4.37076 10866
4.3851 11056
4.39869 11243
4.41334 11427
4.42738 11608
4.44187 11786
4.45606 11961
4.47758 5040
4.52583 5451
4.54466 5831
4.56916 6186
4.57409 6521
4.59381 6838
4.60965 7141
4.61846 7431
4.6346 7710
4.64311 7978
4.6591 8237
4.66761 8488
4.6836 8732
4.69211 8969
4.7081 9200
4.71587 9425
4.72991 9645
4.74396 9859
4.758 10069
4.77204 10274
4.78564 10475
4.79893 10672
4.81313 10866
4.82568 11056
4.83987 11243
4.85391 11427
4.86796 11608
4.882 11786
4.89634 11961
4.91786 5040
4.96731 5451
4.98464 5831
5.00779 6186
5.00824 6521
5.03244 6838
5.04365 7141
5.0571 7431
5.0683 7710
5.08234 7978
5.09728 8237
5.11237 8488
5.12701 8732
5.14106 8969
5.1551 9200
5.16914 9425
5.18319 9645
5.19723 9859
5.21128 10069
5.22502 10274
5.23847 10475
5.25251 10672
5.2661 10866
5.27985 11056
5.29344 11243
5.30779 11427
5.32138 11608
5.33543 11786
5.35052 11961
5.37188 5040
5.42088 5451
5.43821 5831
5.46167 6186
5.46212 6521
5.48707 6838
5.50096 7141
5.51172 7431
5.52561 7710
5.53637 7978
5.55355 8237
5.56819 8488
5.58373 8732
5.59837 8969
5.61271 9200
5.62675 9425
5.64125 9645
5.65529 9859
5.66933 10069
5.68308 10274
5.69652 10475
5.71042 10672
5.72431 10866
5.73806 11056
5.7518 11243
5.76644 11427
5.78078 11608
5.79498 11786
5.80902 11961
5.83068 5040
5.87984 5451
5.89732 5831
5.92062 6186
5.92107 6521
5.94527 6838
5.95633 7141
5.97007 7431
5.98098 7710
5.99472 7978
6.01415 8237
6.02923 8488
6.04388 8732
6.05792 8969
6.07316 9200
6.0866 9425
6.1011 9645
6.11514 9859
6.12918 10069
6.14308 10274
6.15682 10475
6.17042 10672
6.18446 10866
6.19746 11056
6.2118 11243
6.22584 11427
6.23989 11608
6.25393 11786
6.26812 11961
6.28979 5040
6.33894 5451
6.35642 5831
6.37943 6186
6.37972 6521
6.40453 6838
6.41722 7141
6.42918 7431
6.44187 7710
6.45383 7978
6.47146 8237
6.48535 8488
6.50074 8732
6.51553 8969
6.53017 9200
6.54466 9425
6.5587 9645
6.57275 9859
6.58679 10069
6.60024 10274
6.61398 10475
6.62713 10672
6.64147 10866
6.65417 11056
6.66866 11243
6.68286 11427
6.6969 11608
6.71124 11786
6.72558 11961
6.74695 5040
6.79625 5451
6.81373 5831
6.83674 6186
6.83718 6521
6.86139 6838
6.86856 7141
6.88604 7431
6.90217 7710
6.91084 7978
6.93041 8237
6.94565 8488
6.95984 8732
6.97568 8969
6.98823 9200
7.00317 9425
7.01721 9645
7.03125 9859
7.0453 10069
7.05919 10274
7.07309 10475
7.08653 10672
7.09998 10866
7.11402 11056
7.12777 11243
7.14136 11427
7.1554 11608
7.16975 11786
7.18424 11961
7.2059 5040
7.25505 5451
7.27283 5831
7.29614 6186
7.29659 6521
7.32109 6838
7.32916 7141
7.34574 7431
7.35396 7710
7.37039 7978
7.38473 8237
7.39937 8488
7.41416 8732
7.42821 8969
7.44255 9200
7.45629 9425
7.47049 9645
7.48453 9859
7.49857 10069
7.51262 10274
7.52576 10475
7.53951 10672
7.5531 10866
7.56655 11056
7.5803 11243
7.59464 11427
7.60898 11608
7.62287 11786
7.63722 11961
7.65858 5040
7.70773 5451
7.72536 5831
7.74837 6186
7.74897 6521
7.77302 6838
7.78781 7141
7.79767 7431
7.81261 7710
7.82232 7978
7.84055 8237
7.85549 8488
7.86998 8732
7.88641 8969
7.89956 9200
7.91405 9425
7.92839 9645
7.94244 9859
7.95648 10069
7.97008 10274
7.98382 10475
7.99697 10672
8.01041 10866
8.02416 11056
8.03835 11243
8.05195 11427
8.06599 11608
8.08063 11786
8.09497 11961
8.11604 5040
8.16549 5451
8.18312 5831
8.20568 6186
8.20613 6521
8.23033 6838
8.24318 7141
8.25498 7431
8.26783 7710
8.27963 7978
8.29726 8237
8.31175 8488
8.3258 8732
8.33984 8969
8.35388 9200
8.36837 9425
8.38242 9645
8.39646 9859
8.41051 10069
8.42455 10274
8.43814 10475
8.45219 10672
8.46593 10866
8.47968 11056
8.49372 11243
8.50776 11427
8.52181 11608
8.536 11786
8.55064 11961
8.57171 5040
8.62101 5451
8.63864 5831
8.66419 6186
8.66687 6521
8.68884 6838
8.70243 7141
8.71349 7431
8.72708 7710
8.73814 7978
8.75487 8237
8.76981 8488
8.7846 8732
8.80044 8969
8.81329 9200
8.82793 9425
8.84212 9645
8.85616 9859
8.87021 10069
8.8838 10274
8.8971 10475
8.91114 10672
8.92474 10866
8.93863 11056
8.95223 11243
8.96642 11427
8.98061 11608
8.9948 11786
9.00915 11961
9.03051 5040
9.07966 5451
9.09714 5831
9.12179 6186
9.12897 6521
9.14674 6838
9.16183 7141
9.17139 7431
9.18663 7710
9.19605 7978
9.21263 8237
9.22742 8488
9.24161 8732
9.25566 8969
9.2697 9200
9.28389 9425
9.29808 9645
9.31213 9859
9.32602 10069
9.33992 10274
9.35381 10475
9.36726 10672
9.3813 10866
9.3949 11056
9.40909 11243
9.42253 11427
9.43703 11608
9.45152 11786
9.46556 11961
9.48707 5040
9.53623 5451
9.55401 5831
9.57791 6186
9.57851 6521
9.60271 6838
9.61197 7141
9.62736 7431
9.63677 7710
9.65201 7978
9.66874 8237
9.68324 8488
9.69803 8732
9.71282 8969
9.72686 9200
9.74135 9425
9.7554 9645
9.76959 9859
9.78363 10069
9.79782 10274
9.81172 10475
9.82576 10672
9.83906 10866
9.85325 11056
9.8667 11243
9.88164 11427
9.89598 11608
9.91017 11786
9.92451 11961
9.94573 5040
9.99533 5451
10.0128 5831
10.0375 6186
10.0443 6521
10.0621 6838
10.0759 7141
10.0868 7431
10.1011 7710
10.1114 7978
10.1281 8237
10.1431 8488
10.1576 8732
10.1716 8969
10.186 9200
10.1997 9425
10.2142 9645
10.2282 9859
10.242 10069
10.2556 10274
10.269 10475
10.2826 10672
10.2961 10866
10.3106 11056
10.3239 11243
10.3384 11427
10.3525 11608
10.367 11786
10.3811 11961
10.4024 5040
10.4516 5451
10.4691 5831
10.4919 6186
10.4922 6521
10.5166 6838
10.5275 7141
10.5412 7431
10.5521 7710
10.5659 7978
10.5817 8237
10.5967 8488
10.6118 8732
10.6262 8969
10.6413 9200
10.6548 9425
10.6697 9645
10.6838 9859
10.6978 10069
10.7115 10274
10.7251 10475
10.7392 10672
10.7528 10866
10.7665 11056
10.7806 11243
10.7946 11427
10.8088 11608
10.8234 11786
10.8376 11961
10.8589 5040
10.9083 5451
10.9255 5831
10.9494 6186
10.9498 6521
10.9742 6838
10.987 7141
10.9988 7431
11.0117 7710
11.0239 7978
11.0399 8237
11.0545 8488
11.0645 8732
11.079 8969
11.0895 9200
11.0968 9425
11.1116 9645
11.1267 9859
11.141 10069
11.1551 10274
11.1693 10475
11.183 10672
11.1971 10866
11.2101 11056
11.2244 11243
11.238 11427
11.2523 11608
11.2665 11786
11.2806 11961
11.3021 5040
11.3517 5451
11.3689 5831
11.3935 6186
11.3992 6521
11.4182 6838
11.4292 7141
11.4428 7431
11.4542 7710
11.4675 7978
11.4839 8237
11.5009 8488
11.5154 8732
11.5304 8969
11.5458 9200
11.5589 9425
11.5746 9645
11.5886 9859
11.6027 10069
11.6167 10274
11.6308 10475
11.6441 10672
11.658 10866
11.6713 11056
11.6854 11243
11.6993 11427
11.7135 11608
11.7274 11786
11.7416 11961
11.7636 5040
11.8126 5451
11.8298 5831
11.8538 6186
11.8543 6521
11.8782 6838
11.8788 7141
11.9028 7431
11.9185 7710
11.9334 7978
11.9481 8237
11.9639 8488
11.9787 8732
11.9931 8969
12.0071 9200
12.0216 9425
12.0355 9645
12.0497 9859
12.0637 10069
12.0778 10274
12.0915 10475
12.1054 10672
12.1192 10866
12.1333 11056
12.1468 11243
12.1611 11427
12.1752 11608
12.1897 11786
12.2039 11961
12.2254 5040
12.2736 5451
12.2919 5831
12.3135 6186
12.3138 6521
12.3376 6838
12.3379 7141
12.3622 7431
12.3749 7710
12.3869 7978
12.4023 8237
12.4168 8488
12.4323 8732
12.4466 8969
12.4605 9200
12.4755 9425
12.4898 9645
12.5037 9859
12.5179 10069
12.5319 10274
12.546 10475
12.5597 10672
12.5736 10866
12.5871 11056
12.6014 11243
12.6149 11427
12.6292 11608
12.6435 11786
12.658 11961
12.6792 5040
12.7275 5451
12.7456 5831
12.7698 6186
12.7702 6521
12.7944 6838
12.7967 7141
12.8191 7431
12.8337 7710
12.8521 7978
12.8663 8237
12.8811 8488
12.896 8732
12.9107 8969
12.9244 9200
12.9389 9425
12.9529 9645
12.967 9859
12.981 10069
12.9949 10274
13.0087 10475
13.0227 10672
13.0362 10866
13.0507 11056
13.0644 11243
13.0789 11427
13.0934 11608
13.1074 11786
13.1219 11961
13.1434 5040
13.1911 5451
13.2101 5831
13.234 6186
13.2346 6521
13.2586 6838
13.2734 7141
13.2837 7431
13.2982 7710
13.3084 7978
13.3241 8237
13.3391 8488
13.3541 8732
13.3678 8969
13.3831 9200
13.3965 9425
13.4109 9645
13.4249 9859
13.4389 10069
13.4522 10274
13.4664 10475
13.4799 10672
13.4933 10866
13.5071 11056
13.5216 11243
13.5352 11427
13.5492 11608
13.5644 11786
13.5789 11961
13.5997 5040
13.6484 5451
13.6672 5831
13.6901 6186
13.6904 6521
13.7147 6838
13.7268 7141
13.7394 7431
13.7515 7710
13.764 7978
13.7802 8237
13.7945 8488
13.8096 8732
13.8233 8969
13.838 9200
13.8522 9425
13.8664 9645
13.8804 9859
13.8945 10069
13.9085 10274
13.9222 10475
13.9361 10672
13.9494 10866
13.9636 11056
13.9765 11243
13.9916 11427
14.0049 11608
14.0189 11786
14.0343 11961
14.0557 5040
14.1045 5451
14.1226 5831
14.1456 6186
14.1462 6521
14.1703 6838
14.1831 7141
14.1949 7431
14.2078 7710
14.2199 7978
14.2358 8237
14.2503 8488
14.2653 8732
14.2793 8969
14.2934 9200
14.3074 9425
14.3214 9645
14.3355 9859
14.3495 10069
14.3634 10274
14.3772 10475
14.3911 10672
14.4047 10866
14.418 11056
14.4321 11243
14.446 11427
14.4598 11608
14.4744 11786
14.4888 11961
14.5101 5040
14.5591 5451
14.5768 5831
14.6008 6186
14.6013 6521
14.6255 6838
14.6389 7141
14.6501 7431
14.6636 7710
14.6754 7978
14.6912 8237
14.7061 8488
14.7202 8732
14.736 8969
14.7489 9200
14.7635 9425
14.7776 9645
14.7916 9859
14.8056 10069
14.8192 10274
14.8333 10475
14.8461 10672
14.8608 10866
14.8735 11056
14.8881 11243
14.9014 11427
14.9163 11608
14.9304 11786
14.9446 11961
14.966 5040
15.0147 5451
15.0321 5831
15.0575 6186
15.0607 6521
15.0822 6838
15.0967 7141
15.1116 7431
15.1319 7710
15.1473 7978
15.1617 8237
15.1762 8488
15.1908 8732
15.2048 8969
15.2189 9200
15.2331 9425
15.2471 9645
15.2612 9859
15.2751 10069
15.2891 10274
15.3028 10475
15.316 10672
15.3302 10866
15.3441 11056
15.3583 11243
15.3725 11427
15.3865 11608
15.4013 11786
15.4153 11961
15.4366 5040
15.4821 5451
15.4993 5831
15.5234 6186
15.5238 6521
15.548 6838
15.5653 7141
15.5786 7431
15.5972 7710
15.6125 7978
15.6272 8237
15.6411 8488
15.6557 8732
15.6702 8969
15.6844 9200
15.6985 9425
15.7125 9645
15.7265 9859
15.7401 10069
15.7542 10274
15.7675 10475
15.7817 10672
15.795 10866
15.8096 11056
15.8234 11243
15.8375 11427
15.8526 11608
15.867 11786
15.8809 11961
15.9024 5040
15.9451 5451
15.9617 5831
15.986 6186
16.0013 6521
16.0107 6838
16.0259 7141
16.0428 7431
16.0588 7710
16.0675 7978
16.0833 8237
16.092 8488
16.1078 8732
16.1165 8969
16.1323 9200
16.1395 9425
16.1535 9645
16.1676 9859
16.1815 10069
16.1952 10274
16.2092 10475
16.2227 10672
16.2364 10866
16.2503 11056
16.2644 11243
16.2786 11427
16.2926 11608
16.3076 11786
16.3217 11961
16.3428 5040
16.3896 5451
16.4088 5831
16.4333 6186
16.4338 6521
16.458 6838
16.4707 7141
16.4826 7431
16.4953 7710
16.5073 7978
16.5216 8237
16.5367 8488
16.5517 8732
16.5659 8969
16.5799 9200
16.5944 9425
16.6084 9645
16.6225 9859
16.6364 10069
16.6504 10274
16.6639 10475
16.6781 10672
16.6914 10866
16.7054 11056
16.7193 11243
16.7336 11427
16.7478 11608
16.762 11786
16.7765 11961
16.7976 5040
16.8457 5451
16.8644 5831
16.8892 6186
16.8932 6521
16.914 6838
16.9311 7141
16.9446 7431
16.9624 7710
16.9791 7978
16.9939 8237
17.0084 8488
17.0224 8732
17.0374 8969
17.0514 9200
17.0655 9425
17.0795 9645
17.0935 9859
17.1076 10069
17.1216 10274
17.1354 10475
17.1491 10672
17.1632 10866
17.1771 11056
17.1914 11243
17.2051 11427
17.2196 11608
17.2341 11786
17.2482 11961
17.2694 5040
17.3139 5451
17.3323 5831
17.3578 6186
17.3647 6521
17.3825 6838
17.4015 7141
17.4071 7431
17.427 7710
17.4419 7978
17.456 8237
17.47 8488
17.4841 8732
17.4987 8969
17.5128 9200
17.5268 9425
17.5408 9645
17.5544 9859
17.5682 10069
17.5821 10274
17.5957 10475
17.6093 10672
17.6227 10866
17.6371 11056
17.6512 11243
17.6656 11427
17.6799 11608
17.6943 11786
17.7082 11961
17.7294 5040
17.7741 5451
17.7918 5831
17.8172 6186
17.8243 6521
17.8419 6838
17.8491 7141
17.8667 7431
17.8828 7710
17.8913 7978
17.9078 8237
17.9158 8488
17.9323 8732
17.9403 8969
17.9568 9200
17.9642 9425
17.9783 9645
17.9923 9859
18.0064 10069
18.0197 10274
18.0336 10475
18.0469 10672
18.061 10866
18.0745 11056
18.0884 11243
18.1029 11427
18.1171 11608
18.131 11786
18.1453 11961
18.1667 5040
18.2145 5451
18.2323 5831
18.2572 6186
18.2611 6521
18.2819 6838
18.2972 7141
18.3065 7431
18.3228 7710
18.3312 7978
18.3476 8237
18.363 8488
18.377 8732
18.3911 8969
18.4051 9200
18.4193 9425
18.4334 9645
18.4474 9859
18.4614 10069
18.4753 10274
18.4892 10475
18.5028 10672
18.5169 10866
18.5303 11056
18.5447 11243
18.5582 11427
18.5727 11608
18.5871 11786
18.6014 11961
18.6226 5040
18.6703 5451
18.6899 5831
18.7129 6186
18.7136 6521
18.7375 6838
18.7523 7141
18.7622 7431
18.7773 7710
18.7868 7978
18.8028 8237
18.8176 8488
18.8316 8732
18.8457 8969
18.8599 9200
18.8745 9425
18.8886 9645
18.9026 9859
18.9167 10069
18.9301 10274
18.9441 10475
18.9574 10672
18.9713 10866
18.9851 11056
18.9991 11243
19.0129 11427
19.0272 11608
19.0419 11786
19.0565 11961
19.0776 5040
19.1257 5451
19.1442 5831
19.1691 6186
19.1736 6521
19.1939 6838
19.2093 7141
19.2186 7431
19.234 7710
19.2434 7978
19.2597 8237
19.2743 8488
19.2885 8732
19.3033 8969
19.3167 9200
19.3315 9425
19.3456 9645
19.3596 9859
19.3737 10069
19.3873 10274
19.4013 10475
19.4148 10672
19.4283 10866
19.4424 11056
19.4563 11243
19.4708 11427
19.4848 11608
19.4993 11786
19.5137 11961
19.5347 5040
19.5837 5451
19.602 5831
19.627 6186
19.6306 6521
19.6518 6838
19.6668 7141
19.6765 7431
19.6914 7710
19.7012 7978
19.7162 8237
19.7313 8488
19.7455 8732
19.7602 8969
19.7738 9200
19.7881 9425
19.8023 9645
19.8163 9859
19.8301 10069
19.8435 10274
19.8574 10475
19.8713 10672
19.8851 10866
19.899 11056
19.9128 11243
19.9272 11427
19.9414 11608
19.9559 11786
19.9702 11961
19.9911 5040
20.0389 5451
20.0578 5831
20.0826 6186
20.0869 6521
20.1072 6838
20.1232 7141
20.1319 7431
20.1482 7710
20.1567 7978
20.1727 8237
20.1812 8488
20.1972 8732
20.2057 8969
20.2217 9200
20.2285 9425
20.243 9645
20.2572 9859
20.2713 10069
20.2853 10274
20.2989 10475
20.3125 10672
20.3256 10866
20.34 11056
20.3539 11243
20.3675 11427
20.3815 11608
20.3956 11786
20.4098 11961
20.4313 5040
20.4782 5451
20.496 5831
20.5166 6186
20.5172 6521
20.5371 6838
20.538 7141
20.5617 7431
20.5676 7710
20.5864 7978
20.597 8237
20.6109 8488
20.6216 8732
20.6354 8969
20.6461 9200
20.6524 9425
20.66 9645
20.6708 9859
20.6832 10069
20.6956 10274
20.7078 10475
20.7201 10672
20.7324 10866
20.7446 11056
20.7569 11243
20.7691 11427
20.7814 11608
20.7936 11786
20.8059 11961
20.8181 12134
20.8304 12304
20.8487 5040
20.8855 5451
20.9101 5831
20.9286 6186
20.9289 6521
20.9477 6838
20.948 7141
20.9688 7431
20.9691 7710
20.9934 7978
20.996 8237
21.0179 8488
21.0208 8732
21.0424 8969
21.0502 9200
21.062 9425
21.0756 9645
21.0881 9859
21.1017 10069
21.115 10274
21.1276 10475
21.1404 10672
21.1527 10866
21.1649 11056
21.1772 11243
21.1894 11427
21.2017 11608
