1 0.048419
1.00843 0.0503666
1.02431 0.0520708
1.04019 0.0535619
1.0559 0.0547417
1.07212 0.055899
1.08817 0.0569116
1.10422 0.0577976
1.11993 0.0585729
1.13615 0.0592513
1.1522 0.0598449
1.25823 0.0577393
1.2654 0.0550219
1.29408 0.0526441
1.3016 0.0505636
1.33165 0.0488682
1.33916 0.0475097
1.36904 0.0500709
1.37655 0.0494371
1.40643 0.0516324
1.4136 0.0506784
1.44434 0.0528436
1.45151 0.0518631
1.46534 0.0518802
1.4819 0.0500202
1.49915 0.0497677
1.514 0.0496717
1.52886 0.0493378
1.54337 0.0486705
1.55942 0.0482117
1.57513 0.0498103
1.58947 0.051209
1.60364 0.0523079
1.61986 0.0532694
1.63437 0.0539857
1.65008 0.0548625
1.66579 0.0557547
1.68116 0.0565353
1.69823 0.0574684
1.71394 0.0581599
1.73033 0.0590149
1.74638 0.059763
1.76243 0.0602926
1.87256 0.0585061
1.884 0.0568178
1.9108 0.0544656
1.92156 0.0524074
1.94837 0.0506065
1.95912 0.0490307
1.98576 0.0509018
1.99652 0.0505391
2.02315 0.0522217
2.03391 0.051694
2.06055 0.0532322
2.07045 0.0524532
2.08769 0.0526466
2.09811 0.0508157
2.10852 0.0492138
2.12543 0.047812
2.13567 0.0464605
2.14609 0.045403
2.16299 0.0443526
2.17938 0.0455585
2.19577 0.0473637
2.21165 0.0495682
2.22736 0.0514972
2.24341 0.0530601
2.25963 0.0544276
2.27568 0.0556241
2.29156 0.0566711
2.30761 0.0575872
2.32366 0.0583888
2.33971 0.0590902
2.35576 0.0597039
2.37181 0.0602409
2.47613 0.0579608
2.48535 0.0550907
2.51438 0.0529544
2.52257 0.0509601
2.55194 0.0492151
2.56014 0.0478132
2.58933 0.0502115
2.59753 0.0496851
2.62707 0.0518495
2.63543 0.0511183
2.66446 0.0531035
2.67078 0.0518406
2.69075 0.0522355
2.70202 0.050456
2.72183 0.050524
2.73873 0.0502085
2.75837 0.0509325
2.77578 0.0513159
2.79371 0.0517764
2.81062 0.0543044
2.82667 0.0560163
2.84254 0.0573893
2.85859 0.0583406
2.87447 0.059048
2.89035 0.059667
2.9064 0.0602087
2.92245 0.0606826
2.93799 0.0609723
2.95404 0.0613507
2.97009 0.0616819
2.98614 0.0619716
3.00202 0.0623502
3.10754 0.0598064
3.11471 0.0569556
3.14612 0.0547112
3.15944 0.0534973
3.18369 0.0514351
3.19718 0.0497557
3.22108 0.0512863
3.23491 0.0512505
3.25847 0.0524692
3.2723 0.0522855
3.29586 0.0533748
3.3044 0.052453
3.32028 0.0518963
3.33343 0.0501593
3.35101 0.0497644
3.36758 0.0494188
3.38499 0.0496165
3.40207 0.0497894
3.41812 0.0499407
3.43417 0.0520732
3.4497 0.053689
3.46575 0.0548529
3.48197 0.0558713
3.49785 0.0567624
3.51339 0.0576671
3.52893 0.0583337
3.54464 0.058917
3.56068 0.0594273
3.57673 0.0598739
3.59261 0.0603897
3.6073 0.060716
3.62403 0.0611265
3.72938 0.0588607
3.73604 0.0561281
3.76762 0.0538621
3.7736 0.0517543
3.80519 0.050035
3.81868 0.0494056
3.84258 0.0518549
3.85607 0.0517481
3.87997 0.0529046
3.89363 0.0526665
3.91736 0.0537082
3.9259 0.0527447
3.94281 0.0522766
3.95493 0.050367
3.97183 0.0498211
3.98071 0.0483435
3.99249 0.0470505
4.00939 0.0459192
4.01827 0.0449293
4.03432 0.0460632
4.05037 0.0475553
4.06642 0.0487359
4.08247 0.0506439
4.09852 0.0523134
4.11457 0.0537742
4.12977 0.0549274
4.14548 0.0559365
4.16101 0.0568194
4.17689 0.057467
4.19277 0.0581586
4.20848 0.0587638
4.22368 0.0591683
4.32424 0.0566473
4.33344 0.0534414
4.3582 0.0510112
4.36879 0.0490098
4.39491 0.0473836
4.40635 0.0462106
4.4323 0.0484343
4.44374 0.048505
4.46987 0.0503169
4.48114 0.0501523
4.50726 0.0518832
4.51443 0.0510228
4.53168 0.050895
4.54482 0.0491581
4.56446 0.0492633
4.58119 0.0493554
4.59758 0.049811
4.61466 0.0498346
4.629 0.0494803
4.64556 0.0512953
4.66127 0.0528833
4.67698 0.0540229
4.69269 0.0552701
4.70839 0.0562363
4.72393 0.0569568
4.73913 0.0577122
4.75501 0.0583731
4.7702 0.0588265
4.78523 0.0592232
4.80128 0.0595703
4.81562 0.059624
4.83116 0.059796
4.93258 0.0574465
4.94948 0.0556407
4.96364 0.0525606
4.98225 0.0501155
4.99915 0.0483511
5.01981 0.0469322
5.03671 0.0478157
5.0572 0.0490887
5.07462 0.0498276
5.09459 0.0508492
5.11201 0.051368
5.12584 0.051322
5.1436 0.0510318
5.16187 0.0507778
5.18048 0.0513056
5.19721 0.0516424
5.21326 0.0516871
5.22965 0.0513512
5.24673 0.0510573
5.26278 0.0528001
5.27883 0.0543251
5.29487 0.0556595
5.31092 0.056702
5.32697 0.0576143
5.34268 0.0584125
5.35856 0.0591109
5.37461 0.0597221
5.38947 0.0601318
5.40586 0.0604903
5.42071 0.060679
5.43574 0.0607192
5.45196 0.0608793
5.55131 0.0581444
5.56087 0.0552513
5.5858 0.0525949
5.59622 0.0505205
5.62336 0.0489555
5.63378 0.047461
5.66076 0.0495284
5.67117 0.0493374
5.69849 0.0512952
5.70856 0.0508833
5.73588 0.0525229
5.74459 0.0517075
5.76286 0.0519941
5.77345 0.0502448
5.79103 0.0498392
5.80128 0.0484843
5.81101 0.0471738
5.82911 0.046027
5.83884 0.0448987
5.85455 0.0459113
5.87162 0.0476724
5.88767 0.0489634
5.90441 0.0510929
5.92046 0.0529563
5.93633 0.0544618
5.95221 0.0557791
5.96775 0.0566817
5.98312 0.0574715
5.99866 0.0580375
6.01334 0.0584078
6.02922 0.0588569
6.0439 0.0589998
6.14874 0.0569998
6.16223 0.0551248
6.18306 0.0526092
6.19706 0.0504081
6.21942 0.048607
6.23479 0.0471562
6.25682 0.0486366
6.27218 0.0491821
6.29472 0.0505343
6.30958 0.0508425
6.33229 0.0519872
6.34082 0.0512388
6.35516 0.050584
6.36985 0.048886
6.38778 0.0486502
6.40383 0.0485689
6.42022 0.0488728
6.43797 0.0490137
6.45437 0.049262
6.4711 0.0516042
6.48715 0.0535287
6.50303 0.0550876
6.51942 0.0563267
6.5353 0.0572858
6.55118 0.0581251
6.56688 0.0587345
6.58276 0.0592677
6.5983 0.0597342
6.61384 0.0600174
6.62938 0.0603902
6.64406 0.0605915
6.65926 0.0606425
6.75998 0.0578122
6.7692 0.0547107
6.79412 0.0522469
6.80334 0.049966
6.83186 0.0483452
6.84091 0.0469271
6.86925 0.0493112
6.8783 0.0490223
6.90733 0.0512695
6.91569 0.0506108
6.94489 0.0525345
6.95087 0.0513427
6.97033 0.0517998
6.98262 0.0500748
6.99919 0.0499405
7.01609 0.0494479
7.03385 0.0496419
7.0499 0.0496867
7.06731 0.0498509
7.08336 0.0519945
7.09941 0.0537452
7.11546 0.055277
7.13151 0.0563674
7.14739 0.0573215
7.16344 0.0581563
7.17898 0.0587618
7.19468 0.0592915
7.21056 0.0597551
7.2261 0.0601607
7.24147 0.0605156
7.25649 0.0607012
7.27101 0.0607385
7.28706 0.0607712
7.30208 0.0607998
7.31557 0.0605748
7.33196 0.060503
7.34784 0.0624401
7.35621 0.0632601
7.3673 0.0634776
7.37738 0.0632929
7.3924 0.0630063
7.40265 0.0620055
7.41511 0.0616298
7.42706 0.0614261
7.44107 0.0617478
7.4537 0.0616543
7.47334 0.0628225
7.49024 0.0643447
7.5068 0.0661766
7.52063 0.0677796
7.53736 0.0698071
7.65415 0.0669562
7.66286 0.0632117
7.69171 0.0599352
7.70845 0.0581933
7.72911 0.0592942
7.74584 0.0586324
7.7665 0.0585533
7.78323 0.0579842
7.80389 0.0579862
7.81192 0.0563629
7.8208 0.0539425
7.84146 0.0519497
7.84948 0.050206
7.85836 0.0486802
7.87902 0.0473452
7.88704 0.0461771
7.89592 0.0450299
7.91641 0.0466512
7.92444 0.0464448
7.93331 0.0463892
7.9538 0.0478405
7.96183 0.0474855
7.97071 0.0472998
7.9912 0.0486373
7.99786 0.0480576
8.00793 0.0478004
8.01476 0.0473254
8.02893 0.0460347
8.03542 0.0450304
8.04583 0.0441516
8.05266 0.0433826
8.06649 0.0427098
8.08306 0.0433711
8.09911 0.0446997
8.11857 0.0482372
8.13103 0.0520826
8.14486 0.0553223
8.16108 0.058157
8.17696 0.0605123
8.19455 0.0624483
8.31765 0.0603923
8.32534 0.0575932
8.35522 0.0551441
8.3629 0.0528761
8.39261 0.0546416
8.40064 0.0534364
8.43 0.0552568
8.43803 0.0540997
8.4674 0.0557122
8.47354 0.0541232
8.48806 0.0536078
8.50496 0.0515318
8.51896 0.0507154
8.53552 0.0502509
8.55072 0.0497196
8.56779 0.0496296
8.58418 0.0495509
8.59904 0.0513571
8.6144 0.0529374
8.63028 0.0541952
8.6465 0.0551708
8.66153 0.0560245
8.67621 0.0567714
8.69295 0.057425
8.70746 0.0578719
8.72095 0.0580129
8.73239 0.0577613
8.74314 0.0569161
8.75936 0.0563016
8.7761 0.0562639
8.7901 0.0564809
8.80717 0.0574208
8.82578 0.0584932
8.84217 0.0594315
8.85396 0.0616276
8.86983 0.0637992
8.88298 0.0651993
8.99516 0.0626744
9.00387 0.0594651
9.03272 0.0566569
9.04143 0.0543248
9.07029 0.0522842
9.08463 0.0511237
9.10768 0.0529832
9.12202 0.0528603
9.14507 0.0538778
9.15941 0.0536431
9.18246 0.0544377
9.19117 0.053383
9.20927 0.0529601
9.22003 0.0510901
9.2383 0.0505788
9.24683 0.0488815
9.25759 0.0473963
9.27603 0.0462217
9.2844 0.045194
9.30232 0.0465448
9.31786 0.0482267
9.33562 0.0495733
9.35167 0.0517517
9.36977 0.0536577
9.38496 0.0553255
9.39094 0.0552848
9.40835 0.0554992
9.42731 0.0558118
9.43567 0.0552103
9.45189 0.055934
9.46794 0.0563173
9.47716 0.0555276
9.49253 0.0557117
9.51319 0.0564977
9.52924 0.0571855
9.54495 0.0584123
9.554 0.0606108
9.57227 0.0630344
9.58524 0.0641551
9.60198 0.0651357
9.61922 0.0663688
9.74011 0.0639477
9.75513 0.0617042
9.77767 0.0586162
9.79269 0.0559142
9.81506 0.0564249
9.83009 0.0559968
9.85245 0.0564972
9.86748 0.055935
9.88985 0.0563182
9.89804 0.0550284
9.91307 0.0538998
9.92758 0.0519124
9.94261 0.0509233
9.95063 0.0491829
9.96514 0.047785
9.98017 0.0465619
9.98819 0.0454917
10.0044 0.0465552
10.0217 0.0477358
10.0374 0.0488938
10.0536 0.0509071
10.0643 0.0520437
10.0807 0.0529132
10.0961 0.0536741
10.1024 0.0530898
10.1192 0.0533286
10.1367 0.0536625
10.1523 0.0539547
10.1637 0.0548354
10.182 0.0557309
10.1975 0.0563896
10.2129 0.0568409
10.2289 0.0578608
10.2448 0.0585032
10.2528 0.0600653
10.2703 0.0616821
10.2863 0.0632219
10.3051 0.0649441
10.3211 0.0664511
10.44 0.0637697
10.4559 0.0614235
10.4779 0.0584956
10.4934 0.0559336
10.5153 0.0564419
10.5308 0.0560117
10.5527 0.0563852
10.5682 0.0559621
10.5901 0.0564668
10.5988 0.0551585
10.616 0.0542636
10.6276 0.0521057
10.6363 0.0503425
10.6536 0.0486747
10.6652 0.0473403
10.6739 0.0460478
10.6911 0.0450418
10.707 0.0461616
10.7236 0.0476414
10.7408 0.0500612
10.757 0.0520536
10.7739 0.0537969
10.7876 0.0550723
10.8028 0.0559382
10.819 0.0566959
10.8289 0.056484
10.8445 0.0565485
10.861 0.0568549
10.8692 0.055998
10.8849 0.0559983
10.9008 0.0559985
10.9211 0.0564987
10.9372 0.0579363
10.9452 0.0583193
10.9616 0.0606544
10.9773 0.0626976
10.9852 0.0628604
11.0055 0.0635028
