1 8237
1.00171 8488
1.01526 8732
1.02721 8969
1.04049 9200
1.0531 9425
1.06559 9645
1.07807 9859
1.09042 10069
1.10264 10274
1.11499 10475
1.12747 10672
1.13996 10866
1.15231 11056
1.16466 11243
1.17727 11427
1.18989 11608
1.20237 11786
1.21485 11961
1.22734 12134
1.24566 5040
1.28577 5451
1.30343 5831
1.32667 6186
1.32694 6521
1.35058 6838
1.36213 7141
1.37448 7431
1.38603 7710
1.39838 7978
1.41233 8237
1.42587 8488
1.43729 8732
1.44991 8969
1.4612 9200
1.47435 9425
1.48656 9645
1.49918 9859
1.5114 10069
1.52415 10274
1.53676 10475
1.54924 10672
1.56133 10866
1.57368 11056
1.5859 11243
1.59851 11427
1.61086 11608
1.62348 11786
1.63583 11961
1.64845 12134
1.6673 5040
1.70847 5451
1.72613 5831
1.75044 6186
1.75562 6521
1.77447 6838
1.78842 7141
1.79838 7431
1.81259 7710
1.82228 7978
1.83636 8237
1.84964 8488
1.86225 8732
1.87553 8969
1.88775 9200
1.9005 9425
1.91325 9645
1.92573 9859
1.93795 10069
1.95017 10274
1.96225 10475
1.97447 10672
1.98642 10866
1.99877 11056
2.01072 11243
2.02308 11427
2.03503 11608
2.04724 11786
2.05906 11961
2.07115 12134
2.08868 5040
2.12732 5451
2.14592 5831
2.16969 6186
2.17473 6521
2.19372 6838
2.20488 7141
2.21763 7431
2.22918 7710
2.24153 7978
2.25468 8237
2.2669 8488
2.27911 8732
2.29133 8969
2.30355 9200
2.31577 9425
2.32798 9645
2.3402 9859
2.35242 10069
2.36464 10274
2.37685 10475
2.38907 10672
2.40102 10866
2.41337 11056
2.42493 11243
2.43741 11427
2.44923 11608
2.46171 11786
2.47406 11961
2.48655 12134
2.50394 5040
2.54299 5451
2.56158 5831
2.58548 6186
2.58867 6521
2.60939 6838
2.62134 7141
2.63342 7431
2.64564 7710
2.65733 7978
2.67114 8237
2.68389 8488
2.69637 8732
2.70885 8969
2.72147 9200
2.73409 9425
2.7463 9645
2.75879 9859
2.7714 10069
2.78389 10274
2.79637 10475
2.80885 10672
2.82107 10866
2.83382 11056
2.84564 11243
2.85865 11427
2.87074 11608
2.88362 11786
2.89624 11961
2.90859 12134
2.92678 5040
2.96622 5451
2.98481 5831
3.00819 6186
3.00845 6521
3.03209 6838
3.04378 7141
3.05599 7431
3.06821 7710
3.0799 7978
3.09371 8237
3.10593 8488
3.11894 8732
3.13116 8969
3.14364 9200
3.15612 9425
3.16861 9645
3.18109 9859
3.19371 10069
3.20619 10274
3.21867 10475
3.23102 10672
3.24351 10866
3.25559 11056
3.26808 11243
3.28016 11427
3.29278 11608
3.30539 11786
3.31814 11961
3.33049 12134
3.34868 5040
3.38799 5451
3.40725 5831
3.43115 6186
3.43514 6521
3.45506 6838
3.46794 7141
3.47896 7431
3.49277 7710
3.50287 7978
3.51654 8237
3.52664 8488
3.54032 8732
3.55041 8969
3.56409 9200
3.57099 9425
3.58348 9645
3.59596 9859
3.60844 10069
3.62092 10274
3.63341 10475
3.64589 10672
3.65824 10866
3.67059 11056
3.68308 11243
3.69476 11427
3.70764 11608
3.71973 11786
3.73248 11961
3.74483 12134
3.76329 5040
3.80512 5451
3.82238 5831
3.84336 6186
3.84363 6521
3.86727 6838
3.87617 7141
3.89117 7431
3.90007 7710
3.91508 7978
3.93048 8237
3.94389 8488
3.95638 8732
3.96873 8969
3.98121 9200
3.99423 9425
4.00684 9645
4.01932 9859
4.03181 10069
4.04429 10274
4.05677 10475
4.06899 10672
4.08161 10866
4.09343 11056
4.10618 11243
4.11773 11427
4.13074 11608
4.1427 11786
4.15531 11961
4.16753 12134
4.18559 5040
4.22822 5451
4.24575 5831
4.26939 6186
4.26965 6521
4.29329 6838
4.30604 7141
4.3172 7431
4.32994 7710
4.34203 7978
4.35664 8237
4.36925 8488
4.38174 8732
4.39422 8969
4.4067 9200
4.41919 9425
4.43167 9645
4.44415 9859
4.45664 10069
4.46912 10274
4.48107 10475
4.49302 10672
4.50537 10866
4.51666 11056
4.52968 11243
4.54123 11427
4.55464 11608
4.56699 11786
4.57881 11961
4.59103 12134
4.60258 12304
4.61573 12472
4.62835 12638
4.64614 5040
4.68067 5451
4.70444 5831
4.72821 6186
4.73312 6521
4.75212 6838
4.75743 7141
4.77602 7431
4.78824 7710
4.79992 7978
4.8132 8237
4.82569 8488
4.83844 8732
4.85092 8969
4.8634 9200
4.87588 9425
4.88837 9645
4.90085 9859
4.91333 10069
4.92582 10274
4.93764 10475
4.95025 10672
4.96234 10866
4.97429 11056
4.98598 11243
4.99846 11427
5.00988 11608
5.02303 11786
5.03418 11961
5.04813 12134
5.05902 12304
5.07269 12472
5.08385 12638
5.09673 12802
5.11559 5040
5.15291 5451
5.17721 5831
5.20124 6186
5.21147 6521
5.22528 6838
5.23577 7141
5.24919 7431
5.25968 7710
5.27309 7978
5.28584 8237
5.29832 8488
5.3112 8732
5.32369 8969
5.33617 9200
5.34865 9425
5.36114 9645
5.37362 9859
5.3861 10069
5.39766 10274
5.40974 10475
5.42143 10672
5.43311 10866
5.4456 11056
5.45755 11243
5.4703 11427
5.48265 11608
5.49487 11786
5.50761 11961
5.52036 12134
5.53311 12304
5.54573 12472
5.56459 5040
5.60204 5451
5.62634 5831
5.6513 6186
5.65834 6521
5.67521 6838
5.68836 7141
5.69911 7431
5.71345 7710
5.72302 7978
5.73723 8237
5.74679 8488
5.761 8732
5.77056 8969
5.78477 9200
5.79101 9425
5.80376 9645
5.81624 9859
5.82872 10069
5.84121 10274
5.85369 10475
5.86591 10672
5.87839 10866
5.89061 11056
5.90256 11243
5.91504 11427
5.9274 11608
5.94107 11786
5.95342 11961
5.96631 12134
5.98503 5040
6.02261 5451
6.04652 5831
6.07122 6186
6.07507 6521
6.09512 6838
6.108 7141
6.11903 7431
6.13204 7710
6.14293 7978
6.15674 8237
6.17055 8488
6.18277 8732
6.19552 8969
6.208 9200
6.22062 9425
6.23323 9645
6.24572 9859
6.25833 10069
6.27042 10274
6.2825 10475
6.29445 10672
6.30614 10866
6.31823 11056
6.32965 11243
6.34213 11427
6.35421 11608
6.36723 11786
6.38024 11961
6.39339 12134
6.40574 12304
6.41849 12472
6.43084 12638
6.4497 5040
6.48595 5451
6.5076 5831
6.5315 6186
6.53482 6521
6.55541 6838
6.57081 7141
6.57931 7431
6.59472 7710
6.60321 7978
6.61849 8237
6.62699 8488
6.64226 8732
6.65076 8969
6.66603 9200
6.6724 9425
6.68489 9645
6.6975 9859
6.70999 10069
6.7226 10274
6.73416 10475
6.74677 10672
6.75779 10866
6.76988 11056
6.78156 11243
6.79405 11427
6.80666 11608
6.81941 11786
6.83283 11961
6.84557 12134
6.85806 12304
6.87081 12472
6.88927 5040
6.93336 5451
6.95088 5831
6.97466 6186
6.98169 6521
6.99869 6838
7.01543 7141
7.0226 7431
7.03973 7710
7.0465 7978
7.0635 8237
7.07027 8488
7.08727 8732
7.09444 8969
7.11104 9200
7.11755 9425
7.13003 9645
7.14252 9859
7.155 10069
7.16748 10274
7.1789 10475
7.19112 10672
7.20281 10866
7.21396 11056
7.22618 11243
7.2384 11427
7.25141 11608
7.26389 11786
7.27638 11961
7.29006 12134
7.3028 12304
7.31529 12472
7.3279 12638
7.34703 5040
7.39059 5451
7.40904 5831
7.43521 6186
7.44238 6521
7.45911 6838
7.47186 7141
7.48301 7431
7.49669 7710
7.50692 7978
7.52046 8237
7.53069 8488
7.54424 8732
7.55446 8969
7.56801 9200
7.57451 9425
7.587 9645
7.59948 9859
7.61196 10069
7.62445 10274
7.63666 10475
7.64848 10672
7.66083 10866
7.67239 11056
7.685 11243
7.69656 11427
7.70984 11608
7.72338 11786
7.73587 11961
7.74875 12134
7.7676 5040
7.80519 5451
7.82936 5831
7.85326 6186
7.85937 6521
7.8773 6838
7.88832 7141
7.9012 7431
7.91262 7710
7.92511 7978
7.93732 8237
7.95246 8488
7.96521 8732
7.97796 8969
7.99031 9200
8.00306 9425
8.01554 9645
8.02829 9859
8.04077 10069
8.05312 10274
8.06534 10475
8.07716 10672
8.08872 10866
8.1004 11056
8.11196 11243
8.12484 11427
8.13599 11608
8.14914 11786
8.16189 11961
8.1745 12134
8.18712 12304
8.19987 12472
8.21222 12638
8.23121 5040
8.2749 5451
8.2923 5831
8.3166 6186
8.32683 6521
8.3405 6838
8.35086 7141
8.36441 7431
8.37477 7710
8.38858 7978
8.40265 8237
8.4158 8488
8.42828 8732
8.44077 8969
8.45325 9200
8.46693 9425
8.47941 9645
8.4919 9859
8.50438 10069
8.51686 10274
8.52921 10475
8.54143 10672
8.55378 10866
8.56573 11056
8.57808 11243
8.5907 11427
8.60451 11608
8.61739 11786
8.62948 11961
8.64223 12134
8.66108 5040
8.6984 5451
8.7227 5831
8.7482 6186
8.75245 6521
8.77224 6838
8.78459 7141
8.79614 7431
8.80889 7710
8.82044 7978
8.83306 8237
8.84621 8488
8.85869 8732
8.87117 8969
8.88366 9200
8.89667 9425
8.90915 9645
8.92164 9859
8.93412 10069
8.94647 10274
8.95842 10475
8.97077 10672
8.98246 10866
8.99494 11056
9.00596 11243
9.01845 11427
9.0304 11608
9.04341 11786
9.05656 11961
9.06971 12134
9.08232 12304
9.09468 12472
9.10716 12638
9.11964 12802
9.13823 5040
9.18007 5451
9.19839 5831
9.22256 6186
9.22668 6521
9.24713 6838
9.26028 7141
9.27103 7431
9.28471 7710
9.29494 7978
9.30848 8237
9.32176 8488
9.33438 8732
9.34686 8969
9.35935 9200
9.37183 9425
9.38418 9645
9.396 9859
9.40795 10069
9.41937 10274
9.43106 10475
9.44301 10672
9.45443 10866
9.46678 11056
9.47887 11243
9.49135 11427
9.50423 11608
9.51711 11786
9.52986 11961
9.54234 12134
9.55509 12304
9.56731 12472
9.5867 5040
9.62362 5451
9.64805 5831
9.67209 6186
9.68192 6521
9.69599 6838
9.70582 7141
9.7199 7431
9.72972 7710
9.7438 7978
9.75868 8237
9.77156 8488
9.78391 8732
9.79692 8969
9.80967 9200
9.82215 9425
9.83477 9645
9.84725 9859
9.85974 10069
9.87222 10274
9.88417 10475
9.89679 10672
9.90821 10866
9.92082 11056
9.93304 11243
9.94552 11427
9.9592 11608
9.97169 11786
9.9843 11961
9.99679 12134
10.0155 5040
10.0587 5451
10.0763 5831
10.1004 6186
10.1077 6521
10.1251 6838
10.1385 7141
10.1491 7431
10.1627 7710
10.173 7978
10.188 8237
10.1989 8488
10.2129 8732
10.2256 8969
10.2381 9200
10.2507 9425
10.2636 9645
10.2761 9859
10.2885 10069
10.301 10274
10.3135 10475
10.326 10672
10.3385 10866
10.3508 11056
10.3626 11243
10.375 11427
10.3875 11608
10.4 11786
10.4131 11961
10.4256 12134
10.4446 5040
10.4877 5451
10.5054 5831
10.5298 6186
10.534 6521
10.5539 6838
10.5665 7141
10.5778 7431
10.5907 7710
10.6017 7978
10.6148 8237
10.6279 8488
10.6407 8732
10.6533 8969
10.6658 9200
10.6783 9425
10.6908 9645
10.703 9859
10.7156 10069
10.7281 10274
10.7405 10475
10.7523 10672
10.7633 10866
10.7755 11056
10.7856 11243
10.799 11427
10.8102 11608
10.8233 11786
10.8362 11961
10.8487 12134
10.8612 12304
10.8742 12472
10.8864 12638
10.8992 12802
10.918 5040
10.9617 5451
10.9792 5831
11.0035 6186
11.0273 6521
11.0512 6838
11.0552 7141
11.0752 7431
11.0893 7710
11.0991 7978
11.1131 8237
11.1229 8488
11.1368 8732
11.1467 8969
11.1606 9200
11.167 9425
11.1795 9645
11.1921 9859
11.2046 10069
11.2171 10274
11.2294 10475
11.2415 10672
11.254 10866
11.2651 11056
11.2775 11243
11.29 11427
11.3024 11608
11.3169 11786
11.3291 11961
11.3419 12134
11.3538 12304
11.3665 12472
11.3787 12638
11.3912 12802
11.4072 5040
11.4366 5451
11.4615 5831
11.4856 6186
11.492 6521
11.5098 6838
11.5236 7141
11.5337 7431
11.5475 7710
11.5576 7978
11.5731 8237
11.5824 8488
11.597 8732
11.6063 8969
11.6208 9200
11.627 9425
11.6395 9645
11.651 9859
11.6629 10069
11.6746 10274
11.6845 10475
11.6977 10672
11.7083 10866
11.7225 11056
11.7334 11243
11.7469 11427
11.7607 11608
11.7736 11786
11.7861 11961
11.7985 12134
11.8112 12304
11.8302 5040
11.8676 5451
11.8916 5831
11.9156 6186
11.9229 6521
11.9395 6838
11.9469 7141
11.9634 7431
11.9708 7710
11.9873 7978
12.0015 8237
12.0166 8488
12.0297 8732
12.0421 8969
12.0552 9200
12.0679 9425
12.0804 9645
12.0927 9859
12.1038 10069
12.1145 10274
12.1269 10475
12.1371 10672
12.1496 10866
12.1605 11056
12.1734 11243
12.1857 11427
12.1979 11608
12.2116 11786
12.2249 11961
12.2374 12134
12.2497 12304
12.2622 12472
12.2811 5040
12.3245 5451
12.3421 5831
12.3662 6186
12.3752 6521
12.3901 6838
12.3994 7141
12.414 7431
12.4233 7710
12.4383 7978
12.4537 8237
12.4664 8488
12.4787 8732
12.493 8969
12.5039 9200
12.5173 9425
12.5298 9645
12.5423 9859
12.5548 10069
12.5672 10274
12.5796 10475
12.5915 10672
12.604 10866
12.6157 11056
12.6282 11243
12.6403 11427
12.653 11608
12.6664 11786
12.6791 11961
12.6917 12134
12.7096 5040
12.7468 5451
12.7703 5831
12.7941 6186
12.8 6521
12.818 6838
12.8242 7141
12.8419 7431
12.8557 7710
12.8658 7978
12.8809 8237
12.8942 8488
12.9067 8732
12.9194 8969
12.9316 9200
12.9443 9425
12.9567 9645
12.9692 9859
12.9817 10069
12.993 10274
13.0051 10475
13.0162 10672
13.0275 10866
13.0392 11056
13.051 11243
13.0639 11427
13.0761 11608
13.0886 11786
13.1016 11961
13.1141 12134
13.1266 12304
13.1391 12472
13.1516 12638
13.1701 5040
13.2138 5451
13.2304 5831
13.2545 6186
13.2594 6521
13.2784 6838
13.2906 7141
13.3023 7431
13.3148 7710
13.3267 7978
13.3408 8237
13.3537 8488
13.3662 8732
13.3786 8969
13.3911 9200
13.4036 9425
13.4161 9645
13.4286 9859
13.4411 10069
13.4535 10274
13.466 10475
13.4785 10672
13.491 10866
13.5035 11056
13.5158 11243
13.5283 11427
13.5408 11608
13.5533 11786
13.5659 11961
13.5784 12134
13.5971 5040
13.6408 5451
13.6582 5831
13.6824 6186
13.6883 6521
13.7063 6838
13.713 7141
13.7302 7431
13.7369 7710
13.7541 7978
13.7671 8237
13.7797 8488
13.794 8732
13.8073 8969
13.819 9200
13.8322 9425
13.8444 9645
13.857 9859
13.8695 10069
13.882 10274
13.8944 10475
13.9069 10672
13.9189 10866
13.9315 11056
13.9437 11243
13.9554 11427
13.9676 11608
13.9825 11786
13.9948 11961
14.0075 12134
14.0262 5040
14.0632 5451
14.0873 5831
14.111 6186
14.117 6521
14.1353 6838
14.1462 7141
14.1592 7431
14.1707 7710
14.1831 7978
14.1955 8237
14.2097 8488
14.2237 8732
14.2361 8969
14.2488 9200
14.2612 9425
14.2737 9645
14.2865 9859
14.2989 10069
14.3117 10274
14.3242 10475
14.3365 10672
14.3484 10866
14.3598 11056
14.3708 11243
14.3814 11427
14.394 11608
14.4047 11786
14.4181 11961
14.4296 12134
14.4421 12304
14.4554 12472
14.4688 12638
14.4813 12802
14.4938 12963
14.5062 13122
14.5254 5760
14.575 6120
14.5866 6458
14.5988 6779
14.6106 7084
14.6228 7376
14.6345 7657
14.6468 7927
14.6596 8188
14.6722 8441
14.6874 8686
14.6987 8924
14.7136 9156
14.7266 9382
14.739 9603
14.7519 9818
14.7644 10029
14.777 10235
14.7894 10437
14.802 10635
14.8145 10829
14.826 11020
14.8385 11208
14.8486 11393
14.8623 11575
14.873 11754
14.8865 11930
14.8984 12103
14.911 12274
14.9246 12442
14.9376 12608
14.9501 12772
14.9687 5040
15.0125 5451
15.03 5831
15.0539 6186
15.0594 6521
15.0778 6838
15.0866 7141
15.1032 7431
15.1105 7710
15.1271 7978
15.1373 8237
15.1523 8488
15.1649 8732
15.1773 8969
15.19 9200
15.2023 9425
15.2151 9645
15.2279 9859
15.2404 10069
15.2531 10274
15.2655 10475
15.2773 10672
15.2896 10866
15.3004 11056
15.3123 11243
15.3244 11427
15.3372 11608
15.3498 11786
15.3623 11961
15.375 12134
15.3882 12304
15.4007 12472
15.4131 12638
15.4324 5040
15.4758 5451
15.4941 5831
15.5182 6186
15.5288 6521
15.5421 6838
15.5528 7141
15.566 7431
15.5768 7710
15.5908 7978
15.6048 8237
15.6173 8488
15.6296 8732
15.6422 8969
15.6547 9200
15.6685 9425
15.681 9645
15.6935 9859
15.706 10069
15.7187 10274
15.7312 10475
15.7438 10672
15.7562 10866
15.7686 11056
15.7813 11243
15.7937 11427
15.8074 11608
15.8202 11786
15.8328 11961
15.8453 12134
15.864 5040
15.901 5451
15.9256 5831
15.9506 6186
15.9595 6521
15.9745 6838
15.9887 7141
15.9984 7431
16.0129 7710
16.0305 7978
16.0427 8237
16.0564 8488
16.0686 8732
16.0813 8969
16.0936 9200
16.106 9425
16.1184 9645
16.1307 9859
16.1431 10069
16.155 10274
16.1674 10475
16.1781 10672
16.19 10866
16.2018 11056
16.2134 11243
16.2253 11427
16.2378 11608
16.2514 11786
16.2639 11961
16.2763 12134
16.289 12304
16.3016 12472
16.3139 12638
16.3264 12802
16.345 5040
16.3856 5451
16.4026 5831
16.4265 6186
16.4338 6521
16.4514 6838
16.4656 7141
16.4753 7431
16.4896 7710
16.4992 7978
16.5134 8237
16.523 8488
16.5372 8732
16.5467 8969
16.5609 9200
16.5676 9425
16.5799 9645
16.5923 9859
16.6044 10069
16.6155 10274
16.6279 10475
16.6384 10672
16.65 10866
16.6624 11056
16.6751 11243
16.6867 11427
16.6997 11608
16.7114 11786
16.7244 11961
16.7364 12134
16.7486 12304
16.7605 12472
16.7797 5040
16.8164 5451
16.8398 5831
16.8633 6186
16.8636 6521
16.8872 6838
16.9008 7141
16.9111 7431
16.9248 7710
16.935 7978
16.9504 8237
16.9642 8488
16.9761 8732
16.9904 8969
17.0013 9200
17.0159 9425
17.0284 9645
17.0414 9859
17.054 10069
17.0665 10274
17.0792 10475
17.0917 10672
17.1041 10866
17.116 11056
17.1285 11243
17.1407 11427
17.1539 11608
17.1661 11786
17.1786 11961
17.1913 12134
17.2103 5040
17.2524 5451
17.27 5831
17.2943 6186
17.3005 6521
17.3182 6838
17.3244 7141
17.3421 7431
17.3484 7710
17.366 7978
17.3771 8237
17.3915 8488
17.4075 8732
17.4208 8969
17.4333 9200
17.4458 9425
17.4583 9645
17.4707 9859
17.4832 10069
17.4957 10274
17.5077 10475
17.5197 10672
17.5317 10866
17.5433 11056
17.5549 11243
17.567 11427
17.5798 11608
17.5931 11786
17.6054 11961
17.6179 12134
17.6306 12304
17.6431 12472
17.6556 12638
17.6743 5040
17.7166 5451
17.7359 5831
17.7604 6186
17.765 6521
17.7855 6838
17.796 7141
17.8094 7431
17.8199 7710
17.8333 7978
17.8484 8237
17.8592 8488
17.8735 8732
17.886 8969
17.8985 9200
17.911 9425
17.9235 9645
17.9359 9859
17.9484 10069
17.9602 10274
17.9723 10475
17.9839 10672
17.9961 10866
18.0078 11056
18.0199 11243
18.0325 11427
18.045 11608
18.0575 11786
18.0705 11961
18.0834 12134
18.1019 5040
18.1456 5451
18.1632 5831
18.1869 6186
18.1918 6521
18.2108 6838
18.2225 7141
18.2349 7431
18.2475 7710
18.2588 7978
18.2739 8237
18.2867 8488
18.2993 8732
18.3119 8969
18.3244 9200
18.3371 9425
18.3496 9645
18.3621 9859
18.3746 10069
18.3871 10274
18.3994 10475
18.4111 10672
18.4224 10866
18.4346 11056
18.4442 11243
18.458 11427
18.4678 11608
18.4816 11786
18.4933 11961
18.5053 12134
18.5183 12304
18.5321 12472
18.5444 12638
18.557 12802
18.5698 12963
18.5823 13122
18.6007 5760
18.6488 6120
18.6621 6458
18.6726 6779
18.6869 7084
18.6968 7376
18.711 7657
18.7208 7927
18.7353 8188
18.7446 8441
18.7593 8686
18.7683 8924
18.7831 9156
18.7888 9382
18.8013 9603
18.8138 9818
18.8269 10029
18.8394 10235
18.8519 10437
18.8643 10635
18.8768 10829
18.8893 11020
18.9018 11208
18.9144 11393
18.9252 11575
18.9379 11754
18.9535 11930
18.9659 12103
18.9784 12274
18.9909 12442
19.0034 12608
19.0159 12772
19.0276 12934
19.0402 13094
19.0578 5760
19.106 6120
19.1183 6458
19.1309 6779
19.1428 7084
19.1554 7376
19.1669 7657
19.1793 7927
19.1933 8188
19.2058 8441
19.2183 8686
19.2322 8924
19.2454 9156
19.258 9382
19.2731 9603
19.2829 9818
19.297 10029
19.3095 10235
19.3221 10437
19.3346 10635
19.3469 10829
19.3594 11020
19.3716 11208
19.3831 11393
19.3953 11575
19.408 11754
19.4205 11930
19.4346 12103
19.4463 12274
19.4592 12442
19.471 12608
19.4833 12772
19.4949 12934
19.5058 13094
19.5229 5760
19.5501 6120
19.569 6458
19.5818 6779
19.5929 7084
19.6057 7376
19.6168 7657
19.6296 7927
19.6406 8188
19.654 8441
19.6644 8686
19.6786 8924
19.6887 9156
19.6935 9382
19.703 9603
19.7128 9818
19.7222 10029
19.733 10235
19.7426 10437
19.7513 10635
19.7571 10829
19.7666 11020
19.7768 11208
19.7856 11393
19.795 11575
19.8041 11754
19.8128 11930
19.8221 12103
19.8312 12274
19.8399 12442
19.8491 12608
19.8581 12772
19.8671 12934
19.8763 13094
19.8853 13252
19.8944 13408
19.9031 13562
19.9119 13714
19.9207 13865
19.9294 14014
19.9382 14161
19.947 14307
19.9557 14451
19.9642 14594
19.9729 14736
19.9815 14876
19.9896 15015
19.9977 15153
20.0061 15289
20.0171 6480
20.0436 6800
20.0597 7104
20.0622 7395
20.0784 7675
20.0817 7945
