1 4320
1.08409 1440
1.08441 2880
1.08441 3600
1.28505 4176
1.28602 2880
1.28634 3600
1.28666 4176
1.48698 4672
1.48762 2880
1.48794 3600
1.48825 4176
1.48857 4672
1.48889 5115
1.4892 5520
1.48952 5895
1.48984 6246
1.49015 6577
1.49047 2880
1.49078 3600
1.4911 4176
1.49142 4672
1.49173 5115
1.49205 5520
1.49237 5895
1.49269 6246
1.493 6577
1.49332 2880
1.49364 3600
1.49396 4176
1.49427 4672
1.49459 5115
1.49491 5520
1.49523 5895
1.49555 6246
1.49555 6577
1.49585 6892
1.49586 7192
1.49616 7480
1.49617 7757
1.49649 8024
1.4968 2880
1.49711 3600
1.49742 4176
1.49774 4672
1.49806 5115
1.49838 5520
1.4987 5895
1.499 6246
1.49901 6577
1.49931 6892
1.49932 7192
1.49964 7480
1.49964 7757
1.49995 8024
1.49996 8282
1.50027 8532
1.50028 8775
1.50059 9011
1.5006 9241
1.50091 9465
1.50091 3600
1.50124 4176
1.50155 4672
1.50185 5115
1.50216 5520
1.50249 5895
1.5028 2880
1.50312 3600
1.50344 4176
1.50374 4672
1.50406 5115
1.50438 5520
1.5047 5895
1.50501 6246
1.50501 6577
1.50533 6892
1.50564 2880
1.50596 3600
1.50628 4176
1.5066 4672
1.50692 5115
1.50724 5520
1.50755 5895
1.50787 6246
1.50787 6577
1.50819 6892
1.50851 2880
1.50883 3600
1.50915 4176
1.50946 4672
1.50978 5115
1.5101 5520
1.51042 5895
1.51073 6246
1.51073 6577
1.51105 6892
1.51105 7192
1.51137 7480
1.51137 7757
1.51169 8024
1.51199 2880
1.51229 3600
1.5126 4176
1.71292 4672
1.71389 2880
1.71454 3600
1.71551 2880
1.71583 3600
1.7168 2880
1.71712 3600
1.71809 2880
1.71841 3600
1.71938 2880
1.7197 3600
1.72067 2880
1.72099 3600
1.72196 2880
1.72228 3600
1.7232 2880
1.72341 3600
1.72361 4176
1.72383 4672
1.72405 5115
1.72427 5520
1.72451 5895
1.72477 6246
1.72478 6577
1.72504 6892
1.72504 7192
1.72534 7480
1.72534 7757
1.72566 8024
1.72598 2880
1.72659 3600
1.72689 4176
1.72721 4672
1.72753 5115
1.72815 2880
1.72847 3600
1.72879 4176
1.92911 4672
1.92974 2880
1.93006 3600
1.93038 4176
1.9307 4672
1.93101 5115
1.93133 5520
1.93165 5895
1.93197 2880
1.93229 3600
1.93259 4176
1.93291 4672
1.93323 5115
1.93355 5520
1.93387 5895
1.93418 2880
1.9345 3600
1.93481 4176
1.93513 4672
1.93544 5115
1.93575 5520
1.93606 5895
1.93638 6246
1.93734 2880
1.93828 3600
1.9386 4176
1.93893 4672
1.93924 5115
1.93955 5520
1.93987 5895
1.94019 6246
1.94052 6577
1.94146 2880
1.9421 3600
1.94242 4176
1.94274 4672
1.94306 5115
1.94338 5520
1.9437 5895
1.94401 2880
1.94434 3600
1.94465 4176
1.94497 4672
1.94529 5115
1.94592 2880
1.94624 3600
1.94656 4176
1.94688 4672
1.9472 5115
1.94752 5520
1.94783 5895
1.94816 6246
1.94878 2880
1.94942 3600
1.94973 4176
2.15005 4672
2.151 2880
2.15164 3600
2.1526 2880
2.15292 3600
2.15388 2880
2.1542 3600
2.15452 4176
2.35484 4672
2.35547 2880
2.35578 3600
2.35609 4176
2.55641 4672
2.55705 2880
2.55737 3600
2.55768 4176
2.558 4672
2.55832 5115
2.55894 2880
2.55926 3600
2.55956 4176
2.55988 4672
2.56021 5115
2.56081 2880
2.56113 3600
2.56144 4176
2.76176 4672
2.76272 2880
2.76335 3600
2.76367 4176
2.764 4672
2.76432 5115
2.76493 2880
2.76525 3600
2.76556 4176
2.96589 4672
2.96653 2880
2.96685 3600
2.96717 4176
3.1675 4672
3.16814 2880
3.16845 3600
3.16878 4176
3.3691 4672
3.36972 2880
3.37001 3600
3.37033 4176
3.37065 4672
3.37096 5115
3.37126 5520
3.37156 5895
3.37188 6246
3.3725 2880
3.37307 3600
3.37339 4176
3.37371 4672
3.37402 5115
3.37432 5520
3.37459 5895
3.37488 6246
3.37488 6577
3.37519 6892
3.3752 7192
3.37551 7480
3.37552 7757
3.37582 8024
3.37582 8282
3.37613 8532
3.37613 8775
3.37645 9011
3.37645 9241
3.37677 9465
3.37677 3600
3.3771 4176
3.3774 4672
3.37771 5115
3.37803 5520
3.37835 5895
3.37865 6246
3.37866 6577
3.37898 6892
3.37926 2880
3.37957 3600
3.37988 4176
3.38021 4672
3.38052 5115
3.38084 5520
3.38116 5895
3.38148 6246
3.38148 6577
3.38177 6892
3.38178 7192
3.38209 7480
3.3821 7757
3.38241 8024
3.38242 8282
3.38273 8532
3.38273 8775
3.38305 9011
3.38305 9241
3.38306 9465
3.38334 9684
3.38335 9898
3.38335 10107
3.38365 10312
3.38365 10513
3.38366 10710
3.38396 10903
3.38396 11093
3.38396 11279
3.38427 11462
3.38428 11642
3.38428 11820
3.38459 11995
3.3846 12167
3.3846 12337
3.38491 5040
3.38521 5451
3.3855 5831
3.3858 6186
3.3858 6521
3.38611 6838
3.38612 7141
3.38644 7431
3.38644 7710
3.38675 7978
3.38676 8237
3.38704 8488
3.38704 8732
3.38734 8969
3.38734 9200
3.38735 9425
3.38765 9645
3.38765 9859
3.38766 10069
3.38797 10274
3.38798 10475
3.38798 10672
3.38829 10866
3.3883 4320
3.38861 4800
3.38887 5232
3.38915 5628
3.38945 5996
3.38977 6341
3.3904 2880
3.39104 3600
3.39136 4176
3.39168 4672
3.392 5115
3.39258 2880
3.39291 3600
3.39322 4176
3.39354 4672
3.39383 5115
3.39412 5520
3.39444 5895
3.39476 6246
3.39538 2880
3.39596 3600
3.39628 4176
3.5966 4672
4.5966 1440
4.79692 2880
4.79752 3600
4.79784 4176
4.79816 4672
4.79846 5115
4.7987 5520
4.79899 5895
4.7993 6246
4.79931 6577
4.79963 6892
4.79994 2880
4.80024 3600
4.80055 4176
4.80088 4672
4.80119 5115
4.80149 5520
4.8018 5895
4.8021 6246
4.80211 6577
4.80243 6892
4.80275 2880
4.80306 3600
4.80336 4176
4.80367 4672
4.80399 5115
4.80458 2880
4.80487 3600
4.80517 4176
4.80549 4672
4.80581 5115
4.80612 5520
4.80643 5895
4.80671 6246
4.80671 6577
4.80699 6892
4.80699 7192
4.8073 7480
4.80731 7757
4.80763 8024
4.80793 2880
4.80825 3600
4.80855 4176
4.80886 4672
4.80917 5115
4.80949 5520
4.80981 5895
4.81009 6246
4.81009 6577
4.81038 6892
4.81039 7192
4.8107 7480
4.81071 7757
4.81102 8024
4.81134 2880
4.81164 3600
4.81195 4176
4.81227 4672
4.81259 5115
4.8132 2880
4.81348 3600
4.81377 4176
4.8141 4672
4.81442 5115
4.81499 2880
4.81529 3600
4.81559 4176
5.01591 4672
5.01686 2880
5.0175 3600
5.01782 4176
5.01814 4672
5.01844 5115
5.01871 5520
5.01901 5895
5.01933 6246
5.01966 6577
5.02051 2880
5.02114 3600
5.02145 4176
5.02175 4672
5.02206 5115
5.02238 5520
5.02268 5895
5.02297 6246
5.02298 6577
5.02327 6892
5.02328 7192
5.02359 7480
5.02359 7757
5.02391 8024
5.02423 2880
5.02455 3600
5.02486 4176
5.02517 4672
5.02549 5115
5.02612 2880
5.02641 3600
5.02669 4176
5.027 4672
5.02732 5115
5.02761 5520
5.02792 5895
5.02822 6246
5.02822 6577
5.02854 6892
5.02855 7192
5.02885 7480
5.02886 7757
5.02917 8024
5.02948 2880
5.02979 3600
5.03008 4176
5.2304 4672
5.23099 2880
5.23127 3600
5.2316 4176
5.23192 4672
5.23224 5115
5.23252 5520
5.23278 5895
5.23303 6246
5.23304 6577
5.2333 6892
5.2333 7192
5.23359 7480
5.2336 7757
5.23391 8024
5.23391 8282
5.23423 8532
5.23423 8775
5.23455 9011
5.23455 9241
5.23486 9465
5.23487 3600
5.23517 4176
5.23546 4672
5.23577 5115
5.23609 5520
5.23641 5895
5.23668 6246
5.23668 6577
5.23693 6892
5.23694 7192
5.23723 7480
5.23723 7757
5.23755 8024
5.23787 2880
5.23819 3600
5.23848 4176
5.23879 4672
5.23911 5115
5.23943 5520
5.23973 5895
5.23998 6246
5.23998 6577
5.24026 6892
5.24026 7192
5.24058 7480
5.24058 7757
5.2409 8024
5.24122 2880
5.24152 3600
5.24182 4176
5.24211 4672
5.24243 5115
5.24307 2880
5.24336 3600
5.24368 4176
5.244 4672
5.24432 5115
5.24462 5520
5.24493 5895
5.24525 6246
5.24525 6577
5.24556 6892
5.24557 7192
5.24589 7480
5.24589 7757
5.2462 8024
5.24621 8282
5.24652 8532
5.24653 8775
5.24682 9011
5.24682 9241
5.24683 9465
5.24712 9684
5.24713 9898
5.24713 10107
5.24744 10312
5.24744 10513
5.24745 10710
5.24776 10903
5.24776 11093
5.24777 11279
5.24807 11462
5.24807 11642
5.24808 11820
5.24836 11995
5.24836 12167
5.24837 12337
5.24837 12505
5.24868 12670
5.24868 12833
5.24869 12994
5.24869 13153
5.249 13310
5.24901 13465
5.24901 13618
5.24932 5760
5.24963 6120
5.24964 6458
5.24995 6779
5.24995 7084
5.25027 7376
5.25027 7657
5.25059 7927
5.25059 8188
5.2509 8441
5.25091 8686
5.2512 8924
5.25121 9156
5.25121 9382
5.25153 9603
5.25153 9818
5.25154 10029
5.25185 10235
5.25185 10437
5.25186 10635
5.25217 10829
5.25218 11020
5.25218 11208
5.25246 11393
5.25247 11575
5.25247 11754
5.25275 11930
5.25276 12103
5.25276 12274
5.25277 12442
5.25307 12608
5.25307 12772
5.25308 12934
5.25308 13094
5.25339 13252
5.25339 13408
5.2534 13562
5.2534 13714
5.2537 13865
5.2537 14014
5.25371 14161
5.25371 14307
5.25402 14451
5.25403 6480
5.25464 6800
5.25492 7104
5.25492 7395
5.25523 7675
5.25523 7945
5.25555 8205
5.25555 8457
5.25587 8702
5.25619 3600
5.25649 4176
5.2568 4672
5.45712 5115
5.45808 2880
5.45866 3600
5.45896 4176
5.65929 4672
5.66022 2880
5.66082 3600
5.66114 4176
5.66146 4672
5.66177 5115
5.66208 5520
5.6624 5895
5.66272 6246
5.66272 6577
5.66304 6892
5.66304 7192
5.66334 7480
5.66335 7757
5.66365 8024
5.66365 8282
5.66396 8532
5.66397 8775
5.66428 9011
5.66429 9241
5.66429 9465
5.6646 9684
5.66461 9898
5.66461 10107
5.66492 10312
5.66493 10513
5.66493 10710
5.66522 10903
5.66523 11093
5.66523 11279
5.66555 11462
5.66555 11642
5.66555 11820
5.66587 11995
5.66587 12167
5.66588 12337
5.66618 5040
5.66649 5451
5.66681 5831
5.66744 2880
5.66808 3600
5.66898 2880
5.6693 3600
5.66962 4176
5.66993 4672
5.67025 5115
5.67054 5520
5.67086 5895
5.67119 2880
5.6715 3600
5.67181 4176
5.67213 4672
5.67246 5115
5.67308 2880
5.67338 3600
5.67369 4176
5.67401 4672
5.67433 5115
5.67464 5520
5.67495 5895
5.67527 6246
5.67527 6577
5.67557 6892
5.67558 7192
5.67589 7480
5.6759 7757
5.67621 8024
5.67622 8282
5.67652 8532
5.67653 8775
5.67682 9011
5.67682 9241
5.67683 9465
5.67713 9684
5.67713 9898
5.67714 10107
5.67743 10312
5.67744 10513
5.67744 10710
5.67775 10903
5.67776 11093
5.67776 11279
5.67808 11462
5.67808 4320
5.6784 4800
5.6787 5232
5.67899 5628
5.67929 5996
5.67961 6341
5.67991 6668
5.6802 2880
5.6805 3600
5.68082 4176
5.68114 4672
5.68145 5115
5.68176 5520
5.68206 5895
5.68238 6246
5.68301 2880
5.68359 3600
5.68391 4176
5.68423 4672
5.68454 5115
5.68483 5520
5.68513 5895
5.68545 6246
5.68577 6577
5.68665 2880
5.68727 3600
5.88759 4176
5.88847 2880
5.88871 3600
5.88898 4176
5.88927 4672
5.8896 5115
5.89022 2880
5.89054 3600
5.89086 4176
5.89119 4672
5.89148 5115
5.89175 5520
5.89204 5895
5.89236 6246
5.89236 6577
5.89268 6892
5.89269 7192
5.893 7480
5.89301 7757
5.89331 8024
5.89331 8282
5.89361 8532
5.89362 8775
5.89391 9011
5.89392 9241
5.89392 9465
5.89423 9684
5.89424 9898
5.89424 10107
5.89455 10312
5.89456 10513
5.89456 10710
5.89487 10903
5.89488 11093
5.89488 11279
5.89519 11462
5.8952 11642
5.8952 11820
5.89549 11995
5.89549 12167
5.8955 12337
5.8955 12505
5.89581 12670
5.89581 12833
5.89582 12994
5.89582 13153
5.89612 13310
5.89612 13465
5.89613 13618
5.89613 13770
5.89642 13920
5.89643 14068
5.89643 14215
5.89644 14360
5.89673 14504
5.89673 14646
5.89673 14787
5.89674 14927
5.89701 15065
5.89702 15202
5.89702 15338
5.89703 15473
5.89703 15607
5.89733 15739
5.89733 15870
5.89734 16000
5.89734 16129
5.89735 16257
5.89765 16384
5.89765 16510
5.89766 16635
5.89766 16759
5.89767 16882
5.89797 17004
5.89797 17125
5.89798 17246
5.89798 17366
5.89798 17485
5.89827 17603
5.89828 17720
5.89828 17837
5.89829 17953
5.89829 18068
5.8983 18182
5.89859 18296
5.89859 18409
5.8986 18521
5.8986 18632
5.89861 18743
5.89861 18853
5.89891 18962
5.89892 19071
5.89892 19179
5.89893 19287
5.89893 19394
5.89921 8640
5.89951 8880
5.89951 9113
5.89952 9340
5.89977 9562
5.89978 9778
5.89978 9990
5.90007 10197
5.90007 10400
5.90008 10599
5.90039 10794
5.90039 10986
5.9004 11174
5.9007 11359
5.90071 11541
5.90071 11720
5.90102 11896
5.90103 12070
5.90103 12241
5.90133 5040
5.90162 5451
5.90194 5831
5.90225 6186
5.90226 6521
5.90257 6838
5.90258 7141
5.90289 7431
5.9029 7710
5.90318 7978
5.90319 8237
5.9035 8488
5.9035 8732
5.90382 8969
5.90413 3600
5.90475 4176
5.90504 4672
6.10537 5115
6.10632 2880
6.10691 3600
6.10723 4176
6.30755 4672
6.30818 2880
6.30848 3600
6.30878 4176
6.30909 4672
6.30941 5115
6.30973 5520
6.31003 5895
6.3103 6246
6.3103 6577
6.31059 6892
6.31059 7192
6.3109 7480
6.31091 7757
6.31122 8024
6.31123 8282
6.31154 8532
6.31155 8775
6.31184 9011
6.31185 9241
6.31185 9465
6.31217 9684
6.31217 9898
6.31218 10107
6.31249 10312
6.31249 10513
6.3125 10710
6.31281 4320
6.31311 4800
6.31342 5232
6.31373 5628
6.31406 5996
6.31438 2880
6.31468 3600
6.31498 4176
6.31528 4672
6.3156 5115
6.31591 5520
6.31622 5895
6.31652 6246
6.31653 6577
6.31684 6892
6.31684 7192
6.31716 7480
6.31716 7757
6.31748 8024
6.31748 8282
6.31776 8532
6.31776 8775
6.31802 9011
6.31802 9241
6.31802 9465
6.31829 9684
6.31829 9898
6.3183 10107
6.3186 10312
6.3186 10513
6.31861 10710
6.31891 10903
6.31892 11093
6.31892 11279
6.31923 11462
6.31924 11642
6.31924 11820
6.31955 11995
6.31956 12167
6.31956 12337
6.31957 12505
6.31987 12670
6.31987 12833
6.31988 12994
6.31988 13153
6.32019 13310
6.32019 13465
6.3202 13618
6.3202 13770
6.32051 13920
6.32051 14068
6.32052 14215
6.32052 14360
6.3208 14504
6.3208 14646
6.32081 14787
6.32081 14927
6.32111 15065
6.32111 15202
6.32112 15338
6.32112 15473
6.32112 15607
6.32143 15739
6.32143 15870
6.32144 16000
6.32144 16129
6.32144 16257
6.32174 16384
6.32175 16510
6.32175 16635
6.32176 16759
6.32176 16882
6.32206 17004
6.32207 17125
6.32207 17246
6.32208 17366
6.32208 17485
6.32235 17603
6.32236 17720
6.32236 17837
6.32237 17953
6.32237 18068
6.32238 18182
6.32264 18296
6.32265 18409
6.32265 18521
6.32266 18632
6.32266 18743
6.32267 18853
6.32291 18962
6.32291 19071
6.32291 19179
6.32292 19287
6.32292 19394
6.32293 19500
6.32319 19606
6.3232 19711
6.3232 19816
6.32321 19920
6.32321 20024
6.32322 20127
6.3235 20230
6.32351 20332
6.32351 20433
6.32351 20534
6.32352 20634
6.32352 20734
6.32382 20834
6.32382 20933
6.32383 21032
6.32383 21130
6.32384 21228
6.32384 21325
6.32385 21422
6.32414 21518
6.32415 21614
6.32415 21709
6.32416 21804
6.32416 21899
6.32416 21993
6.32417 22087
6.32444 22180
6.32445 22273
6.32445 22366
6.32446 22458
6.32446 22550
6.32447 22641
6.32447 22732
6.32474 22823
6.32474 22913
6.32475 23003
6.32475 23093
6.32476 23182
6.32476 23271
6.32476 23360
6.32503 23448
6.32503 23536
6.32503 23624
6.32504 23711
6.32504 23798
6.32505 23885
6.32505 23971
6.32506 24057
6.32535 24143
6.32536 10800
6.32567 10992
6.32567 11180
6.32594 11365
6.32595 11547
6.32595 11726
6.32619 11902
6.3262 12076
6.3262 12247
6.32621 12416
6.32647 12583
6.32648 12747
6.32648 12909
6.32649 13069
6.32679 13227
6.32679 13383
6.3268 13537
6.3268 13690
6.32711 13841
6.32711 13990
6.32712 14138
6.32712 14284
6.32742 14429
6.32742 14572
6.32743 14714
6.32743 14854
6.3277 14993
6.3277 15131
6.32771 15268
6.32771 15403
6.32772 15537
6.32796 15670
6.32797 15802
6.32797 15933
6.32798 16063
6.32798 16192
6.32827 16320
6.32827 16447
6.32828 16573
6.32828 16698
6.32829 16822
6.32859 16945
6.32859 17067
6.3286 17188
6.3286 17308
6.32861 17427
6.32891 17545
6.32892 7920
6.3295 8181
6.32978 8434
6.32979 8679
6.33011 8917
6.33042 3600
6.33104 4176
6.33132 4672
6.53164 5115
6.53255 2880
6.53313 3600
6.53345 4176
6.53377 4672
6.53408 5115
6.53439 5520
6.5347 5895
6.53502 6246
6.53502 6577
6.53534 6892
6.53535 7192
6.53564 7480
6.53565 7757
6.53593 8024
6.53594 8282
6.53623 8532
6.53624 8775
6.53656 9011
6.53687 3600
6.53748 4176
6.53777 4672
6.53808 5115
6.5384 5520
6.53872 5895
6.53902 6246
6.53902 6577
6.5393 6892
6.53931 7192
6.53962 7480
6.53962 7757
6.53994 8024
6.53994 8282
6.54026 8532
6.54026 8775
6.54056 9011
6.54056 9241
6.54057 9465
6.54085 9684
6.54085 9898
6.54086 10107
6.54117 10312
6.54118 10513
6.54118 10710
6.54149 4320
6.54182 4800
6.54213 5232
6.54242 5628
6.54269 5996
6.543 6341
6.54301 6668
6.54332 6978
6.54333 7275
6.54364 7560
6.54365 7834
6.54396 8098
6.54397 8354
6.54427 8602
6.54427 8843
6.54454 9077
6.54454 9305
6.54455 9527
6.54483 9744
6.54484 9956
6.54484 10164
6.54515 10368
6.54516 10568
6.54516 10764
6.54546 10956
6.54547 11145
6.54547 11331
6.54579 11514
6.54579 4320
6.54641 4800
6.5467 5232
6.54703 5628
6.54766 2880
6.54798 3600
6.54829 4176
6.54858 4672
6.5489 5115
6.54921 5520
6.54953 5895
6.54985 6246
6.55017 6577
6.55048 2880
6.5508 3600
6.55112 4176
6.55141 4672
6.55173 5115
6.55204 5520
6.55236 5895
6.55269 6246
6.55332 2880
6.55393 3600
6.55425 4176
6.55457 4672
6.55489 5115
6.5552 5520
6.55551 5895
6.55583 6246
6.55615 6577
6.55647 2880
6.55679 3600
6.55709 4176
6.55741 4672
6.55773 5115
6.55832 2880
6.55865 3600
6.55896 4176
6.75929 4672
6.76016 2880
6.76079 3600
6.76111 4176
6.76139 4672
6.76168 5115
6.76199 5520
6.76231 5895
6.76263 6246
6.76263 6577
6.76295 6892
6.76326 2880
6.76357 3600
6.76389 4176
6.76421 4672
6.76453 5115
6.76483 5520
6.76515 5895
6.76547 6246
6.7661 2880
6.76663 3600
6.76691 4176
6.76723 4672
6.76756 5115
6.76787 5520
6.76815 5895
6.76844 6246
6.76844 6577
6.76876 6892
6.76908 2880
6.7694 3600
6.76966 4176
6.76993 4672
6.77022 5115
6.77054 5520
6.77086 5895
6.77118 6246
6.7715 6577
6.77182 2880
6.77212 3600
6.77241 4176
6.77273 4672
6.77305 5115
6.77362 2880
6.77391 3600
6.77424 4176
6.77456 4672
6.77486 5115
6.77517 5520
6.77546 5895
6.77578 6246
6.7761 6577
6.77641 2880
6.77673 3600
6.77705 4176
6.77737 4672
6.77767 5115
6.77795 5520
6.77824 5895
6.77856 6246
6.77888 6577
6.77919 2880
6.7795 3600
6.77982 4176
6.78014 4672
6.78047 5115
6.78105 2880
6.78136 3600
6.78168 4176
6.982 4672
6.98295 2880
6.98359 3600
6.98455 2880
6.98487 3600
6.98516 4176
6.98546 4672
6.98578 5115
6.9864 2880
6.98667 3600
6.98694 4176
6.98726 4672
6.98758 5115
6.98788 5520
6.9882 5895
6.98851 6246
6.98852 6577
6.98883 6892
6.98884 7192
6.98916 7480
6.98916 7757
6.98947 8024
6.98948 8282
6.98977 8532
6.98977 8775
6.99006 9011
6.99007 9241
6.99007 9465
6.99038 9684
6.99039 9898
6.99039 10107
6.9907 10312
6.99071 10513
6.99071 10710
6.99102 10903
6.99102 11093
6.99103 11279
6.99132 11462
6.99133 11642
6.99133 11820
6.99161 11995
6.99162 12167
6.99162 12337
6.99162 12505
6.99191 12670
6.99191 12833
6.99192 12994
6.99192 13153
6.99223 13310
6.99223 13465
6.99224 13618
6.99224 13770
6.99255 13920
6.99255 14068
6.99256 14215
6.99256 14360
6.99287 14504
6.99287 14646
6.99287 14787
6.99288 14927
6.99317 15065
6.99318 15202
6.99318 15338
6.99319 15473
6.99319 15607
6.9935 15739
6.99351 6480
6.99381 6800
6.99412 7104
6.99413 7395
6.99443 7675
6.99443 7945
6.99474 8205
6.99475 8457
6.99506 8702
6.99506 8940
6.99538 9171
6.99538 9397
6.9957 3600
6.99624 4176
6.99653 4672
6.99684 5115
6.99716 5520
6.99747 5895
6.99777 6246
6.99777 6577
6.99809 6892
6.9981 7192
6.99841 7480
6.99842 7757
6.99873 8024
6.99874 8282
6.99903 8532
6.99903 8775
6.99933 9011
6.99933 9241
6.99934 9465
6.99965 9684
6.99965 9898
6.99966 10107
6.99997 10312
6.99997 10513
6.99998 10710
7.00027 10903
7.00028 11093
7.00028 11279
7.00054 11462
7.00055 11642
7.00055 11820
7.0008 11995
7.0008 12167
7.0008 12337
7.00081 12505
7.00105 12670
7.00106 12833
7.00106 12994
7.00107 13153
7.00134 13310
7.00134 13465
7.00134 13618
7.00135 13770
7.00165 13920
7.00166 14068
7.00166 14215
7.00167 14360
7.00197 14504
7.00198 14646
7.00198 14787
7.00199 14927
7.00228 15065
7.00228 15202
7.00229 15338
7.00229 15473
7.0023 15607
7.0026 15739
7.00261 6480
7.00293 6800
7.00324 7104
7.00324 7395
7.00352 7675
7.00353 7945
7.00383 8205
7.00383 8457
7.00415 8702
7.00447 3600
7.00533 4176
7.00562 4672
7.20594 5115
7.20683 2880
7.20748 3600
7.20836 2880
7.20865 3600
7.20895 4176
7.20928 4672
7.2096 5115
7.21022 2880
7.21054 3600
7.21086 4176
7.21116 4672
7.21145 5115
7.21175 5520
7.21207 5895
7.21239 6246
7.2127 6577
7.213 2880
7.21332 3600
7.21364 4176
7.21395 4672
7.21427 5115
7.21457 5520
7.21485 5895
7.21516 6246
7.21516 6577
7.21548 6892
7.2158 2880
7.21611 3600
7.2164 4176
7.21669 4672
7.21701 5115
7.21764 2880
7.21791 3600
7.21818 4176
7.21848 4672
7.2188 5115
7.21911 5520
7.21943 5895
7.21976 6246
7.22037 2880
7.22101 3600
7.22129 4176
7.22156 4672
7.22185 5115
7.22217 5520
7.22249 5895
7.2228 6246
7.2228 6577
7.22312 6892
7.22312 7192
7.22343 7480
7.22344 7757
7.22375 8024
7.22375 8282
7.22406 8532
7.22406 8775
7.22436 9011
7.22437 9241
7.22437 9465
7.22469 9684
7.22469 3600
7.22501 4176
7.22532 4672
7.2256 5115
7.2259 5520
7.22622 5895
7.22686 2880
7.22741 3600
7.22772 4176
7.22804 4672
7.22835 5115
7.22864 5520
7.2289 5895
7.22918 6246
7.22919 6577
7.22951 6892
7.22951 7192
7.22983 7480
7.22983 7757
7.23012 8024
7.23013 8282
7.23041 8532
7.23042 8775
7.23072 9011
7.23073 9241
7.23073 9465
7.23105 9684
7.23105 3600
7.23136 4176
7.23162 4672
7.23187 5115
7.23213 5520
7.23242 5895
7.23274 6246
7.23306 6577
7.234 2880
7.23464 3600
7.23496 4176
7.23526 4672
7.23558 5115
7.23589 5520
7.23621 5895
7.23653 6246
7.23717 2880
7.23781 3600
7.23866 2880
7.23896 3600
7.23928 4176
7.2396 4672
7.23992 5115
7.24023 5520
7.24054 5895
7.24085 6246
7.24086 6577
7.24118 6892
7.24118 7192
7.24149 7480
7.2415 7757
7.24181 8024
7.24181 8282
7.24212 8532
7.24213 8775
7.24244 9011
7.24245 9241
7.24276 9465
7.24277 3600
7.24307 4176
7.24336 4672
7.24368 5115
7.24432 2880
7.24463 3600
7.24489 4176
7.24515 4672
7.24543 5115
7.24575 5520
7.24607 5895
7.24638 6246
7.24639 6577
7.24669 6892
7.2467 7192
7.24701 7480
7.24702 7757
7.24733 8024
7.24765 2880
7.24795 3600
7.24825 4176
7.44858 4672
7.44915 2880
7.44947 3600
7.44979 4176
7.45011 4672
7.45043 5115
7.45107 2880
7.45136 3600
7.45168 4176
7.452 4672
7.45232 5115
7.45261 5520
7.45292 5895
7.45322 6246
7.45322 6577
7.45354 6892
7.45386 2880
7.45417 3600
7.45449 4176
7.45481 4672
7.45513 5115
7.45573 2880
7.45605 3600
7.45636 4176
7.45667 4672
7.45699 5115
7.45763 2880
7.45794 3600
7.45824 4176
7.45856 4672
7.45888 5115
7.4592 5520
7.45945 5895
7.4597 6246
7.45971 6577
7.45998 6892
7.45998 7192
7.46028 7480
7.46029 7757
7.4606 8024
7.46092 2880
7.46124 3600
7.46156 4176
7.46188 4672
7.46219 5115
7.46251 5520
7.46279 5895
7.46308 6246
7.46309 6577
7.4634 6892
7.46341 7192
7.46372 7480
7.46373 7757
7.46403 8024
7.46403 8282
7.46435 8532
7.46435 8775
7.46467 9011
7.46467 9241
7.46468 9465
7.46498 9684
7.46499 9898
7.46499 10107
7.46529 10312
7.46529 10513
7.4653 10710
7.46561 10903
7.46561 11093
7.46562 11279
7.46592 11462
7.46593 11642
7.46593 11820
7.46623 11995
7.46624 12167
7.46624 12337
7.46625 12505
7.46654 12670
7.46655 12833
7.46655 12994
7.46656 13153
7.46685 13310
7.46686 13465
7.46686 13618
7.46687 13770
7.46717 13920
7.46718 14068
7.46718 14215
7.46719 14360
7.4675 14504
7.4675 6480
7.46782 6800
7.4681 7104
7.4681 7395
7.46837 7675
7.46838 7945
7.46868 8205
7.46869 8457
7.469 8702
7.469 8940
7.46932 9171
7.46932 9397
7.46963 3600
7.46994 4176
7.47022 4672
7.47054 5115
7.47085 5520
7.47117 5895
7.47146 6246
7.47147 6577
7.47176 6892
7.47176 7192
7.47206 7480
7.47207 7757
7.47238 8024
7.47239 8282
7.4727 8532
7.47271 8775
7.47302 9011
7.47303 9241
7.47303 9465
7.47334 9684
7.47335 9898
7.47335 10107
7.47366 10312
7.47367 10513
7.47367 10710
7.47397 10903
7.47397 11093
7.47398 11279
7.47429 11462
7.47429 11642
7.4743 11820
7.47461 11995
7.47461 12167
7.47462 12337
7.47462 12505
7.47492 12670
7.47493 12833
7.47493 12994
7.47494 13153
7.47524 13310
7.47525 13465
7.47525 13618
7.47526 13770
7.47556 13920
7.47556 14068
7.47557 14215
7.47557 14360
7.47587 14504
7.47588 14646
7.47588 14787
7.47589 14927
7.47619 15065
7.4762 6480
7.47683 6800
7.47712 7104
7.47713 7395
7.47741 7675
7.47742 7945
7.47773 8205
7.47773 8457
7.47805 8702
7.47836 3600
7.47868 4176
7.47898 4672
7.4793 5115
7.47962 5520
7.47994 5895
7.48025 2880
7.48056 3600
7.48088 4176
7.4812 4672
7.48151 5115
7.48183 5520
7.48213 5895
7.48244 6246
7.48245 6577
7.48277 6892
7.48309 2880
7.4834 3600
7.48371 4176
7.48403 4672
7.48435 5115
7.48497 2880
7.48526 3600
7.48558 4176
7.6859 4672
7.68686 2880
7.68746 3600
7.68778 4176
7.8881 4672
7.88875 2880
7.88905 3600
7.88932 4176
7.88961 4672
7.88993 5115
7.89057 2880
7.89086 3600
7.89118 4176
7.8915 4672
7.89182 5115
7.89213 5520
7.89244 5895
7.89275 6246
7.89275 6577
7.89307 6892
7.89307 7192
7.89339 7480
7.89339 7757
7.8937 8024
7.8937 8282
7.89401 8532
7.89401 8775
7.8943 9011
7.89431 9241
7.89431 9465
7.89463 9684
7.89463 3600
7.89495 4176
7.89527 4672
7.89557 5115
7.89586 5520
7.89617 5895
7.89649 6246
7.8968 6577
7.89712 2880
7.89743 3600
7.89774 4176
7.89804 4672
7.89836 5115
7.89868 5520
7.899 5895
7.89931 6246
7.89932 6577
7.89963 6892
7.89964 7192
7.89995 7480
7.89996 7757
7.90027 8024
7.90027 8282
7.90058 8532
7.90058 8775
7.9009 9011
7.90121 3600
7.90182 4176
7.90214 4672
7.90246 5115
7.90309 2880
7.9034 3600
7.90372 4176
8.10404 4672
8.10468 2880
8.105 3600
8.10529 4176
8.10559 4672
8.10591 5115
8.10623 5520
8.10655 5895
8.10685 6246
8.10686 6577
8.10717 6892
8.10718 7192
8.10749 7480
8.1075 7757
8.1078 8024
8.1078 8282
8.10812 8532
8.10813 8775
8.10841 9011
8.10842 9241
8.10842 9465
8.10869 9684
8.1087 9898
8.1087 10107
8.109 10312
8.109 10513
8.109 10710
8.10932 10903
8.10932 11093
8.10932 11279
8.10962 11462
8.10963 11642
8.10963 11820
8.10993 11995
8.10993 12167
8.10994 12337
8.10994 12505
8.11025 12670
8.11025 12833
8.11026 12994
8.11026 13153
8.11056 13310
8.11057 13465
8.11057 13618
8.11058 13770
8.11088 13920
8.11089 14068
8.11089 14215
8.1109 14360
8.11119 14504
8.11119 14646
8.1112 14787
8.1112 14927
8.11145 15065
8.11146 15202
8.11146 15338
8.11147 15473
8.11147 15607
8.11173 15739
8.11174 15870
8.11174 16000
8.11175 16129
8.11175 16257
8.11203 16384
8.11204 16510
8.11204 16635
8.11204 16759
8.11205 16882
8.11235 17004
8.11236 17125
8.11236 17246
8.11237 17366
8.11237 17485
8.11267 17603
8.11268 7920
8.11328 8181
8.11357 8434
8.11358 8679
8.11389 8917
8.11421 3600
8.11484 4176
8.11515 4672
8.11546 5115
8.11578 5520
8.1161 5895
8.11639 2880
8.11668 3600
8.11694 4176
8.11723 4672
8.11755 5115
8.11818 2880
8.11847 3600
8.11875 4176
8.11906 4672
8.11938 5115
8.1197 5520
8.11999 5895
8.12028 6246
8.12029 6577
8.1206 6892
8.12061 7192
8.12093 7480
8.12093 7757
8.12124 8024
8.12124 8282
8.12151 8532
8.12152 8775
8.12179 9011
8.12179 9241
8.1218 9465
8.12209 9684
8.1221 9898
8.1221 10107
8.12241 10312
8.12242 10513
8.12242 10710
8.12273 10903
8.12274 11093
8.12274 11279
8.12304 11462
8.12305 11642
8.12305 11820
8.12335 11995
8.12335 12167
8.12336 12337
8.12336 12505
8.12367 12670
8.12367 12833
8.12368 12994
8.12368 13153
8.12399 13310
8.12399 13465
8.124 13618
8.124 13770
8.12429 13920
8.1243 14068
8.1243 14215
8.12431 14360
8.12458 14504
8.12459 14646
8.12459 14787
8.12459 14927
8.12484 15065
8.12485 15202
8.12485 15338
8.12486 15473
8.12486 15607
8.12511 15739
8.12511 15870
8.12512 16000
8.12512 16129
8.12513 16257
8.12542 16384
8.12542 16510
8.12543 16635
8.12543 16759
8.12544 16882
8.12574 17004
8.12574 17125
8.12575 17246
8.12575 17366
8.12576 17485
8.12605 17603
8.12606 17720
8.12606 17837
8.12607 17953
8.12607 18068
8.12608 18182
8.12635 18296
8.12636 18409
8.12636 18521
8.12637 18632
8.12637 18743
8.12638 18853
8.12667 18962
8.12667 19071
8.12668 19179
8.12668 19287
8.12669 19394
8.12669 19500
8.12699 19606
8.12699 19711
8.127 19816
8.127 19920
8.12701 20024
8.12701 20127
8.12731 20230
8.12731 20332
8.12732 20433
8.12732 20534
8.12733 20634
8.12733 20734
8.12763 20834
8.12764 9360
8.1282 9581
8.12847 9797
8.12848 10008
8.12848 10215
8.1288 10417
8.12881 4320
8.12942 4800
8.12973 5232
8.13005 5628
8.13037 5996
8.13069 6341
8.13127 2880
8.13192 3600
8.13222 4176
8.13251 4672
8.13278 5115
8.13304 5520
8.13335 5895
8.13366 6246
8.13366 6577
8.13398 6892
8.13399 7192
8.1343 7480
8.13431 7757
8.13461 8024
8.13461 8282
8.13489 8532
8.13489 8775
8.1352 9011
8.1352 9241
8.13521 9465
8.13552 9684
8.13553 3600
8.13585 4176
8.13611 4672
8.13635 5115
8.13661 5520
8.13692 5895
8.13724 6246
8.13755 6577
8.13787 2880
8.13818 3600
8.13849 4176
8.13881 4672
8.13913 5115
8.13943 5520
8.13971 5895
8.14 6246
8.14 6577
8.14031 6892
8.14031 7192
8.14063 7480
8.14063 7757
8.14095 8024
8.14123 2880
8.14153 3600
8.14185 4176
8.14217 4672
8.14248 5115
8.14276 5520
8.14303 5895
8.14334 6246
8.14334 6577
8.14366 6892
8.14367 7192
8.14398 7480
8.14399 7757
8.14431 8024
8.14431 8282
8.14463 8532
8.14463 8775
8.14494 9011
8.14495 9241
8.14495 9465
8.14525 9684
8.14526 9898
8.14526 10107
8.14556 10312
8.14556 10513
8.14557 10710
8.14588 10903
8.14588 11093
8.14589 11279
8.1462 11462
8.14621 11642
8.14621 11820
8.14651 11995
8.14651 12167
8.14652 12337
8.14652 12505
8.14683 12670
8.14683 12833
8.14684 12994
8.14684 13153
8.14715 13310
8.14715 13465
8.14716 13618
8.14716 13770
8.14746 13920
8.14746 14068
8.14746 14215
8.14747 14360
8.14776 14504
8.14776 14646
8.14777 14787
8.14777 14927
8.14807 15065
8.14807 15202
8.14808 15338
8.14808 15473
8.14809 15607
8.14838 15739
8.14839 15870
8.14839 16000
8.1484 16129
8.1484 16257
8.14871 16384
8.14871 16510
8.14872 7200
8.14904 7488
8.14935 7764
8.14935 8031
8.14964 8289
8.14965 8539
8.14995 8781
8.14996 9017
8.15028 9246
8.1506 3600
8.15119 4176
8.1515 4672
8.15182 5115
8.15213 5520
8.15245 5895
8.15277 6246
8.15278 6577
8.15308 6892
8.15309 7192
8.15338 7480
8.15338 7757
8.1537 8024
8.15402 2880
8.15434 3600
8.15465 4176
8.15497 4672
8.15524 5115
8.15554 5520
8.15586 5895
8.15618 6246
8.1565 6577
8.15682 2880
8.15714 3600
8.15746 4176
8.15776 4672
8.15808 5115
8.15839 5520
8.15872 5895
8.15934 2880
8.15998 3600
8.1603 4176
8.1606 4672
8.1609 5115
8.1612 5520
8.16151 5895
8.16183 6246
8.16275 2880
8.16371 3600
8.16401 4176
8.16434 4672
8.16466 5115
8.16497 5520
8.16528 5895
8.16558 6246
8.16558 6577
8.1659 6892
8.1659 7192
8.16621 7480
8.16622 7757
8.16653 8024
8.16654 8282
8.16683 8532
8.16684 8775
8.16715 9011
8.16715 9241
8.16716 9465
8.16746 9684
8.16747 9898
8.16747 10107
8.16778 10312
8.16779 10513
8.16779 10710
8.16809 10903
8.1681 11093
8.1681 11279
8.16841 11462
8.16842 11642
8.16842 11820
8.16874 11995
8.16874 5040
8.16935 5451
8.16966 5831
8.16998 6186
8.16998 6521
8.1703 6838
8.1703 7141
8.1706 7431
8.1706 7710
8.17089 7978
8.17089 8237
8.1712 8488
8.1712 8732
8.17152 8969
8.17152 9200
8.17184 9425
8.17185 3600
8.17216 4176
8.17246 4672
8.17277 5115
8.17309 5520
8.17341 5895
8.17373 2880
8.17403 3600
8.17433 4176
8.17465 4672
8.17497 5115
8.17529 5520
8.17559 5895
8.17591 6246
8.17623 6577
8.17655 2880
8.17687 3600
8.17716 4176
8.17747 4672
8.17778 5115
8.1781 5520
8.17842 5895
8.17874 6246
8.17874 6577
8.17906 6892
8.17906 7192
8.17938 7480
8.17938 7757
8.17969 8024
8.1797 8282
8.18 8532
8.18001 8775
8.18032 9011
8.18032 9241
8.18033 9465
8.18064 9684
8.18064 9898
8.18065 10107
8.18096 10312
8.18097 10513
8.18097 10710
8.18128 10903
8.18129 11093
8.18129 11279
8.18159 11462
8.18159 11642
8.1816 11820
8.18189 11995
8.1819 12167
8.1819 12337
8.18191 12505
8.18222 12670
8.18222 12833
8.18222 12994
8.18223 13153
8.18254 13310
8.18254 13465
8.18255 13618
8.18255 13770
8.18285 13920
8.18286 14068
8.18286 14215
8.18287 14360
8.18317 14504
8.18318 14646
8.18318 14787
8.18319 14927
8.18347 15065
8.18348 15202
8.18348 15338
8.18349 15473
8.18349 15607
8.18379 15739
8.18379 15870
8.1838 16000
8.1838 16129
8.1838 16257
8.18411 16384
8.18411 16510
8.18412 16635
8.18412 16759
8.18412 16882
8.18442 17004
8.18443 17125
8.18443 17246
8.18444 17366
8.18444 17485
8.18474 17603
8.18474 17720
8.18475 17837
8.18475 17953
8.18476 18068
8.18476 18182
8.18506 18296
8.18507 18409
8.18507 18521
8.18508 18632
8.18508 18743
8.18509 18853
8.18538 18962
8.18538 19071
8.18539 19179
8.18539 19287
8.1854 19394
8.1854 19500
8.18568 19606
8.18569 19711
8.18569 19816
8.1857 19920
8.1857 20024
8.1857 20127
8.186 20230
8.18601 9360
8.18665 9581
8.18693 9797
8.18694 10008
8.18694 10215
8.1872 10417
8.1872 10616
8.18721 10811
8.18749 11002
8.18749 11190
8.18749 11375
8.18781 11557
8.18781 11736
8.18781 11912
8.18813 12086
8.18814 5040
8.18876 5451
8.18908 5831
8.1894 6186
8.19032 2880
8.19127 3600
8.19159 4176
8.19191 4672
8.19222 5115
8.19252 5520
8.19285 5895
8.19379 2880
8.19474 3600
8.19505 4176
8.19536 4672
8.19569 5115
8.196 5520
8.19629 5895
8.19661 6246
8.19661 6577
8.19693 6892
8.19694 7192
8.19725 7480
8.19726 7757
8.19757 8024
8.19757 8282
8.19787 8532
8.19787 8775
8.19817 9011
8.19818 9241
8.19818 9465
8.1985 9684
8.19851 3600
8.19882 4176
8.19913 4672
8.19944 5115
8.19975 5520
8.20007 5895
8.2007 2880
8.20125 3600
8.20157 4176
8.20189 4672
8.20221 5115
8.20252 5520
8.20284 5895
8.20316 6246
8.20316 6577
8.20348 6892
8.20348 7192
8.20379 7480
8.2038 7757
8.20407 8024
8.20408 8282
8.20439 8532
8.2044 8775
8.2047 9011
8.2047 9241
8.20471 9465
8.205 9684
8.205 9898
8.20501 10107
8.20531 10312
8.20532 10513
8.20532 10710
8.20563 10903
8.20564 11093
8.20564 11279
8.20594 11462
8.20595 11642
8.20595 11820
8.20626 11995
8.20627 12167
8.20627 12337
8.20658 5040
8.20688 5451
8.2072 5831
8.20752 2880
8.20784 3600
8.20815 4176
8.20847 4672
8.20879 5115
8.20911 5520
8.20942 5895
8.20971 6246
8.20972 6577
8.21001 6892
8.21001 7192
8.21033 7480
8.21033 7757
8.21065 8024
8.21065 8282
8.21096 8532
8.21097 8775
8.21129 9011
8.2116 3600
8.21255 4176
8.21286 4672
8.21318 5115
8.21349 5520
8.21381 5895
8.21413 6246
8.21445 6577
8.21537 2880
8.216 3600
8.21632 4176
8.21663 4672
8.21694 5115
8.21726 5520
8.21758 5895
8.2179 6246
8.21821 6577
8.2185 2880
8.2188 3600
8.21912 4176
8.21944 4672
8.21974 5115
8.22004 5520
8.22035 5895
8.22066 6246
8.22067 6577
8.22098 6892
8.22099 7192
8.22128 7480
8.22129 7757
8.22158 8024
8.22159 8282
8.22187 8532
8.22187 8775
8.22218 9011
8.22219 9241
8.22219 9465
8.2225 9684
8.22251 9898
8.22251 10107
8.22282 10312
8.22283 10513
8.22283 10710
8.22313 10903
8.22313 11093
8.22314 11279
8.22342 11462
8.22342 11642
8.22343 11820
8.22373 11995
8.22373 12167
8.22374 12337
8.22374 12505
8.22405 12670
8.22406 5040
8.22438 5451
8.22468 5831
8.22497 6186
8.22497 6521
8.22528 6838
8.22529 7141
8.2256 7431
8.22561 7710
8.22592 7978
8.22593 8237
8.22621 8488
8.22622 8732
8.22647 8969
8.22648 9200
8.22648 9425
8.22675 9645
8.22676 9859
8.22676 10069
8.22707 10274
8.22707 10475
8.22708 10672
8.22739 10866
8.2274 4320
8.22771 4800
8.228 5232
8.22829 5628
8.22861 5996
8.22893 6341
8.22953 2880
8.23015 3600
8.23047 4176
8.23078 4672
8.23107 5115
8.23139 5520
8.23171 5895
8.23203 6246
8.23203 6577
8.2323 6892
8.23231 7192
8.2326 7480
8.2326 7757
8.23291 8024
8.23291 8282
8.23323 8532
8.23323 8775
8.23355 9011
8.23387 3600
8.23446 4176
8.23478 4672
8.4351 5115
8.43605 2880
8.43664 3600
8.43694 4176
8.43724 4672
8.43756 5115
8.43788 5520
8.43818 5895
8.43849 6246
8.43849 6577
8.4388 6892
8.43881 7192
8.43912 7480
8.43913 7757
8.43944 8024
8.43945 8282
8.43974 8532
8.43974 8775
8.44004 9011
8.44005 9241
8.44005 9465
8.44034 9684
8.44035 9898
8.44035 10107
8.44067 10312
8.44067 10513
8.44067 10710
8.44096 10903
8.44097 11093
8.44097 11279
8.44125 11462
8.44126 11642
8.44126 11820
8.44157 11995
8.44157 12167
8.44158 12337
8.44158 12505
8.44188 12670
8.44189 12833
8.44189 12994
8.4419 13153
8.44221 13310
8.44221 13465
8.44222 13618
8.44252 5760
8.44284 6120
8.44284 6458
8.44312 6779
8.44313 7084
8.44341 7376
8.44342 7657
8.44372 7927
8.44372 8188
8.44403 8441
8.44404 8686
8.44435 8924
8.44436 9156
8.44468 9382
8.44497 3600
8.44556 4176
8.44589 4672
8.44621 5115
8.44653 5520
8.44682 5895
8.44705 6246
8.44706 6577
8.44731 6892
8.44732 7192
8.44759 7480
8.44759 7757
8.44791 8024
8.44791 8282
8.44823 8532
8.44823 8775
8.44854 9011
8.44855 9241
8.44855 9465
8.44886 9684
8.44887 9898
8.44887 10107
8.44918 10312
8.44919 10513
8.44919 10710
8.44947 4320
8.44973 4800
8.44999 5232
8.4503 5628
8.45062 5996
8.45094 6341
8.45126 6668
8.4522 2880
8.45282 3600
8.45311 4176
8.45343 4672
8.45375 5115
8.45406 5520
8.45438 5895
8.45469 6246
8.4547 6577
8.45499 6892
8.455 7192
8.4553 7480
8.4553 7757
8.45562 8024
8.45594 2880
8.45626 3600
8.45657 4176
8.45687 4672
8.45719 5115
8.45781 2880
8.45812 3600
8.45843 4176
8.45875 4672
8.45908 5115
8.45939 5520
8.4597 5895
8.46002 6246
8.46065 2880
8.46128 3600
8.46155 4176
8.46185 4672
8.46217 5115
8.46248 5520
8.46278 5895
8.46309 6246
8.4631 6577
8.46342 6892
8.46373 2880
8.46404 3600
8.46436 4176
8.46464 4672
8.46494 5115
8.46525 5520
8.46557 5895
8.46651 2880
8.46744 3600
8.46772 4176
8.46801 4672
8.46832 5115
8.46864 5520
8.46896 5895
8.46928 6246
8.46929 6577
8.46959 6892
8.4696 7192
8.46991 7480
8.46992 7757
8.47023 8024
8.47055 2880
8.47085 3600
8.47112 4176
8.4714 4672
8.47172 5115
8.47203 5520
8.47235 5895
8.47267 6246
8.47299 6577
8.47331 2880
8.47363 3600
8.47395 4176
8.47424 4672
8.47452 5115
8.47483 5520
8.47516 5895
8.47548 6246
8.47608 2880
8.47672 3600
8.47704 4176
8.47735 4672
8.47766 5115
8.47798 5520
8.4783 5895
8.47862 6246
8.4789 6577
8.47921 2880
8.47953 3600
8.47985 4176
8.48017 4672
8.48049 5115
8.48113 2880
8.48145 3600
8.48176 4176
8.48208 4672
8.4824 5115
8.48302 2880
8.48331 3600
8.48361 4176
8.68394 4672
8.68457 2880
8.68489 3600
8.68521 4176
8.68553 4672
8.68585 5115
8.68616 5520
8.68645 5895
8.68674 6246
8.68674 6577
8.68706 6892
8.68707 7192
8.68737 7480
8.68738 7757
8.68769 8024
8.6877 8282
8.68801 8532
8.68801 8775
8.68832 9011
8.68832 9241
8.68833 9465
8.68864 9684
8.68865 9898
8.68865 10107
8.68896 10312
8.68896 10513
8.68897 10710
8.68926 10903
8.68927 11093
8.68927 11279
8.68956 11462
8.68956 11642
8.68957 11820
8.68987 11995
8.68988 12167
8.68988 12337
8.68989 12505
8.69018 12670
8.69019 12833
8.69019 12994
8.6902 13153
8.6905 13310
8.69051 13465
8.69051 13618
8.69052 13770
8.69082 13920
8.69083 14068
8.69083 14215
8.69084 14360
8.69114 14504
8.69114 14646
8.69115 14787
8.69115 14927
8.69143 15065
8.69143 15202
8.69144 15338
8.69144 15473
8.69145 15607
8.69173 15739
8.69173 15870
8.69174 16000
8.69174 16129
8.69175 16257
8.69205 16384
8.69205 16510
8.69206 7200
8.69238 7488
8.69269 7764
8.69269 8031
8.69297 8289
8.69298 8539
8.69327 8781
8.69328 9017
8.69359 9246
8.6936 9470
8.6936 9688
8.69391 9902
8.69392 10111
8.69392 10316
8.69422 10517
8.69422 10714
8.69423 10907
8.6945 11097
8.6945 11283
8.69451 11466
8.69478 11646
8.69478 11824
8.69479 11999
8.69508 12171
8.69508 12341
8.69509 12509
8.69509 12674
8.6954 12837
8.6954 12998
8.69541 13157
8.69541 13314
8.69572 13469
8.69572 13622
8.69573 13774
8.69573 13924
8.69601 14072
8.69602 14219
8.69602 14364
8.69602 14508
8.69629 14650
8.69629 14791
8.6963 14931
8.6963 15069
8.69631 15206
8.6966 15342
8.69661 15477
8.69661 15610
8.69661 15742
8.69662 15873
8.69692 16003
8.69693 16132
8.69693 16260
8.69694 16387
8.69694 16513
8.69724 16638
8.69725 16762
8.69725 16885
8.69726 17007
8.69726 17128
8.69755 17249
8.69756 17369
8.69756 17488
8.69757 17606
8.69757 17723
8.69782 17840
8.69783 17956
8.69783 18071
8.69784 18185
8.69784 18299
8.69785 18412
8.6981 18524
8.6981 18635
8.69811 18746
8.69811 18856
8.69812 18965
8.69812 19074
8.69841 19182
8.69841 19290
8.69842 19397
8.69842 19503
8.69843 19609
8.69843 19714
8.69873 19819
8.69873 19923
8.69874 20027
8.69874 20130
8.69875 20233
8.69875 20335
8.69904 20436
8.69904 20537
8.69905 20637
8.69905 20737
8.69906 20836
8.69906 20935
8.69907 21034
8.69935 21132
8.69936 21230
8.69936 21327
8.69937 21424
8.69937 21520
8.69938 21616
8.69938 21711
8.69966 21806
8.69967 21901
8.69967 21995
8.69968 22089
8.69968 22182
8.69969 22275
8.69969 22368
8.69998 22460
8.69999 22552
8.69999 22643
8.7 22734
8.7 22825
8.70001 22915
8.70001 23005
8.7003 23095
8.70031 23184
8.70032 10800
8.70095 10992
8.70125 11180
8.70127 11365
8.70127 11547
8.70157 11726
8.70158 11902
8.70159 12076
8.70159 12247
8.7019 12416
8.70191 12583
8.70191 12747
8.70192 12909
8.70222 13069
8.70223 13227
8.70223 13383
8.70224 13537
8.70253 13690
8.70254 13841
8.70255 13990
8.70255 14138
8.70285 14284
8.70286 14429
8.70286 14572
8.70287 14714
8.70317 14854
8.70318 14993
8.70319 15131
8.70319 6480
8.7035 6800
8.70378 7104
8.70378 7395
8.70402 7675
8.70403 7945
8.70429 8205
8.7043 8457
8.70458 8702
8.70459 8940
8.7049 9171
8.70491 9397
8.70523 3600
8.70587 4176
8.70619 4672
8.7065 5115
8.70682 5520
8.70775 2880
8.70836 3600
8.70868 4176
8.709 4672
8.70932 5115
8.7096 5520
8.70989 5895
8.71018 6246
8.71019 6577
8.7105 6892
8.71051 7192
8.71083 7480
8.71083 7757
8.71114 8024
8.71114 8282
8.71143 8532
8.71143 8775
8.71174 9011
8.71175 9241
8.71175 9465
8.71207 9684
8.71207 3600
8.71239 4176
8.7127 4672
8.71298 5115
8.71327 5520
8.71358 5895
8.7139 6246
8.7139 6577
8.7142 6892
8.71421 7192
8.71451 7480
8.71452 7757
8.71484 8024
8.71514 2880
8.71544 3600
8.71576 4176
8.71607 4672
8.71639 5115
8.71669 5520
8.71699 5895
8.71731 6246
8.71731 6577
8.71762 6892
8.71762 7192
8.71793 7480
8.71794 7757
8.71825 8024
8.71826 8282
8.71856 8532
8.71857 8775
8.71889 9011
8.71921 3600
8.71984 4176
8.72016 4672
8.72045 5115
8.72074 5520
8.72105 5895
8.72137 6246
8.72138 6577
8.7217 6892
8.722 2880
8.7223 3600
8.72258 4176
8.7229 4672
8.72322 5115
8.72352 5520
8.7238 5895
8.7241 6246
8.72411 6577
8.72443 6892
8.72443 7192
8.72475 7480
8.72475 7757
8.72507 8024
8.72507 8282
8.72537 8532
8.72537 8775
8.72569 9011
8.72569 9241
8.72601 9465
8.72633 3600
8.7269 4176
8.7272 4672
8.72751 5115
8.72783 5520
8.72815 5895
8.72847 6246
8.72941 2880
8.73035 3600
8.73065 4176
8.73095 4672
8.73127 5115
8.73159 5520
8.7319 5895
8.73222 6246
8.73222 6577
8.73252 6892
8.73252 7192
8.73284 7480
8.73284 7757
8.73316 8024
8.73347 2880
8.73377 3600
8.73409 4176
8.93441 4672
8.93495 2880
8.93525 3600
8.93558 4176
8.9359 4672
8.9362 5115
8.93652 5520
8.93684 5895
8.93774 2880
8.93863 3600
8.93957 2880
8.93989 3600
8.94082 2880
8.94115 3600
8.94209 2880
8.94241 3600
8.94273 4176
9.14305 4672
9.144 2880
9.14464 3600
9.14494 4176
9.14525 4672
9.14557 5115
9.14588 5520
9.1462 5895
9.14652 6246
9.14652 6577
9.14684 6892
9.14685 7192
9.14716 7480
9.14716 7757
9.14746 8024
9.14747 8282
9.14778 8532
9.14779 8775
9.1481 9011
9.14811 9241
9.14843 9465
9.14874 3600
9.14937 4176
9.14969 4672
9.15001 5115
9.15065 2880
9.15096 3600
9.15128 4176
9.3516 4672
9.35256 2880
9.35314 3600
9.35347 4176
9.55379 4672
9.55442 2880
9.55471 3600
9.55499 4176
9.55529 4672
9.55561 5115
9.55593 5520
9.55625 5895
9.55656 6246
9.55657 6577
9.55688 6892
9.55689 7192
9.5572 7480
9.5572 7757
9.55752 8024
9.55752 8282
9.55782 8532
9.55782 8775
9.55812 9011
9.55812 9241
9.55813 9465
9.55844 9684
9.55845 3600
9.55876 4176
9.55908 4672
9.55939 5115
9.55968 5520
9.56001 5895
9.56065 2880
9.56125 3600
9.56156 4176
9.56188 4672
9.5622 5115
9.56252 5520
9.56281 5895
9.56312 6246
9.56312 6577
9.56344 6892
9.56377 2880
9.56407 3600
9.56436 4176
9.56465 4672
9.56497 5115
9.56529 5520
9.56559 5895
9.56588 6246
9.56588 6577
9.56614 6892
9.56614 7192
9.56644 7480
9.56644 7757
9.56676 8024
9.56676 8282
9.56708 8532
9.56708 8775
9.56739 9011
9.5674 9241
9.5674 9465
9.56767 9684
9.56767 9898
9.56768 10107
9.56794 10312
9.56795 10513
9.56795 10710
9.56821 10903
9.56822 11093
9.56822 11279
9.5685 11462
9.56851 11642
9.56851 11820
9.56882 11995
9.56883 12167
9.56883 12337
9.56914 5040
9.56944 5451
9.56972 5831
9.57004 6186
9.57037 6521
9.5713 2880
9.57194 3600
9.57224 4176
9.57252 4672
9.57281 5115
9.57313 5520
9.57345 5895
9.57375 6246
9.57376 6577
9.57405 6892
9.57405 7192
9.57434 7480
9.57435 7757
9.57466 8024
9.57467 8282
9.57498 8532
9.57499 8775
9.5753 9011
9.5753 9241
9.57531 9465
9.57561 9684
9.57561 9898
9.57562 10107
9.57593 10312
9.57593 10513
9.57594 10710
9.57624 10903
9.57624 11093
9.57624 11279
9.57655 11462
9.57656 11642
9.57656 11820
9.57687 11995
9.57688 12167
9.57688 12337
9.57689 12505
9.57719 12670
9.5772 12833
9.5772 12994
9.57721 13153
9.57752 13310
9.57752 13465
9.57753 13618
9.57782 5760
9.57811 6120
9.57812 6458
9.57838 6779
9.57838 7084
9.57868 7376
9.57869 7657
9.579 7927
9.57932 2880
9.57962 3600
9.57991 4176
9.5802 4672
9.58053 5115
9.58115 2880
9.58144 3600
9.58172 4176
9.58199 4672
9.5823 5115
9.58262 5520
9.5829 5895
9.58319 6246
9.58319 6577
9.58351 6892
9.58352 7192
9.58384 7480
9.58384 7757
9.58416 8024
9.58446 2880
9.58474 3600
9.58503 4176
9.58535 4672
9.58566 5115
9.58598 5520
9.5863 5895
9.58658 6246
9.58659 6577
9.58687 6892
9.58688 7192
9.58719 7480
9.58719 7757
9.58751 8024
9.58783 2880
9.58812 3600
9.5884 4176
9.58864 4672
9.58889 5115
9.58919 5520
9.58951 5895
9.58983 6246
9.59046 2880
9.5911 3600
9.59139 4176
9.59169 4672
9.59201 5115
9.59232 5520
9.59265 5895
9.59296 6246
9.59296 6577
9.59326 6892
9.59327 7192
9.59356 7480
9.59357 7757
9.59387 8024
9.59388 8282
9.59419 8532
9.59419 8775
9.59451 9011
9.59451 9241
9.59452 9465
9.59483 9684
9.59483 9898
9.59484 10107
9.59515 10312
9.59515 10513
9.59516 10710
9.59545 10903
9.59545 11093
9.59546 11279
9.59577 11462
9.59578 4320
9.59642 4800
9.59671 5232
9.59702 5628
9.59734 5996
9.59766 6341
9.59766 6668
9.59797 6978
9.59797 7275
9.59828 7560
9.59829 7834
9.5986 8098
9.59861 8354
9.59892 8602
9.59893 8843
9.59923 9077
9.59923 9305
9.59924 9527
9.59955 9744
9.59955 9956
9.59956 10164
9.59987 10368
9.59987 10568
9.59988 10764
9.60018 10956
9.60019 11145
9.60019 11331
9.6005 11514
9.6005 11694
9.60051 11871
9.60082 12045
9.60082 12217
9.60083 12386
9.60113 5040
9.60145 5451
9.60177 5831
9.60208 2880
9.60239 3600
9.6027 4176
9.60302 4672
9.60334 5115
9.60366 5520
9.60396 5895
9.60423 6246
9.60424 6577
9.60448 6892
9.60449 7192
9.60477 7480
9.60477 7757
9.60508 8024
9.60509 8282
9.6054 8532
9.60541 8775
9.60573 9011
9.60605 3600
9.60665 4176
9.60697 4672
9.60729 5115
9.6076 5520
9.6079 5895
9.60819 6246
9.6082 6577
9.60851 6892
9.60852 7192
9.60884 7480
9.60884 7757
9.60916 8024
9.60916 8282
9.60947 8532
9.60948 8775
9.60978 9011
9.60979 9241
9.60979 9465
9.6101 9684
9.61011 9898
9.61011 10107
9.61043 10312
9.61043 10513
9.61044 10710
9.61074 4320
9.61104 4800
9.61135 5232
9.61167 5628
9.61199 5996
9.6123 6341
9.61231 6668
9.61262 6978
9.61262 7275
9.61294 7560
9.61295 7834
9.61326 2880
9.61355 3600
9.61383 4176
9.61411 4672
9.61441 5115
9.61473 5520
9.61505 5895
9.61537 6246
9.61569 6577
9.61601 2880
9.61633 3600
9.61661 4176
9.61692 4672
9.61724 5115
9.61756 5520
9.61786 5895
9.61818 6246
9.61818 6577
9.6185 6892
9.61851 7192
9.61882 7480
9.61883 7757
9.61913 8024
9.61913 8282
9.61944 8532
9.61944 8775
9.61976 9011
9.61976 9241
9.62008 9465
9.62038 3600
9.621 4176
9.62132 4672
9.62164 5115
9.62194 5520
9.62224 5895
9.62256 6246
9.62257 6577
9.62288 6892
9.62289 7192
9.62318 7480
9.62319 7757
9.62348 8024
9.62348 8282
9.62379 8532
9.62379 8775
9.62411 9011
9.62411 9241
9.62443 9465
9.62471 3600
9.62528 4176
9.62559 4672
9.62591 5115
9.62651 2880
9.6268 3600
9.62712 4176
9.82744 4672
9.82806 2880
9.82837 3600
9.82869 4176
9.82902 4672
9.82933 5115
9.82965 5520
9.82997 5895
9.83026 6246
9.83027 6577
9.83056 6892
9.83056 7192
9.83088 7480
9.83089 7757
9.8312 8024
9.83121 8282
9.83151 8532
9.83152 8775
9.83182 9011
9.83182 9241
9.83183 9465
9.83214 9684
9.83215 3600
9.83247 4176
9.83278 4672
9.83309 5115
9.83338 5520
9.83369 5895
9.83401 6246
9.83401 6577
9.83433 6892
9.83434 7192
9.83463 7480
9.83464 7757
9.83493 8024
9.83494 8282
9.83522 8532
9.83522 8775
9.83552 9011
9.83552 9241
9.83553 9465
9.83584 9684
9.83585 9898
9.83585 10107
9.83615 10312
9.83616 10513
9.83616 10710
9.83645 10903
9.83646 11093
9.83646 11279
9.83676 11462
9.83676 11642
9.83677 11820
9.83708 11995
9.83708 12167
9.83709 12337
9.8374 5040
9.83772 5451
9.83801 5831
9.83832 6186
9.83832 6521
9.83864 6838
9.83864 7141
9.83896 7431
9.83896 7710
9.83928 7978
9.83928 8237
9.83955 8488
9.83956 8732
9.83983 8969
9.83983 9200
9.83984 9425
9.84014 9645
9.84014 9859
9.84015 10069
9.84046 10274
9.84047 10475
9.84047 10672
9.84078 10866
9.84079 11056
9.84079 11243
9.8411 11427
9.8411 11608
9.84111 11786
9.84141 11961
9.84142 12134
9.84142 12304
9.84142 12472
9.84173 12638
9.84174 12802
9.84174 12963
9.84175 13122
9.84205 13280
9.84206 13436
9.84206 13590
9.84207 13742
9.84236 13892
9.84236 14041
9.84237 14188
9.84237 14334
9.84267 14478
9.84267 14621
9.84268 14762
9.84268 14902
9.84299 15041
9.843 15178
9.843 6480
9.84332 6800
9.84359 7104
9.8436 7395
9.8439 7675
9.8439 7945
9.84421 8205
9.84422 8457
9.84453 8702
9.84454 8940
9.84485 9171
9.84486 9397
9.84517 3600
9.84548 4176
9.84577 4672
9.84609 5115
9.8464 5520
9.8467 5895
9.84702 6246
9.84702 6577
9.84734 6892
9.84734 7192
9.84765 7480
9.84766 7757
9.84796 8024
9.84797 8282
9.84827 8532
9.84827 8775
9.84856 9011
9.84856 9241
9.84857 9465
9.84888 9684
9.84889 9898
9.84889 10107
9.8492 10312
9.8492 10513
9.84921 10710
9.84949 10903
9.8495 11093
9.8495 11279
9.84979 11462
9.8498 11642
9.8498 11820
9.85011 11995
9.85012 12167
9.85012 12337
9.85044 5040
9.85073 5451
9.85101 5831
9.85129 6186
9.8513 6521
9.85162 6838
9.85194 2880
9.85225 3600
9.85252 4176
9.85277 4672
9.85305 5115
9.85336 5520
9.85368 5895
9.854 6246
9.85432 6577
9.85463 2880
9.85495 3600
9.85527 4176
9.85558 4672
9.8559 5115
9.85621 5520
9.85652 5895
9.85683 6246
9.85684 6577
9.85715 6892
9.85716 7192
9.85745 7480
9.85746 7757
9.85776 8024
9.85777 8282
9.85808 8532
9.85808 8775
9.8584 9011
9.85871 3600
9.85926 4176
9.85957 4672
9.85989 5115
9.86079 2880
9.86141 3600
9.86232 2880
9.8626 3600
9.8629 4176
10.0632 4672
10.0641 2880
10.0646 3600
10.0649 4176
10.0653 4672
10.0656 5115
10.0659 5520
10.0661 5895
10.0665 6246
10.0665 6577
10.0668 6892
10.0668 7192
10.0671 7480
10.0671 7757
10.0674 8024
10.0674 8282
10.0677 8532
10.0677 8775
10.068 9011
10.068 9241
10.068 9465
10.0683 9684
10.0683 3600
10.0686 4176
10.0689 4672
10.0692 5115
10.0695 5520
10.0698 5895
10.0702 2880
10.0704 3600
10.0707 4176
10.0711 4672
10.0714 5115
10.072 2880
10.0723 3600
10.0726 4176
10.2729 4672
10.2736 2880
10.2739 3600
10.2742 4176
10.2745 4672
10.2748 5115
10.2751 5520
10.2755 5895
10.2758 6246
10.2758 6577
10.2761 6892
10.2761 7192
10.2764 7480
10.2764 7757
10.2767 8024
10.2767 8282
10.277 8532
10.277 8775
10.2773 9011
10.2773 9241
10.2776 9465
10.2776 3600
10.2779 4176
10.2782 4672
10.2785 5115
10.2791 2880
10.2795 3600
10.2798 4176
10.2801 4672
10.2804 5115
10.281 2880
10.2813 3600
10.2816 4176
10.482 4672
10.4829 2880
10.4835 3600
10.4844 2880
10.4847 3600
10.485 4176
10.4853 4672
10.4856 5115
10.4859 5520
10.4862 5895
10.4865 6246
10.4868 6577
10.4871 2880
10.4875 3600
10.4877 4176
10.4881 4672
10.4884 5115
10.489 2880
10.4893 3600
10.4896 4176
10.6899 4672
10.6905 2880
10.6908 3600
10.6911 4176
10.6914 4672
10.6917 5115
10.6921 5520
10.6924 5895
10.6927 2880
10.693 3600
10.6933 4176
10.6936 4672
10.6939 5115
10.6942 5520
10.6945 5895
10.6948 6246
10.6955 2880
10.6961 3600
10.697 2880
10.6973 3600
10.6976 4176
10.6979 4672
10.6982 5115
10.6985 5520
10.6988 5895
10.6991 6246
10.6991 6577
10.6995 6892
10.6995 7192
10.6998 7480
10.6998 7757
10.7001 8024
10.7001 8282
10.7004 8532
10.7004 8775
10.7007 9011
10.701 3600
10.7016 4176
10.7019 4672
10.9023 5115
10.9032 2880
10.9038 3600
10.9041 4176
10.9044 4672
10.9048 5115
10.905 5520
10.9053 5895
10.9056 6246
10.9056 6577
10.906 6892
10.906 7192
10.9063 7480
10.9063 7757
10.9066 8024
10.9066 8282
10.9069 8532
10.9069 8775
10.9072 9011
10.9076 3600
10.9081 4176
10.9085 4672
10.9088 5115
10.9094 2880
10.9097 3600
10.91 4176
11.91 1440
11.9103 2880
11.9107 3600
11.911 4176
11.9113 4672
11.9115 5115
11.9118 5520
11.9122 5895
11.9125 6246
11.9128 6577
11.9131 2880
11.9134 3600
11.9137 4176
11.914 4672
11.9144 5115
11.9147 5520
11.915 5895
11.9153 6246
11.9153 6577
11.9156 6892
11.9156 7192
11.9159 7480
11.9159 7757
11.9162 8024
11.9162 8282
11.9165 8532
11.9165 8775
11.9168 9011
11.9168 9241
11.9168 9465
11.9171 9684
11.9171 9898
11.9171 10107
11.9174 10312
11.9174 10513
11.9174 10710
11.9177 10903
11.9177 11093
11.9177 11279
11.918 11462
11.918 11642
11.918 11820
11.9183 11995
11.9183 12167
11.9183 12337
11.9183 12505
11.9186 12670
11.9186 12833
11.9186 12994
11.9186 13153
11.9189 13310
11.919 13465
11.919 13618
11.9192 5760
11.9196 6120
11.9196 6458
11.9199 6779
11.9199 7084
11.9202 7376
11.9202 7657
11.9205 7927
11.9208 2880
11.9211 3600
11.9214 4176
11.9217 4672
11.922 5115
11.9223 5520
11.9226 5895
11.9229 6246
11.9229 6577
11.9232 6892
11.9232 7192
11.9235 7480
11.9235 7757
11.9238 8024
11.9241 2880
11.9244 3600
11.9247 4176
11.925 4672
11.9254 5115
11.926 2880
11.9263 3600
11.9266 4176
12.1269 4672
12.1275 2880
12.1278 3600
12.1281 4176
12.1284 4672
12.1287 5115
12.1294 2880
12.1297 3600
12.1299 4176
12.1303 4672
12.1306 5115
12.1309 5520
12.1312 5895
12.1315 6246
12.1315 6577
12.1318 6892
12.1318 7192
12.1322 7480
12.1322 7757
12.1325 8024
12.1325 8282
12.1328 8532
12.1328 8775
12.1331 9011
12.1331 9241
12.1331 9465
12.1334 9684
12.1334 3600
12.1338 4176
12.1341 4672
12.1344 5115
12.1347 5520
12.135 5895
12.1353 6246
12.1353 6577
12.1356 6892
12.1356 7192
12.1359 7480
12.1359 7757
12.1362 8024
12.1363 8282
12.1366 8532
12.1366 8775
12.1369 9011
12.1369 9241
12.1372 9465
12.1372 3600
12.1375 4176
12.1378 4672
12.1381 5115
12.1384 5520
12.1388 5895
12.1391 6246
12.1391 6577
12.1394 6892
12.1394 7192
12.1397 7480
12.1397 7757
12.14 8024
12.14 8282
12.1403 8532
12.1403 8775
12.1406 9011
12.1406 9241
12.1406 9465
12.1409 9684
12.1409 9898
12.1409 10107
12.1412 10312
12.1412 10513
12.1412 10710
12.1416 10903
12.1416 11093
12.1416 11279
12.1419 11462
12.1419 11642
12.1419 11820
12.1422 11995
12.1422 12167
12.1422 12337
12.1422 12505
12.1425 12670
12.1425 12833
12.1425 12994
12.1425 13153
12.1428 13310
12.1428 13465
12.1428 13618
12.1428 13770
12.1431 13920
12.1431 14068
12.1431 14215
12.1431 14360
12.1434 14504
12.1434 14646
12.1434 14787
12.1435 14927
12.1438 15065
12.1438 15202
12.1438 15338
12.1438 15473
12.1438 15607
12.1441 15739
12.1441 15870
12.1441 16000
12.1441 16129
12.1441 16257
12.1444 16384
12.1444 16510
12.1444 16635
12.1444 16759
12.1444 16882
12.1447 17004
12.1447 17125
12.1447 17246
12.1447 17366
12.1447 17485
12.145 17603
12.145 17720
12.145 17837
12.145 17953
12.145 18068
12.145 18182
12.1453 18296
12.1453 18409
12.1453 18521
12.1453 18632
12.1453 18743
12.1453 18853
12.1456 18962
12.1456 19071
12.1456 19179
12.1456 19287
12.1456 19394
12.1456 19500
12.1459 19606
12.1459 19711
12.1459 19816
12.146 19920
12.146 20024
12.146 20127
12.1462 20230
12.1463 20332
12.1463 20433
12.1463 20534
12.1463 20634
12.1463 20734
12.1465 20834
12.1465 20933
12.1466 21032
12.1466 21130
12.1466 21228
12.1466 21325
12.1466 21422
12.1469 21518
12.1469 21614
12.1469 21709
12.1469 21804
12.1469 21899
12.1469 21993
12.1469 22087
12.1472 22180
12.1472 22273
12.1472 22366
12.1472 22458
12.1472 22550
12.1472 22641
12.1472 22732
12.1475 22823
12.1475 22913
12.1475 23003
12.1475 23093
12.1475 23182
12.1475 23271
12.1475 23360
12.1478 23448
12.1478 23536
12.1478 23624
12.1478 23711
12.1478 23798
12.1478 10800
12.1481 10992
12.1484 11180
12.1484 11365
12.1484 11547
12.1488 11726
12.1488 11902
12.1488 12076
12.1491 5040
12.15 5451
12.15 5831
12.1503 6186
12.1503 6521
12.1507 6838
12.151 2880
12.1513 3600
12.1516 4176
12.1519 4672
12.1522 5115
12.1528 2880
12.1532 3600
12.1535 4176
12.3538 4672
12.3547 2880
12.3554 3600
12.3563 2880
12.3566 3600
12.3568 4176
12.3572 4672
12.3575 5115
12.3578 5520
12.3581 5895
12.3584 6246
12.3584 6577
12.3587 6892
12.3587 7192
12.3591 7480
12.3591 7757
12.3594 8024
12.3594 8282
12.3597 8532
12.3597 8775
12.36 9011
12.36 9241
12.36 9465
12.3603 9684
12.3603 9898
12.3603 10107
12.3606 10312
12.3606 10513
12.3606 10710
12.3609 10903
12.3609 11093
12.3609 11279
12.3612 11462
12.3612 11642
12.3612 11820
12.3615 11995
12.3616 12167
12.3616 12337
12.3616 12505
12.3619 12670
12.3619 12833
12.3619 12994
12.3619 13153
12.3622 13310
12.3622 13465
12.3622 13618
12.3622 13770
12.3625 13920
12.3625 14068
12.3625 14215
12.3625 14360
12.3628 14504
12.3628 14646
12.3628 14787
12.3628 14927
12.363 15065
12.363 15202
12.363 15338
12.363 15473
12.363 15607
12.3633 15739
12.3633 15870
12.3633 16000
12.3633 16129
12.3633 16257
12.3636 16384
12.3636 16510
12.3637 7200
12.364 7488
12.3643 7764
12.3643 8031
12.3646 8289
12.3646 8539
12.3649 8781
12.3649 9017
12.3652 9246
12.3655 3600
12.3663 4176
12.3666 4672
12.3669 5115
12.3676 2880
12.3679 3600
12.3682 4176
12.3685 4672
12.3688 5115
12.3695 2880
12.3698 3600
12.3701 4176
12.3704 4672
12.3707 5115
12.371 5520
12.3713 5895
12.3716 6246
12.3719 6577
12.3728 2880
12.3734 3600
12.3737 4176
12.374 4672
12.3743 5115
12.3746 5520
12.3749 5895
12.3752 6246
12.3752 6577
12.3755 6892
12.3755 7192
12.3758 7480
12.3758 7757
12.3762 8024
12.3762 8282
12.3765 8532
12.3765 8775
12.3768 9011
12.3768 9241
12.3768 9465
12.3771 9684
12.3771 9898
12.3771 10107
12.3774 10312
12.3774 10513
12.3774 10710
12.3777 10903
12.3777 11093
12.3777 11279
12.378 11462
12.378 11642
12.378 11820
12.3783 11995
12.3783 12167
12.3783 12337
12.3783 12505
12.3786 12670
12.3786 12833
12.3786 12994
12.3786 13153
12.3789 13310
12.379 13465
12.379 13618
12.3793 5760
12.3796 6120
12.3796 6458
12.3799 6779
12.3799 7084
12.3802 7376
12.3802 7657
12.3805 7927
12.3808 2880
12.3811 3600
12.3814 4176
12.3817 4672
12.382 5115
12.3824 5520
12.3827 5895
12.383 2880
12.3833 3600
12.3836 4176
12.3839 4672
12.3842 5115
12.3845 5520
12.3848 5895
12.3851 6246
12.3851 6577
12.3855 6892
12.3855 7192
12.3857 7480
12.3857 7757
12.386 8024
12.386 8282
12.3863 8532
12.3863 8775
12.3866 9011
12.3866 9241
12.3866 9465
12.3869 9684
12.3869 9898
12.3869 10107
12.3872 10312
12.3873 10513
12.3873 10710
12.3875 10903
12.3876 11093
12.3876 11279
12.3879 11462
12.3879 11642
12.3879 11820
12.3881 11995
12.3881 12167
12.3881 12337
12.3881 12505
12.3884 12670
12.3884 12833
12.3884 12994
12.3885 13153
12.3888 13310
12.3888 13465
12.3888 13618
12.3888 13770
12.389 13920
12.3891 14068
12.3891 14215
12.3891 14360
12.3893 14504
12.3893 14646
12.3894 14787
12.3894 14927
12.3897 15065
12.3897 6480
12.3903 6800
12.3906 7104
12.3906 7395
12.3909 7675
12.3909 7945
12.3912 8205
12.3912 8457
12.3915 8702
12.3915 8940
12.3918 9171
12.3918 9397
12.3921 3600
12.3924 4176
12.3927 4672
12.3931 5115
12.3937 2880
12.394 3600
12.3943 4176
12.5946 4672
12.5952 2880
12.5955 3600
12.5958 4176
12.5961 4672
12.5964 5115
12.597 2880
12.5973 3600
12.5976 4176
12.5979 4672
12.5982 5115
12.5989 2880
12.5992 3600
12.5995 4176
12.5998 4672
12.6 5115
12.6003 5520
12.6006 5895
12.601 6246
12.6016 2880
12.6021 3600
12.6024 4176
12.6028 4672
12.6031 5115
12.6034 5520
12.6037 5895
12.604 6246
12.604 6577
12.6043 6892
12.6043 7192
12.6046 7480
12.6046 7757
12.6049 8024
12.6049 8282
12.6053 8532
12.6053 8775
12.6056 9011
12.6056 9241
12.6056 9465
12.6059 9684
12.6059 9898
12.6059 10107
12.6062 10312
12.6062 10513
12.6062 10710
12.6065 10903
12.6065 11093
12.6065 11279
12.6068 11462
12.6068 11642
12.6068 11820
12.6071 11995
12.6071 5040
12.608 5451
12.6081 5831
12.6083 6186
12.6083 6521
12.6086 6838
12.6086 7141
12.609 7431
12.609 7710
12.6093 7978
12.6093 8237
12.6096 8488
12.6096 8732
12.6099 8969
12.6099 9200
12.6099 9425
12.6101 9645
12.6102 9859
12.6102 10069
12.6105 10274
12.6105 10475
12.6105 10672
12.6108 10866
12.6108 4320
12.6111 4800
12.6114 5232
12.6117 5628
12.612 5996
12.6123 6341
12.6127 6668
12.6129 2880
12.6132 3600
12.6135 4176
12.6138 4672
12.6141 5115
12.6145 5520
12.6148 5895
12.6151 2880
12.6153 3600
12.6156 4176
12.616 4672
12.6163 5115
12.6166 5520
12.6169 5895
12.6172 6246
12.6175 6577
12.6178 2880
12.6181 3600
12.6184 4176
12.6187 4672
12.6191 5115
12.6194 5520
12.6197 5895
12.6199 6246
12.6199 6577
12.6203 6892
12.6203 7192
12.6206 7480
12.6206 7757
12.6209 8024
12.6209 8282
12.6212 8532
12.6212 8775
12.6215 9011
12.6215 9241
12.6215 9465
12.6218 9684
12.6218 9898
12.6218 10107
12.622 10312
12.622 10513
12.622 10710
12.6223 10903
12.6223 11093
12.6223 11279
12.6226 11462
12.6226 11642
12.6227 11820
12.623 11995
12.623 12167
12.623 12337
12.6233 5040
12.6236 5451
12.6239 5831
12.6242 6186
12.6242 6521
12.6245 6838
12.6248 2880
12.6251 3600
12.6254 4176
12.6257 4672
12.6261 5115
12.6264 5520
12.6267 5895
12.627 6246
12.627 6577
12.6273 6892
12.6273 7192
12.6276 7480
12.6276 7757
12.6279 8024
12.6279 8282
12.6283 8532
12.6283 8775
12.6285 9011
12.6285 9241
12.6285 9465
12.6288 9684
12.6288 9898
12.6288 10107
