1 4176
1.00827 4672
1.02075 5115
1.03323 5520
1.04585 5895
1.05833 6246
1.07082 6577
1.0833 6892
1.09578 7192
1.10827 7480
1.12101 7757
1.13363 8024
1.14625 8282
1.16524 2880
1.19047 3600
1.20309 4176
1.2157 4672
1.22832 5115
1.2412 5520
1.25395 5895
1.26709 6246
1.27998 6577
1.29299 6892
1.2999 7192
1.31278 7480
1.32526 7757
1.33774 8024
1.34996 8282
1.36284 8532
1.37519 8775
1.38754 9011
1.39976 9241
1.41809 3600
1.44863 4176
1.46085 4672
1.47307 5115
1.48542 5520
1.49764 5895
1.50985 6246
1.52207 6577
1.53429 6892
1.54651 7192
1.55872 7480
1.57094 7757
1.58316 8024
1.59538 8282
1.60759 8532
1.62592 2880
1.64425 3600
1.65646 4176
1.66868 4672
1.6809 5115
1.69312 5520
1.70533 5895
1.71755 6246
1.72977 6577
1.74199 6892
1.75421 7192
1.76642 7480
1.77864 7757
1.79086 8024
1.80308 8282
1.81529 8532
1.83362 2880
1.85155 3600
1.8635 4176
1.87545 4672
1.8874 5115
1.89936 5520
1.91131 5895
1.92326 6246
1.93521 6577
1.94716 6892
1.95912 7192
1.97107 7480
1.98302 7757
1.99497 8024
2.00692 8282
2.01901 8532
2.03694 2880
2.05486 3600
2.06682 4176
2.07877 4672
2.09072 5115
2.10267 5520
2.11462 5895
2.12658 6246
2.13853 6577
2.15048 6892
2.16243 7192
2.17438 7480
2.18647 7757
2.19842 8024
2.21037 8282
2.22233 8532
2.24025 2880
2.25845 3600
2.2704 4176
2.28288 4672
2.29523 5115
2.30758 5520
2.3198 5895
2.33228 6246
2.34477 6577
2.35712 6892
2.3696 7192
2.38195 7480
2.39443 7757
2.40745 8024
2.42033 8282
2.43321 2880
2.45844 3600
2.47066 4176
2.48288 4672
2.49576 5115
2.50811 5520
2.52046 5895
2.53268 6246
2.54503 6577
2.55725 6892
2.56946 7192
2.58168 7480
2.5939 7757
2.60612 8024
2.61833 8282
2.63055 8532
2.64888 2880
2.66721 3600
2.67942 4176
2.69164 4672
2.70386 5115
2.71608 5520
2.72829 5895
2.74051 6246
2.75273 6577
2.76495 6892
2.77743 7192
2.78991 7480
2.80226 7757
2.81488 8024
2.82736 8282
2.83985 8532
2.85857 2880
2.87729 3600
2.88978 4176
2.90226 4672
2.91461 5115
2.92683 5520
2.93905 5895
2.95126 6246
2.96348 6577
2.9757 6892
2.98792 7192
3.00013 7480
3.01235 7757
3.02457 8024
3.03679 8282
3.04901 8532
3.06733 2880
3.08579 3600
3.09801 4176
3.11023 4672
3.12244 5115
3.13466 5520
3.14688 5895
3.1591 6246
3.17131 6577
3.18353 6892
3.19575 7192
3.20797 7480
3.22018 7757
3.2324 8024
3.24462 8282
3.25684 8532
3.27516 2880
3.29349 3600
3.30571 4176
3.31793 4672
3.33014 5115
3.34249 5520
3.35471 5895
3.36693 6246
3.37915 6577
3.39136 6892
3.40371 7192
3.4162 7480
3.42868 7757
3.44103 8024
3.45338 8282
3.4656 8532
3.48419 2880
3.50278 3600
3.51513 4176
3.52775 4672
3.54023 5115
3.55311 5520
3.56573 5895
3.57848 6246
3.58525 6577
3.59787 6892
3.60995 7192
3.6223 7480
3.63452 7757
3.6474 8024
3.65975 8282
3.6721 8532
3.68432 8775
3.70265 3600
3.73319 4176
3.74541 4672
3.75763 5115
3.76984 5520
3.78206 5895
3.79428 6246
3.8065 6577
3.81871 6892
3.83093 7192
3.84315 7480
3.85537 7757
3.86758 8024
3.8802 8282
3.89268 8532
3.91141 2880
3.93013 3600
3.94262 4176
3.9551 4672
3.96758 5115
3.98007 5520
3.99255 5895
4.00503 6246
4.01752 6577
4.03 6892
4.04248 7192
4.05497 7480
4.06745 7757
4.07993 8024
4.09241 8282
4.1049 8532
4.12362 2880
4.14235 3600
4.15483 4176
4.16731 4672
4.1798 5115
4.19228 5520
4.20476 5895
4.21725 6246
4.22973 6577
4.24221 6892
4.2547 7192
4.26718 7480
4.27966 7757
4.29215 8024
4.30463 8282
4.31711 8532
4.33584 2880
4.35456 3600
4.36705 4176
4.37953 4672
4.39201 5115
4.40449 5520
4.41698 5895
4.42959 6246
4.44208 6577
4.45456 6892
4.46704 7192
4.47953 7480
4.49214 7757
4.50463 8024
4.51711 8282
4.52959 8532
4.54832 2880
4.56731 3600
4.57992 4176
4.59267 4672
4.60529 5115
4.6179 5520
4.63039 5895
4.64314 6246
4.65575 6577
4.6685 6892
4.68125 7192
4.694 7480
4.70675 7757
4.72003 8024
4.73317 8282
4.74632 2880
4.77182 3600
4.7843 4176
4.79679 4672
4.80993 5115
4.82255 5520
4.83517 5895
4.84765 6246
4.86013 6577
4.87261 6892
4.8851 7192
4.89758 7480
4.91006 7757
4.92255 8024
4.93503 8282
4.94751 8532
4.96624 2880
4.98496 3600
4.99745 4176
5.00993 4672
5.02241 5115
5.0349 5520
5.04751 5895
5.06 6246
5.07248 6577
5.08496 6892
5.09745 7192
5.10993 7480
5.12241 7757
5.13489 8024
5.14738 8282
5.15986 8532
5.17859 2880
5.19731 3600
5.20979 4176
5.22228 4672
5.23489 5115
5.24738 5520
5.25986 5895
5.27234 6246
5.28483 6577
5.29731 6892
5.30979 7192
5.32228 7480
5.33476 7757
5.34724 8024
5.35973 8282
5.37221 8532
5.39093 2880
5.40966 3600
5.42214 4176
5.43462 4672
5.44711 5115
5.45959 5520
5.47207 5895
5.48456 6246
5.49691 6577
5.50952 6892
5.52201 7192
5.53449 7480
5.54697 7757
5.55946 8024
5.57194 8282
5.58442 8532
5.60315 2880
5.62187 3600
5.63436 4176
5.64684 4672
5.65932 5115
5.67194 5520
5.68442 5895
5.6969 6246
5.70939 6577
5.72187 6892
5.73449 7192
5.74724 7480
5.75998 7757
5.77273 8024
5.78535 8282
5.80407 2880
5.82957 3600
5.84219 4176
5.85494 4672
5.86755 5115
5.8807 5520
5.89358 5895
5.90673 6246
5.91324 6577
5.92665 6892
5.93913 7192
5.95161 7480
5.9641 7757
5.97698 8024
5.98986 8282
6.00248 8532
6.0212 2880
6.04006 3600
6.05254 4176
6.06503 4672
6.07751 5115
6.08999 5520
6.10248 5895
6.11496 6246
6.12744 6577
6.13993 6892
6.15241 7192
6.16489 7480
6.17737 7757
6.18986 8024
6.20234 8282
6.21482 8532
6.23368 2880
6.25241 3600
6.26489 4176
6.27737 4672
6.28986 5115
6.30234 5520
6.31482 5895
6.32731 6246
6.33979 6577
6.35227 6892
6.36476 7192
6.37724 7480
6.38972 7757
6.40221 8024
6.41469 8282
6.42717 8532
6.4459 2880
6.46462 3600
6.4771 4176
6.48959 4672
6.50207 5115
6.51455 5520
6.52704 5895
6.53952 6246
6.552 6577
6.56449 6892
6.57697 7192
6.58945 7480
6.60194 7757
6.61442 8024
6.6269 8282
6.63939 8532
6.65811 2880
6.67684 3600
6.68932 4176
6.7018 4672
6.71429 5115
6.72677 5520
6.73925 5895
6.75173 6246
6.76422 6577
6.7767 6892
6.78918 7192
6.80167 7480
6.81415 7757
6.82663 8024
6.83925 8282
6.85173 8532
6.87059 2880
6.88932 3600
6.9018 4176
6.91455 4672
6.9273 5115
6.94005 5520
6.95266 5895
6.96514 6246
6.97789 6577
6.99038 6892
7.00313 7192
7.01574 7480
7.02862 7757
7.04111 8024
7.05452 8282
7.07404 2880
7.09369 3600
7.10644 4176
7.11893 4672
7.13154 5115
7.14442 5520
7.15731 5895
7.16979 6246
7.18241 6577
7.19489 6892
7.20737 7192
7.21985 7480
7.23234 7757
7.24482 8024
7.25717 8282
7.26939 8532
7.28772 2880
7.30604 3600
7.31826 4176
7.33048 4672
7.34269 5115
7.35518 5520
7.36766 5895
7.38014 6246
7.39263 6577
7.40524 6892
7.41773 7192
7.43021 7480
7.44269 7757
7.45518 8024
7.46766 8282
7.48014 8532
7.49887 2880
7.51759 3600
7.53008 4176
7.54256 4672
7.55504 5115
7.56753 5520
7.58001 5895
7.59249 6246
7.60497 6577
7.61746 6892
7.62994 7192
7.64242 7480
7.65491 7757
7.66752 8024
7.68001 8282
7.69249 8532
7.71121 2880
7.72994 3600
7.74242 4176
7.75491 4672
7.76739 5115
7.77987 5520
7.79236 5895
7.80484 6246
7.81732 6577
7.82981 6892
7.84229 7192
7.85477 7480
7.86725 7757
7.87974 8024
7.89222 8282
7.9047 8532
7.92343 2880
7.94215 3600
7.95464 4176
7.96712 4672
7.9796 5115
7.99209 5520
8.0047 5895
8.01719 6246
8.02967 6577
8.04215 6892
8.05464 7192
8.06712 7480
8.07987 7757
8.09248 8024
8.10523 8282
8.12422 2880
8.14945 3600
8.16207 4176
8.17469 4672
8.1873 5115
8.20018 5520
8.21307 5895
8.22621 6246
8.23909 6577
8.25211 6892
8.25888 7192
8.27176 7480
8.28425 7757
8.29673 8024
8.30921 8282
8.32236 8532
8.33498 8775
8.34759 9011
8.36008 9241
8.3788 3600
8.40377 4176
8.41625 4672
8.42873 5115
8.44122 5520
8.4537 5895
8.46618 6246
8.4788 6577
8.49128 6892
8.50377 7192
8.51625 7480
8.52886 7757
8.54135 8024
8.55383 8282
8.57269 2880
8.59765 3600
8.61014 4176
8.62262 4672
8.6351 5115
8.64759 5520
8.66007 5895
8.67255 6246
8.68504 6577
8.69752 6892
8.71 7192
8.72249 7480
8.73497 7757
8.74745 8024
8.75994 8282
8.77242 8532
8.79114 2880
8.80987 3600
8.82235 4176
8.83484 4672
8.84732 5115
8.8598 5520
8.87229 5895
8.88477 6246
8.89725 6577
8.90973 6892
8.92222 7192
8.9347 7480
8.94718 7757
8.95967 8024
8.97215 8282
8.98463 8532
9.00336 2880
9.02222 3600
9.0347 4176
9.04718 4672
9.05967 5115
9.07215 5520
9.08463 5895
9.09712 6246
9.1096 6577
9.12208 6892
9.13457 7192
9.14705 7480
9.15953 7757
9.17215 8024
9.18463 8282
9.19711 8532
9.21584 2880
9.23456 3600
9.24731 4176
9.25993 4672
9.27268 5115
9.28516 5520
9.29791 5895
9.31039 6246
9.32314 6577
9.33576 6892
9.34851 7192
9.36125 7480
9.37387 7757
9.38662 8024
9.3999 8282
9.41942 2880
9.43908 3600
9.45156 4176
9.46404 4672
9.47653 5115
9.48967 5520
9.50229 5895
9.5149 6246
9.52739 6577
9.53987 6892
9.55235 7192
9.56497 7480
9.57745 7757
9.58994 8024
9.60242 8282
9.62114 2880
9.64611 3600
9.65859 4176
9.67108 4672
9.68356 5115
9.69618 5520
9.70866 5895
9.72114 6246
9.73376 6577
9.74624 6892
9.75873 7192
9.77121 7480
9.78369 7757
9.79617 8024
9.80853 8282
9.82127 8532
9.84 2880
9.85872 3600
9.87121 4176
9.88369 4672
9.89617 5115
9.90866 5520
9.92114 5895
9.93362 6246
9.94611 6577
9.95859 6892
9.97107 7192
9.98356 7480
9.99604 7757
10.0085 8024
10.021 8282
10.0335 8532
10.0522 2880
10.0709 3600
10.0834 4176
10.0959 4672
10.1084 5115
10.1209 5520
10.1334 5895
10.1458 6246
10.1583 6577
10.1708 6892
10.1833 7192
10.1958 7480
10.2083 7757
10.2207 8024
10.2332 8282
10.2457 8532
10.2644 2880
10.2832 3600
10.2956 4176
10.3081 4672
10.3206 5115
10.3331 5520
10.3457 5895
10.3582 6246
10.3708 6577
10.3833 6892
10.3958 7192
10.4083 7480
10.421 7757
10.4336 8024
10.4464 8282
10.4652 2880
10.4906 3600
10.5032 4176
10.5158 4672
10.5284 5115
10.5413 5520
10.5541 5895
10.5669 6246
10.5802 6577
10.5932 6892
10.6 7192
10.6129 7480
10.6254 7757
10.638 8024
10.6505 8282
10.6636 8532
10.6762 8775
10.6889 9011
10.7013 9241
10.7201 3600
10.745 4176
10.7575 4672
10.77 5115
10.7825 5520
10.795 5895
10.8074 6246
10.8199 6577
10.8324 6892
10.8449 7192
10.8574 7480
10.87 7757
10.8825 8024
10.895 8282
10.9076 8532
10.9263 2880
10.945 3600
10.9575 4176
10.97 4672
10.9825 5115
10.995 5520
11.0074 5895
11.0197 6246
11.0318 6577
11.0438 6892
11.0557 7192
11.0677 7480
11.0796 7757
11.0916 8024
11.1035 8282
11.1215 2880
11.1394 3600
11.1513 4176
11.1633 4672
11.1754 5115
11.1873 5520
11.1993 5895
11.2115 6246
11.2237 6577
11.2359 6892
11.2482 7192
11.2604 7480
11.2726 7757
11.2848 8024
11.297 8282
11.3092 8532
11.3276 2880
11.3459 3600
11.3581 4176
11.3703 4672
11.3825 5115
11.3948 5520
11.407 5895
11.4192 6246
11.4313 6577
11.4436 6892
11.4559 7192
11.4681 7480
11.4803 7757
11.4925 8024
11.5047 8282
11.5169 8532
11.5353 2880
11.5537 3600
11.5659 4176
11.5782 4672
11.5904 5115
11.6026 5520
11.6151 5895
11.6274 6246
11.6398 6577
11.6521 6892
11.6645 7192
11.6767 7480
11.6895 7757
11.7018 8024
11.7144 8282
11.7268 8532
11.7454 2880
11.7645 3600
11.7774 4176
11.7837 4672
11.7968 5115
11.8091 5520
11.8213 5895
11.8335 6246
11.8459 6577
11.8586 6892
11.8709 7192
11.8831 7480
11.8953 7757
11.9075 8024
11.9199 8282
11.9321 8532
11.9504 2880
11.9686 3600
11.9809 4176
11.9932 4672
12.0054 5115
12.0176 5520
12.0298 5895
12.042 6246
12.0543 6577
12.0665 6892
12.0787 7192
12.091 7480
12.1033 7757
12.1155 8024
12.1277 8282
12.1399 8532
12.1582 2880
12.1766 3600
12.1888 4176
12.201 4672
12.2132 5115
12.2254 5520
12.2375 5895
12.2499 6246
12.2621 6577
12.2743 6892
12.2865 7192
12.2987 7480
12.311 7757
12.3232 8024
12.3354 8282
12.3476 8532
12.3661 2880
12.3844 3600
12.3966 4176
12.4088 4672
12.421 5115
12.4333 5520
12.4455 5895
12.4577 6246
12.4699 6577
12.4821 6892
12.4944 7192
12.5067 7480
12.5189 7757
12.5311 8024
12.5434 8282
12.5556 8532
12.5739 2880
12.5922 3600
12.6044 4176
12.6167 4672
12.6289 5115
12.6411 5520
12.6533 5895
12.6655 6246
12.6777 6577
12.6901 6892
12.7023 7192
12.7145 7480
12.7268 7757
12.739 8024
12.7512 8282
12.7637 8532
12.7823 2880
12.8007 3600
12.8131 4176
12.8256 4672
12.8379 5115
12.8505 5520
12.8629 5895
12.8752 6246
12.8874 6577
12.9003 6892
12.9132 7192
12.926 7480
12.9326 7757
12.9452 8024
12.9576 8282
12.9698 8532
12.982 8775
12.9946 9011
13.0071 9241
13.0193 9465
13.0315 9684
13.05 3600
13.0807 4176
13.0929 4672
13.1051 5115
13.1173 5520
13.1295 5895
13.1418 6246
13.154 6577
13.1662 6892
13.1784 7192
13.1906 7480
13.2028 7757
13.2151 8024
13.2274 8282
13.2396 8532
13.258 2880
13.2763 3600
13.2885 4176
13.3006 4672
13.3129 5115
13.3251 5520
13.3374 5895
13.3496 6246
13.3618 6577
13.374 6892
13.3862 7192
13.3985 7480
13.4107 7757
13.4229 8024
13.4351 8282
13.4473 8532
13.4657 2880
13.484 3600
13.4962 4176
13.5085 4672
13.5208 5115
13.533 5520
13.5452 5895
13.5574 6246
13.5698 6577
13.582 6892
13.5942 7192
13.6064 7480
13.6186 7757
13.6309 8024
13.6431 8282
13.6553 8532
13.6736 2880
13.6919 3600
13.7042 4176
13.7164 4672
13.7286 5115
13.7408 5520
13.753 5895
13.7652 6246
13.7775 6577
13.7897 6892
13.8019 7192
13.8141 7480
13.8263 7757
13.8387 8024
13.8509 8282
13.8631 8532
13.8814 2880
13.8999 3600
13.9124 4176
13.9247 4672
13.937 5115
13.9493 5520
13.9617 5895
13.9743 6246
13.9868 6577
13.9991 6892
14.0115 7192
14.0238 7480
14.036 7757
14.0489 8024
14.0618 8282
14.0747 2880
14.1 3600
14.1124 4176
14.1246 4672
14.137 5115
14.1497 5520
14.1619 5895
14.1741 6246
14.1864 6577
14.1986 6892
14.2109 7192
14.2231 7480
14.2354 7757
14.2476 8024
14.2598 8282
14.272 8532
14.2903 2880
14.3087 3600
14.3209 4176
14.3331 4672
14.3453 5115
14.3575 5520
14.3696 5895
14.3821 6246
14.3943 6577
14.4065 6892
14.4188 7192
14.431 7480
14.4432 7757
14.4554 8024
14.4676 8282
14.4798 8532
14.4982 2880
14.5165 3600
14.5287 4176
14.5409 4672
14.5531 5115
14.5654 5520
14.5776 5895
14.5898 6246
14.602 6577
14.6142 6892
14.6265 7192
14.6385 7480
14.651 7757
14.6632 8024
14.6755 8282
14.6877 8532
14.706 2880
14.7243 3600
14.7365 4176
14.7488 4672
14.761 5115
14.7732 5520
14.7854 5895
14.7976 6246
14.8099 6577
14.8221 6892
14.8343 7192
14.8465 7480
14.8587 7757
14.8709 8024
14.8832 8282
14.8954 8532
14.9138 2880
14.9322 3600
14.9444 4176
14.9566 4672
14.9688 5115
14.9812 5520
14.9934 5895
15.0056 6246
15.0178 6577
15.03 6892
15.0423 7192
15.0547 7480
15.0671 7757
15.0794 8024
15.0918 8282
15.1041 8532
15.1229 2880
15.1416 3600
15.1539 4176
15.1663 4672
15.1785 5115
15.1914 5520
15.2043 5895
15.217 6246
15.2237 6577
15.2363 6892
15.2486 7192
15.2608 7480
15.2731 7757
15.2857 8024
15.2982 8282
15.3104 8532
15.3226 8775
15.3409 3600
15.3716 4176
15.3838 4672
15.396 5115
15.4082 5520
15.4205 5895
15.4327 6246
15.445 6577
15.4573 6892
15.4695 7192
15.4817 7480
15.4939 7757
15.5061 8024
15.5185 8282
15.5307 8532
15.549 2880
15.5673 3600
15.5796 4176
15.5918 4672
15.604 5115
15.6162 5520
15.6284 5895
15.6406 6246
15.6529 6577
15.6651 6892
15.6773 7192
15.6895 7480
15.7017 7757
15.714 8024
15.7262 8282
15.7384 8532
15.7567 2880
15.775 3600
15.7873 4176
15.7996 4672
15.8118 5115
15.824 5520
15.8363 5895
15.8485 6246
15.8607 6577
15.8729 6892
15.8851 7192
15.8974 7480
15.9096 7757
15.9218 8024
15.934 8282
15.9462 8532
15.9645 2880
15.9829 3600
15.9951 4176
16.0073 4672
16.0195 5115
16.0317 5520
16.044 5895
16.0562 6246
16.0684 6577
16.0806 6892
16.0928 7192
16.1051 7480
16.1173 7757
16.1296 8024
16.1418 8282
16.1541 8532
16.1724 2880
16.1908 3600
16.2033 4176
16.2157 4672
16.2279 5115
16.2402 5520
16.2527 5895
16.2653 6246
16.2777 6577
16.2902 6892
16.3025 7192
16.3149 7480
16.3271 7757
16.34 8024
16.3529 8282
16.3657 2880
16.3911 3600
16.4033 4176
16.4155 4672
16.4279 5115
16.4406 5520
16.4529 5895
16.4651 6246
16.4773 6577
16.4895 6892
16.5019 7192
16.5142 7480
16.5264 7757
16.5386 8024
16.5509 8282
16.5631 8532
16.5814 2880
16.5997 3600
16.6119 4176
16.6242 4672
16.6364 5115
16.6486 5520
16.6608 5895
16.6732 6246
16.6854 6577
16.6976 6892
16.7098 7192
16.722 7480
16.7343 7757
16.7465 8024
16.7587 8282
16.7708 8532
16.7892 2880
16.8076 3600
16.8198 4176
16.832 4672
16.8442 5115
16.8564 5520
16.8687 5895
16.8809 6246
16.8931 6577
16.9053 6892
16.9175 7192
16.9297 7480
16.9421 7757
16.9543 8024
16.9665 8282
16.9787 8532
16.9971 2880
17.0154 3600
17.0276 4176
17.0397 4672
17.052 5115
17.0643 5520
17.0765 5895
17.0887 6246
17.1009 6577
17.1131 6892
17.1254 7192
17.1376 7480
17.1498 7757
17.162 8024
17.1742 8282
17.1864 8532
17.2048 2880
17.2231 3600
17.2353 4176
17.2475 4672
17.2597 5115
17.2721 5520
17.2843 5895
17.2965 6246
17.3089 6577
17.3211 6892
17.3333 7192
17.3458 7480
17.3582 7757
17.3705 8024
17.3829 8282
17.3952 8532
17.4139 2880
17.4327 3600
17.445 4176
17.4574 4672
17.4696 5115
17.4825 5520
17.4953 5895
17.5081 6246
17.5147 6577
17.5273 6892
17.5397 7192
17.5519 7480
17.5641 7757
17.5769 8024
17.5894 8282
17.6016 8532
17.6138 8775
17.6321 3600
17.6628 4176
17.675 4672
17.6872 5115
17.6994 5520
17.7117 5895
17.7239 6246
17.7361 6577
17.7483 6892
17.7605 7192
17.7728 7480
17.785 7757
17.7972 8024
17.8095 8282
17.8218 8532
17.8401 2880
17.8584 3600
17.8706 4176
17.8828 4672
17.8951 5115
17.9073 5520
17.9195 5895
17.9317 6246
17.9439 6577
17.9561 6892
17.9684 7192
17.9806 7480
17.9928 7757
18.005 8024
18.0172 8282
18.0295 8532
18.0478 2880
18.0661 3600
18.0783 4176
18.0907 4672
18.1028 5115
18.1151 5520
18.1273 5895
18.1395 6246
18.1518 6577
18.164 6892
18.1762 7192
18.1884 7480
18.2006 7757
18.2129 8024
18.2251 8282
18.2373 8532
18.2556 2880
18.2739 3600
18.2862 4176
18.2984 4672
18.3106 5115
18.3228 5520
18.335 5895
18.3472 6246
18.3595 6577
18.3718 6892
18.384 7192
18.3962 7480
18.4085 7757
18.4208 8024
18.433 8282
18.4453 8532
18.4636 2880
18.482 3600
18.4945 4176
18.5069 4672
18.5191 5115
18.5314 5520
18.5438 5895
18.5564 6246
18.5688 6577
18.5812 6892
18.5936 7192
18.6059 7480
18.6182 7757
18.631 8024
18.6439 8282
18.6568 2880
18.6822 3600
18.6944 4176
18.7066 4672
18.719 5115
18.7317 5520
18.7439 5895
18.7561 6246
18.7684 6577
18.7806 6892
18.7929 7192
18.8051 7480
18.8174 7757
18.8296 8024
18.8418 8282
18.854 8532
18.8723 2880
18.8907 3600
18.9029 4176
18.9152 4672
18.9274 5115
18.9397 5520
18.9519 5895
18.9642 6246
18.9765 6577
18.9887 6892
19.0009 7192
19.0131 7480
19.0253 7757
19.0375 8024
19.0498 8282
19.062 8532
19.0803 2880
19.0986 3600
19.1108 4176
19.1231 4672
19.1353 5115
19.1475 5520
19.1597 5895
19.1718 6246
19.1842 6577
19.1964 6892
19.2086 7192
19.2208 7480
19.2332 7757
19.2454 8024
19.2576 8282
19.2698 8532
19.2881 2880
19.3065 3600
19.3187 4176
19.3309 4672
19.3431 5115
19.3553 5520
19.3675 5895
19.3798 6246
19.392 6577
19.4042 6892
19.4164 7192
19.4286 7480
19.4407 7757
19.4531 8024
19.4653 8282
19.4775 8532
19.4958 2880
19.5142 3600
19.5264 4176
19.5386 4672
19.5508 5115
19.5632 5520
19.5754 5895
19.5876 6246
19.5998 6577
19.612 6892
19.6243 7192
19.6367 7480
19.6491 7757
19.6614 8024
19.6738 8282
19.6861 8532
19.7049 2880
19.7237 3600
19.7361 4176
19.7484 4672
19.7606 5115
19.7735 5520
19.7864 5895
19.7991 6246
19.8058 6577
19.8184 6892
19.8308 7192
19.843 7480
19.8549 7757
