1 0.001
1.28505 0.026
1.48698 0.04775
1.48825 0.0419062
1.4892 0.036793
1.48952 0.0323188
1.49015 0.028404
1.4911 0.0249785
1.49205 0.0219812
1.49237 0.0193585
1.49427 0.0170637
1.49523 0.0150557
1.49555 0.0132988
1.49616 0.0117614
1.49617 0.0104163
1.49742 0.00923922
1.49806 0.00820932
1.49838 0.00730815
1.499 0.00651963
1.49901 0.00582968
1.50027 0.00522597
1.50028 0.00469772
1.50059 0.00423551
1.50216 0.00383107
1.50249 0.00347718
1.50406 0.00316753
1.50438 0.00289659
1.50501 0.00265952
1.50501 0.00245208
1.50628 0.00227057
1.50724 0.00211175
1.50755 0.00197278
1.50819 0.00185118
1.50915 0.00174478
1.5101 0.00165168
1.51042 0.00157022
1.51105 0.00149895
1.51105 0.00143658
1.5126 0.001382
1.71292 0.0262093
1.72405 0.0230581
1.72427 0.0203008
1.72504 0.0178882
1.72504 0.0157772
1.72721 0.01393
1.92911 0.0373138
1.93038 0.0327746
1.93101 0.0288027
1.93133 0.0253274
1.93323 0.0222865
1.93355 0.0196257
1.93513 0.0172975
1.93606 0.0152603
1.93638 0.0134777
1.9386 0.011918
1.93924 0.0105533
1.93955 0.00935911
1.94019 0.00831422
1.94052 0.00739994
1.94306 0.00659995
1.94338 0.00589996
1.94529 0.00528746
1.94656 0.00475153
1.9472 0.00428259
1.94752 0.00387226
1.94816 0.00351323
2.15005 0.0281991
2.15452 0.0247992
2.35484 0.0466993
2.35609 0.0409869
2.55641 0.0608635
2.55832 0.0533806
2.55956 0.046833
2.56021 0.0411039
2.56144 0.0360909
2.76176 0.0565795
2.76432 0.0496321
2.76556 0.0435531
2.96589 0.0631089
2.96717 0.0553453
3.1675 0.0734272
3.3691 0.0893738
3.37033 0.078327
3.37126 0.0686612
3.37156 0.0602035
3.37339 0.0528031
3.37402 0.0463277
3.37432 0.0406617
3.37519 0.035704
3.3752 0.031366
3.37613 0.0275703
3.37613 0.024249
3.37645 0.0213429
3.37803 0.0188
3.37835 0.016575
3.38021 0.0146281
3.38116 0.0129246
3.38148 0.011434
3.38209 0.0101298
3.3821 0.00898855
3.38305 0.00798998
3.38305 0.00711624
3.38306 0.00635171
3.38427 0.00568274
3.38428 0.0050974
3.38428 0.00458522
3.38459 0.00413707
3.38611 0.00374494
3.38612 0.00340182
3.38704 0.00310159
3.38704 0.00283889
3.38734 0.00260903
3.38829 0.0024079
3.38915 0.00223191
3.38945 0.00207792
3.39136 0.00194318
3.39322 0.00182528
3.39412 0.00172212
3.39444 0.00163186
3.39628 0.00155287
3.5966 0.0263588
4.79816 0.0231889
4.7993 0.0204153
4.79931 0.0179884
4.80119 0.0158648
4.80149 0.0140067
4.8021 0.0123809
4.80211 0.0109583
4.80517 0.0097135
4.80612 0.00862431
4.80643 0.00767127
4.8073 0.00683736
4.80731 0.00610769
4.80855 0.00546923
4.80917 0.00491057
4.80949 0.00442175
4.81009 0.00399403
4.81009 0.00361978
4.81102 0.00329231
4.81227 0.00300577
4.8141 0.00275504
4.81559 0.00253566
5.01591 0.0272187
5.01814 0.0239414
5.01901 0.0210737
5.01933 0.0185645
5.02206 0.0163689
5.02238 0.0144478
5.02327 0.0127668
5.02328 0.011296
5.02517 0.010009
5.02732 0.00888286
5.02761 0.0078975
5.02822 0.00703531
5.02822 0.0062809
5.02917 0.00562078
5.03008 0.00504319
5.2304 0.0294128
5.2316 0.0258612
5.23224 0.0227535
5.23252 0.0200343
5.23303 0.0176551
5.23304 0.0155732
5.23423 0.0137515
5.23423 0.0121576
5.23455 0.0107629
5.23609 0.00954252
5.23641 0.00847471
5.23723 0.00754037
5.23723 0.00672282
5.23848 0.00600747
5.23911 0.00538153
5.23943 0.00483384
5.24026 0.00435461
5.24026 0.00393529
5.24211 0.00356837
5.244 0.00324733
5.24525 0.00296641
5.24525 0.00272061
5.2462 0.00250553
5.24621 0.00231734
5.24652 0.00215267
5.24712 0.00200859
5.24713 0.00188251
5.24713 0.0017722
5.24807 0.00167567
5.24807 0.00159121
5.24808 0.00151731
5.24836 0.00145265
5.249 0.00139607
5.24901 0.00134656
5.24901 0.00130324
5.25027 0.00126533
5.25027 0.00123217
5.2512 0.00120315
5.25121 0.00117775
5.25121 0.00115553
5.25217 0.00113609
5.25218 0.00111908
5.25218 0.00110419
5.25246 0.00109117
5.25307 0.00107977
5.25307 0.0010698
5.25308 0.00106107
5.25308 0.00105344
5.25402 0.00104676
5.25523 0.00104091
5.25523 0.0010358
5.25555 0.00103133
5.45712 0.0260274
5.65929 0.047899
5.66114 0.0420366
5.66208 0.036907
5.6624 0.0324187
5.66304 0.0284913
5.66304 0.0250549
5.66428 0.022048
5.66429 0.019417
5.66429 0.0171149
5.66522 0.0151005
5.66523 0.013338
5.66523 0.0117957
5.66555 0.0104463
5.66962 0.00926548
5.67025 0.00823229
5.67054 0.00732825
5.67213 0.00653722
5.67401 0.00584507
5.67527 0.00523944
5.67527 0.00470951
5.67621 0.00424582
5.67622 0.00384009
5.67652 0.00348508
5.67713 0.00317444
5.67713 0.00290264
5.67714 0.00266481
5.67808 0.0024567
5.67929 0.00227462
5.67961 0.00211529
5.68114 0.00197588
5.68206 0.00185389
5.68238 0.00174716
5.68423 0.00165376
5.68513 0.00157204
5.68545 0.00150053
5.88759 0.026313
5.88927 0.0231488
5.89119 0.0203802
5.89204 0.0179577
5.89236 0.015838
5.893 0.0139832
5.89301 0.0123603
5.89423 0.0109403
5.89424 0.00969776
5.89424 0.00861054
5.89519 0.00765922
5.8952 0.00682682
5.8952 0.00609846
5.89549 0.00546116
5.89612 0.00490351
5.89612 0.00441557
5.89613 0.00398862
5.89613 0.00361505
5.89642 0.00328817
5.89701 0.00300214
5.89702 0.00275188
5.89702 0.00253289
5.89703 0.00234128
5.89703 0.00217362
5.89827 0.00202692
5.89828 0.00189855
5.89828 0.00178623
5.89829 0.00168795
5.89829 0.00160196
5.8983 0.00152671
5.90007 0.00146087
5.90007 0.00140326
5.90008 0.00135286
5.90102 0.00130875
5.90103 0.00127015
5.90103 0.00123638
5.90225 0.00120684
5.90226 0.00118098
5.90318 0.00115836
5.90319 0.00113856
5.9035 0.00112124
5.90504 0.00110609
6.10537 0.0259678
6.10723 0.0228468
6.30755 0.044991
6.30909 0.0394921
6.31003 0.0346806
6.3103 0.0304705
6.31122 0.0267867
6.31123 0.0235634
6.31154 0.0207429
6.31217 0.0182751
6.31217 0.0161157
6.31218 0.0142262
6.31406 0.012573
6.31528 0.0111263
6.31622 0.00986054
6.31652 0.00875297
6.31716 0.00778385
6.31716 0.00693587
6.31802 0.00619388
6.31802 0.00554465
6.31802 0.00497657
6.31923 0.0044795
6.31924 0.00404456
6.31924 0.00366399
6.31955 0.00333099
6.32019 0.00303962
6.32019 0.00278466
6.3202 0.00256158
6.3202 0.00236638
6.32051 0.00219558
6.32111 0.00204614
6.32111 0.00191537
6.32112 0.00180095
6.32112 0.00170083
6.32112 0.00161322
6.32206 0.00153657
6.32207 0.0014695
6.32207 0.00141081
6.32208 0.00135946
6.32208 0.00131453
6.32235 0.00127521
6.32319 0.00124081
6.3232 0.00121071
6.3232 0.00118437
6.32321 0.00116132
6.32321 0.00114116
6.32322 0.00112351
6.3235 0.00110807
6.32414 0.00109456
6.32415 0.00108274
6.32415 0.0010724
6.32416 0.00106335
6.32416 0.00105543
6.32416 0.0010485
6.32417 0.00104244
6.32503 0.00103713
6.32503 0.00103249
6.32503 0.00102843
6.32504 0.00102487
6.32504 0.00102176
6.32505 0.00101904
6.32505 0.00101666
6.32506 0.00101458
6.32619 0.00101276
6.3262 0.00101116
6.3262 0.00100977
6.32621 0.00100855
6.32711 0.00100748
6.32711 0.00100654
6.32712 0.00100572
6.32712 0.00100501
6.32742 0.00100438
6.32827 0.00100383
6.32827 0.00100335
6.32828 0.00100293
6.32828 0.00100257
6.32829 0.00100224
6.32859 0.00100196
6.33011 0.00100172
6.33132 0.0010015
6.53164 0.0258763
6.53345 0.0227668
6.53408 0.0200459
6.53439 0.0176652
6.53502 0.015582
6.53502 0.0137593
6.53623 0.0121644
6.53624 0.0107688
6.53656 0.00954772
6.53808 0.00847925
6.5384 0.00754435
6.53902 0.0067263
6.53902 0.00601052
6.54026 0.0053842
6.54026 0.00483617
6.54056 0.00435665
6.54117 0.00393707
6.54118 0.00356994
6.54118 0.00324869
6.54213 0.00296761
6.54242 0.00272166
6.543 0.00250645
6.54301 0.00231814
6.54427 0.00215337
6.54427 0.0020092
6.54454 0.00188305
6.54515 0.00177267
6.54516 0.00167608
6.54516 0.00159157
6.54546 0.00151763
6.54703 0.00145292
6.54829 0.00139631
6.54921 0.00134677
6.54953 0.00130342
6.55017 0.00126549
6.55112 0.00123231
6.55204 0.00120327
6.55236 0.00117786
6.55425 0.00115563
6.5552 0.00113617
6.55551 0.00111915
6.55615 0.00110426
6.55709 0.00109122
6.75929 0.0260798
6.76111 0.0229448
6.76231 0.0202017
6.76263 0.0178015
6.76421 0.0157013
6.76515 0.0138637
6.76547 0.0122557
6.76723 0.0108487
6.76815 0.00961765
6.76844 0.00854044
6.77022 0.00759789
6.77054 0.00677315
6.77118 0.00605151
6.7715 0.00542007
6.77305 0.00486756
6.77424 0.00438411
6.77517 0.0039611
6.77546 0.00359096
6.7761 0.00326709
6.77705 0.0029837
6.77824 0.00273574
6.77856 0.00251877
6.78014 0.00232892
6.982 0.0271628
6.98516 0.0238925
6.98726 0.0210309
6.9882 0.018527
6.98851 0.0163362
6.98916 0.0144191
6.98916 0.0127417
6.99006 0.011274
6.99007 0.00998977
6.99007 0.00886605
6.99102 0.00788279
6.99102 0.00702244
6.99103 0.00626964
6.99132 0.00561093
6.99223 0.00503456
6.99223 0.00453024
6.99224 0.00408896
6.99224 0.00370284
6.99255 0.00336499
6.99317 0.00306936
6.99318 0.00281069
6.99318 0.00258435
6.99319 0.00238631
6.99319 0.00221302
6.99412 0.00206139
6.99413 0.00192872
6.99506 0.00181263
6.99506 0.00171105
6.99538 0.00162217
6.99716 0.0015444
6.99747 0.00147635
6.99809 0.0014168
6.9981 0.0013647
6.99903 0.00131911
6.99903 0.00127922
6.99933 0.00124432
7.00027 0.00121378
7.00028 0.00118706
7.00028 0.00116367
7.00054 0.00114321
7.00105 0.00112531
7.00106 0.00110965
7.00106 0.00109594
7.00107 0.00108395
7.00228 0.00107346
7.00228 0.00106427
7.00229 0.00105624
7.00229 0.00104921
7.0023 0.00104306
7.00324 0.00103767
7.00324 0.00103296
7.00415 0.00102884
7.20594 0.0259002
7.20928 0.0227877
7.21116 0.0200642
7.21207 0.0176812
7.21239 0.0155961
7.21427 0.0137716
7.21457 0.0121751
7.21516 0.0107782
7.21516 0.00955594
7.21701 0.00848645
7.21818 0.00755064
7.21911 0.00673181
7.21943 0.00601533
7.22129 0.00538842
7.22217 0.00483986
7.22249 0.00435988
7.22312 0.00393989
7.22312 0.00357241
7.22406 0.00325086
7.22406 0.0029695
7.22436 0.00272331
7.22622 0.0025079
7.22804 0.00231941
7.22918 0.00215448
7.22919 0.00201017
7.23012 0.0018839
7.23013 0.00177341
7.23041 0.00167673
7.23105 0.00159214
7.23213 0.00151812
7.23242 0.00145336
7.23306 0.00139669
7.23526 0.0013471
7.23621 0.00130371
7.23653 0.00126575
7.23928 0.00123253
7.24023 0.00120346
7.24054 0.00117803
7.24118 0.00115578
7.24118 0.0011363
7.24212 0.00111927
7.24213 0.00110436
7.24244 0.00109131
7.24515 0.0010799
7.24607 0.00106991
7.24638 0.00106117
7.24701 0.00105352
7.24702 0.00104683
7.24825 0.00104098
7.44858 0.0259109
7.45011 0.022797
7.452 0.0200724
7.45322 0.0176883
7.45322 0.0156023
7.45513 0.013777
7.45636 0.0121799
7.45824 0.0107824
7.4592 0.00955959
7.45945 0.00848964
7.46028 0.00755343
7.46029 0.00673425
7.46156 0.00601747
7.46219 0.00539029
7.46251 0.0048415
7.46308 0.00436131
7.46309 0.00394115
7.46403 0.0035735
7.46403 0.00325182
7.46435 0.00297034
7.46529 0.00272405
7.46529 0.00250854
7.4653 0.00231997
7.46561 0.00215497
7.46623 0.0020106
7.46624 0.00188428
7.46624 0.00177374
7.46625 0.00167702
7.46717 0.0015924
7.46718 0.00151835
7.46718 0.00145355
7.46719 0.00139686
7.4675 0.00134725
7.4681 0.00130384
7.4681 0.00126586
7.469 0.00123263
7.46932 0.00120355
7.46932 0.00117811
7.47022 0.00115584
7.47117 0.00113636
7.47146 0.00111932
7.47206 0.0011044
7.47207 0.00109135
7.47302 0.00107993
7.47303 0.00106994
7.47303 0.0010612
7.47429 0.00105355
7.47429 0.00104685
7.4743 0.00104099
7.47461 0.00103587
7.47524 0.00103139
7.47525 0.00102746
7.47525 0.00102403
7.47526 0.00102103
7.47556 0.0010184
7.47619 0.0010161
7.47712 0.00101408
7.47713 0.00101232
7.47805 0.00101078
7.4793 0.00100943
7.47962 0.00100825
7.4812 0.00100722
7.48213 0.00100632
7.48244 0.00100553
7.48403 0.00100484
7.48558 0.00100423
7.6859 0.0258787
7.8881 0.0477689
7.88932 0.0419228
7.89118 0.0368074
7.89213 0.0323315
7.89244 0.028415
7.89307 0.0249882
7.89307 0.0219896
7.89401 0.0193659
7.89401 0.0170702
7.8943 0.0150614
7.89527 0.0133037
7.89617 0.0117658
7.89649 0.0104201
7.89804 0.00924255
7.89931 0.00821223
7.89932 0.0073107
7.90027 0.00652186
7.90027 0.00583163
7.90058 0.00522767
7.90214 0.00469921
8.10404 0.0292368
8.10529 0.0257072
8.10623 0.0226188
8.10655 0.0199165
8.10717 0.0175519
8.10718 0.0154829
8.10812 0.0136725
8.10813 0.0120885
8.10841 0.0107024
8.109 0.00948961
8.10932 0.00842841
8.10932 0.00749986
8.10932 0.00668738
8.11025 0.00597646
8.11025 0.0053544
8.11026 0.0048101
8.11026 0.00433384
8.11119 0.0039171
8.11119 0.00355247
8.1112 0.00323341
8.1112 0.00295423
8.11145 0.00270995
8.11203 0.00249621
8.11204 0.00230918
8.11204 0.00214553
8.11204 0.00200234
8.11205 0.00187705
8.11235 0.00176742
8.11357 0.00167149
8.11515 0.00158755
8.1161 0.00151411
8.11723 0.00144984
8.11906 0.00139361
8.12028 0.00134441
8.12029 0.00130136
8.12124 0.00126369
8.12124 0.00123073
8.12151 0.00120189
8.12209 0.00117665
8.1221 0.00115457
8.1221 0.00113525
8.12304 0.00111834
8.12305 0.00110355
8.12305 0.0010906
8.12335 0.00107928
8.124 0.00106937
8.12429 0.0010607
8.1243 0.00105311
8.1243 0.00104647
8.12431 0.00104066
8.12511 0.00103558
8.12511 0.00103113
8.12512 0.00102724
8.12512 0.00102383
8.12513 0.00102085
8.12605 0.00101825
8.12606 0.00101596
8.12606 0.00101397
8.12607 0.00101222
8.12607 0.00101069
8.12608 0.00100936
8.127 0.00100819
8.12701 0.00100716
8.12701 0.00100627
8.12731 0.00100548
8.12731 0.0010048
8.12732 0.0010042
8.12732 0.00100367
8.12847 0.00100321
8.13005 0.00100281
8.13037 0.00100246
8.13222 0.00100215
8.13304 0.00100188
8.13335 0.00100165
8.1343 0.00100144
8.13431 0.00100126
8.1352 0.0010011
8.1352 0.00100096
8.13521 0.00100084
8.13611 0.00100074
8.13724 0.00100064
8.13755 0.00100056
8.13913 0.00100049
8.13943 0.00100043
8.14 0.00100038
8.14031 0.00100033
8.14217 0.00100029
8.14303 0.00100025
8.14334 0.00100022
8.14431 0.00100019
8.14431 0.00100017
8.14463 0.00100015
8.14525 0.00100013
8.14526 0.00100011
8.14526 0.0010001
8.1462 0.00100008
8.14621 0.00100007
8.14621 0.00100006
8.14651 0.00100005
8.14715 0.00100005
8.14715 0.00100004
8.14716 0.00100004
8.14716 0.00100003
8.14746 0.00100003
8.14807 0.00100002
8.14807 0.00100002
8.14808 0.00100002
8.14808 0.00100001
8.14809 0.00100001
8.15028 0.00100001
8.1515 0.00100001
8.15213 0.00100001
8.15245 0.00100001
8.15308 0.001
8.15309 0.001
8.15524 0.001
8.15554 0.001
8.15618 0.001
8.1565 0.001
8.4351 0.026
8.43724 0.022875
8.43818 0.0201406
8.43849 0.017748
8.43912 0.0156545
8.43913 0.0138227
8.44004 0.0122199
8.44005 0.0108174
8.44005 0.00959022
8.44125 0.00851644
8.44126 0.00757689
8.44126 0.00675478
8.44157 0.00603543
8.44221 0.005406
8.44221 0.00485525
8.44222 0.00437334
8.44312 0.00395167
8.44313 0.00358271
8.44403 0.00325987
8.44404 0.00297739
8.44435 0.00273021
8.44621 0.00251394
8.44653 0.00232469
8.44705 0.00215911
8.44706 0.00201422
8.44823 0.00188744
8.44823 0.00177651
8.44854 0.00167945
8.44918 0.00159451
8.44919 0.0015202
8.44919 0.00145517
8.4503 0.00139828
8.45062 0.00134849
8.45126 0.00130493
8.45311 0.00126681
8.45406 0.00123346
8.45438 0.00120428
8.4553 0.00117874
8.4553 0.0011564
8.45657 0.00113685
8.45719 0.00111974
8.45843 0.00110477
8.45908 0.00109168
8.45939 0.00108022
8.46002 0.00107019
8.46155 0.00106142
8.46217 0.00105374
8.46248 0.00104702
8.46309 0.00104114
8.4631 0.001036
8.46525 0.0010315
8.46557 0.00102756
8.46801 0.00102412
8.46928 0.0010211
8.46929 0.00101846
8.47023 0.00101615
8.47112 0.00101413
8.47203 0.00101237
8.47235 0.00101082
8.47424 0.00100947
8.47516 0.00100829
8.47548 0.00100725
8.47704 0.00100634
8.4783 0.00100555
8.47862 0.00100486
8.48017 0.00100425
8.48208 0.00100372
8.68394 0.0258783
8.68521 0.0227685
8.68616 0.0200474
8.68645 0.0176665
8.68706 0.0155832
8.68707 0.0137603
8.68801 0.0121652
8.68801 0.0107696
8.68832 0.00954839
8.68926 0.00847984
8.68927 0.00754486
8.68927 0.00672675
8.68956 0.00601091
8.69018 0.00538454
8.69019 0.00483647
8.69019 0.00435691
8.6902 0.0039373
8.69114 0.00357013
8.69114 0.00324887
8.69115 0.00296776
8.69115 0.00272179
8.69143 0.00250657
8.69205 0.00231824
8.69205 0.00215346
8.69327 0.00200928
8.69328 0.00188312
8.69359 0.00177273
8.69422 0.00167614
8.69422 0.00159162
8.69423 0.00151767
8.6945 0.00145296
8.69508 0.00139634
8.69508 0.0013468
8.69509 0.00130344
8.69509 0.00126551
8.69601 0.00123232
8.69602 0.00120328
8.69602 0.00117787
8.69602 0.00115564
8.69629 0.00113618
8.69724 0.00111916
8.69725 0.00110427
8.69725 0.00109123
8.69726 0.00107983
8.69726 0.00106985
8.69755 0.00106112
8.6981 0.00105348
8.6981 0.00104679
8.69811 0.00104094
8.69811 0.00103582
8.69812 0.00103135
8.69812 0.00102743
8.69904 0.001024
8.69904 0.001021
8.69905 0.00101837
8.69905 0.00101608
8.69906 0.00101407
8.69906 0.00101231
8.69907 0.00101077
8.7 0.00100942
8.70001 0.00100824
8.70001 0.00100721
8.7003 0.00100631
8.70031 0.00100552
8.70125 0.00100483
8.70127 0.00100423
8.70127 0.0010037
8.70157 0.00100323
8.70222 0.00100283
8.70223 0.00100248
8.70223 0.00100217
8.70224 0.0010019
8.70317 0.00100166
8.70318 0.00100145
8.70319 0.00100127
8.70402 0.00100111
8.70403 0.00100097
8.70429 0.00100085
8.70619 0.00100074
8.70932 0.00100065
8.7096 0.00100057
8.71018 0.0010005
8.71019 0.00100043
8.71114 0.00100038
8.71114 0.00100033
8.71143 0.00100029
8.71207 0.00100025
8.71327 0.00100022
8.71358 0.00100019
8.7142 0.00100017
8.71421 0.00100015
8.71607 0.00100013
8.71731 0.00100011
8.71731 0.0010001
8.71825 0.00100008
8.71826 0.00100007
8.71856 0.00100006
8.72016 0.00100006
8.72105 0.00100005
8.72137 0.00100004
8.72322 0.00100004
8.72352 0.00100003
8.7241 0.00100003
8.72411 0.00100002
8.72507 0.00100002
8.72507 0.00100002
8.72537 0.00100001
8.72601 0.00100001
8.7272 0.00100001
8.72815 0.00100001
8.72847 0.00100001
8.73127 0.00100001
8.73159 0.001
8.73222 0.001
8.73222 0.001
8.73316 0.001
8.73409 0.001
8.93441 0.025875
8.93558 0.0227656
8.9362 0.0200449
8.93652 0.0176643
9.14305 0.0405813
9.14525 0.0356336
9.1462 0.0313044
9.14652 0.0275164
9.14716 0.0242018
9.14716 0.0213016
9.1481 0.0187639
9.14811 0.0165434
9.14843 0.0146005
9.15001 0.0129004
9.15128 0.0114129
9.3516 0.0349863
9.35347 0.030738
9.55379 0.0518957
9.55529 0.0455338
9.55625 0.039967
9.55656 0.0350962
9.5572 0.0308341
9.5572 0.0271049
9.55812 0.0238418
9.55812 0.0209865
9.55813 0.0184882
9.55908 0.0163022
9.56001 0.0143894
9.56156 0.0127157
9.5622 0.0112513
9.56252 0.00996986
9.56312 0.00884863
9.56312 0.00786755
9.56529 0.00700911
9.56559 0.00625797
9.56614 0.00560072
9.56614 0.00502563
9.56708 0.00452243
9.56708 0.00408212
9.56739 0.00369686
9.56821 0.00335975
9.56822 0.00306478
9.56822 0.00280668
9.5685 0.00258085
9.57004 0.00238324
9.57037 0.00221033
9.57224 0.00205904
9.57313 0.00192666
9.57345 0.00181083
9.57405 0.00170948
9.57405 0.00162079
9.5753 0.00154319
9.5753 0.00147529
9.57531 0.00141588
9.57624 0.00136389
9.57624 0.00131841
9.57624 0.00127861
9.57655 0.00124378
9.57719 0.00121331
9.5772 0.00118664
9.5772 0.00116331
9.57721 0.0011429
9.57812 0.00112503
9.57838 0.0011094
9.579 0.00109573
9.5802 0.00108376
9.5823 0.00107329
9.58262 0.00106413
9.58319 0.00105611
9.58319 0.0010491
9.58416 0.00104296
9.58503 0.00103759
9.5863 0.00103289
9.58658 0.00102878
9.58719 0.00102518
9.58719 0.00102203
9.5884 0.00101928
9.58919 0.00101687
9.58951 0.00101476
9.59139 0.00101291
9.59201 0.0010113
9.59232 0.00100989
9.59326 0.00100865
9.59327 0.00100757
9.59419 0.00100662
9.59419 0.00100579
9.59451 0.00100507
9.59515 0.00100443
9.59515 0.00100388
9.59516 0.0010034
9.59545 0.00100297
9.59702 0.0010026
9.59734 0.00100227
9.59828 0.00100199
9.59829 0.00100174
9.5986 0.00100152
9.59923 0.00100133
9.59923 0.00100116
9.59924 0.00100102
9.60018 0.00100089
9.60019 0.00100078
9.60019 0.00100068
9.6005 0.00100059
9.60302 0.00100052
9.60423 0.00100045
9.60424 0.0010004
9.60508 0.00100035
9.60509 0.0010003
9.6054 0.00100026
9.60729 0.00100023
9.6076 0.0010002
9.60819 0.00100018
9.6082 0.00100015
9.60916 0.00100013
9.60916 0.00100012
9.60947 0.0010001
9.6101 0.00100009
9.61011 0.00100008
9.61011 0.00100007
9.6123 0.00100006
9.61231 0.00100005
9.61411 0.00100004
9.61505 0.00100004
9.61537 0.00100003
9.61724 0.00100003
9.61756 0.00100002
9.61818 0.00100002
9.61818 0.00100002
9.61913 0.00100001
9.61913 0.00100001
9.61944 0.00100001
9.62008 0.00100001
9.62132 0.00100001
9.62224 0.00100001
9.62256 0.001
9.62318 0.001
9.62319 0.001
9.62411 0.001
9.62411 0.001
9.62443 0.001
9.82744 0.025875
9.82902 0.0227656
9.83026 0.0200449
9.83027 0.0176643
9.8312 0.0155813
9.83121 0.0137586
9.83151 0.0121638
9.83214 0.0107683
9.83309 0.00954727
9.83338 0.00847886
9.83401 0.007544
9.83401 0.006726
9.83522 0.00601025
9.83522 0.00538397
9.83552 0.00483597
9.83615 0.00435648
9.83616 0.00393692
9.83616 0.0035698
9.83645 0.00324858
9.83708 0.0029675
9.83708 0.00272157
9.83709 0.00250637
9.83801 0.00231807
9.83832 0.00215331
9.83928 0.00200915
9.83928 0.001883
9.83955 0.00177263
9.84014 0.00167605
9.84014 0.00159154
9.84015 0.0015176
9.8411 0.0014529
9.8411 0.00139629
9.84111 0.00134675
9.84141 0.00130341
9.84205 0.00126548
9.84206 0.0012323
9.84206 0.00120326
9.84207 0.00117785
9.84236 0.00115562
9.84421 0.00113616
9.84422 0.00111914
9.84453 0.00110425
9.84609 0.00109122
9.8464 0.00107982
9.84702 0.00106984
9.84702 0.00106111
9.84827 0.00105347
9.84827 0.00104679
9.84856 0.00104094
9.8492 0.00103582
9.8492 0.00103134
9.84921 0.00102742
9.84949 0.00102399
9.85011 0.001021
9.85012 0.00101837
9.85012 0.00101607
9.85101 0.00101406
9.85129 0.00101231
9.85305 0.00101077
9.85336 0.00100942
9.85432 0.00100824
9.85527 0.00100721
9.85621 0.00100631
9.85652 0.00100552
9.85715 0.00100483
9.85716 0.00100423
9.85808 0.0010037
9.85808 0.00100323
9.8584 0.00100283
10.0632 0.0260025
10.0653 0.0228772
10.0661 0.0201425
10.0665 0.0177497
10.0671 0.015656
10.0671 0.013824
10.0683 0.012221
10.0692 0.0108184
10.0695 0.00959107
10.0711 0.00851719
10.2729 0.0324525
10.2742 0.028521
10.2751 0.0250808
10.2755 0.0220707
10.2761 0.0194369
10.2761 0.0171323
10.2773 0.0151158
10.2773 0.0133513
10.2776 0.0118074
10.2782 0.0104564
10.2801 0.00927439
10.2816 0.00824009
10.482 0.0322101
10.4853 0.0283088
10.4862 0.0248952
10.4865 0.0219083
10.4881 0.0192948
10.4896 0.0170079
10.6899 0.0398819
10.6911 0.0350217
10.6921 0.030769
10.6924 0.0270479
10.6942 0.0237919
10.6945 0.0209429
10.6976 0.01845
10.6982 0.0162688
10.6985 0.0143602
10.6991 0.0126902
10.6991 0.0112289
10.7001 0.00995027
10.7001 0.00883149
10.7004 0.00785255
10.9023 0.031996
10.9041 0.0281215
10.905 0.0247313
10.9053 0.0217649
10.9063 0.0191693
10.9063 0.0168981
10.9072 0.0149108
10.9085 0.013172
10.91 0.0116505
11.0001 0.0214442
11.9113 0.0188887
11.9122 0.0166526
11.9125 0.014696
11.914 0.012984
11.9153 0.011486
11.9153 0.0101753
11.9162 0.00902834
11.9162 0.0080248
11.9165 0.0071467
11.9171 0.00637836
11.9171 0.00570607
11.9171 0.00511781
11.918 0.00460308
11.918 0.00415269
11.918 0.00375861
11.9183 0.00341378
11.9202 0.00311206
11.9202 0.00284805
11.9214 0.00261704
11.9223 0.00241491
11.9226 0.00223805
11.9232 0.00208329
11.9232 0.00194788
11.925 0.00182939
11.9266 0.00172572
12.1269 0.02651
12.1281 0.0233213
12.1303 0.0205311
12.1312 0.0180897
12.1315 0.0159535
12.1322 0.0140843
12.1322 0.0124488
12.1331 0.0110177
12.1331 0.00976546
12.1331 0.00866978
12.1341 0.00771106
12.1353 0.00687217
12.1353 0.00613815
12.1362 0.00549588
12.1363 0.0049339
12.1366 0.00444216
12.1372 0.00401189
12.1381 0.0036354
12.1384 0.00330598
12.1391 0.00301773
12.1391 0.00276551
12.1403 0.00254482
12.1403 0.00235172
12.1406 0.00218275
12.1412 0.00203491
12.1412 0.00190555
12.1412 0.00179235
12.1416 0.00169331
12.1422 0.00160664
12.1422 0.00153081
12.1422 0.00146446
12.1422 0.0014064
12.1431 0.0013556
12.1431 0.00131115
12.1431 0.00127226
12.1431 0.00123822
12.1434 0.00120845
12.1441 0.00118239
12.1441 0.00115959
12.1441 0.00113964
12.1441 0.00112219
12.1441 0.00110691
12.145 0.00109355
12.145 0.00108185
12.1453 0.00107162
12.1453 0.00106267
12.1453 0.00105484
12.1453 0.00104798
12.1462 0.00104198
12.1463 0.00103673
12.1463 0.00103214
12.1463 0.00102812
12.1463 0.00102461
12.1463 0.00102153
12.1465 0.00101884
12.1472 0.00101648
12.1472 0.00101442
12.1472 0.00101262
12.1472 0.00101104
12.1472 0.00100966
12.1472 0.00100845
12.1472 0.0010074
12.1475 0.00100647
12.15 0.00100566
12.1522 0.00100496
12.1535 0.00100433
12.3538 0.0258788
12.3572 0.0227689
12.3581 0.0200478
12.3584 0.0176668
12.3591 0.0155835
12.3591 0.0137606
12.3603 0.0121655
12.3603 0.0107698
12.3603 0.00954857
12.3612 0.00848
12.3612 0.007545
12.3612 0.00672688
12.3615 0.00601101
12.3622 0.00538464
12.3622 0.00483656
12.3622 0.00435699
12.3622 0.00393736
12.3625 0.00357019
12.363 0.00324892
12.363 0.0029678
12.363 0.00272183
12.363 0.0025066
12.363 0.00231827
12.3643 0.00215349
12.3643 0.0020093
12.3646 0.00188314
12.3652 0.00177275
12.3682 0.00167615
12.3701 0.00159163
12.3713 0.00151768
12.3716 0.00145297
12.374 0.00139635
12.3752 0.0013468
12.3752 0.00130345
12.3762 0.00126552
12.3762 0.00123233
12.3765 0.00120329
12.3771 0.00117788
12.3771 0.00115564
12.3771 0.00113619
12.378 0.00111916
12.378 0.00110427
12.378 0.00109123
12.3783 0.00107983
12.3802 0.00106985
12.3802 0.00106112
12.3814 0.00105348
12.382 0.00104679
12.3824 0.00104094
12.3842 0.00103582
12.3845 0.00103135
12.3851 0.00102743
12.3851 0.001024
12.386 0.001021
12.386 0.00101837
12.3863 0.00101608
12.3872 0.00101407
12.3873 0.00101231
12.3873 0.00101077
12.3875 0.00100942
12.3881 0.00100824
12.3881 0.00100721
12.3881 0.00100631
12.3881 0.00100552
12.389 0.00100483
12.3891 0.00100423
12.3891 0.0010037
12.3891 0.00100323
12.3893 0.00100283
12.3906 0.00100248
12.3912 0.00100217
12.3912 0.0010019
12.3915 0.00100166
12.3931 0.00100145
12.3943 0.00100127
12.5946 0.0258761
12.5961 0.0227666
12.5982 0.0200458
12.5995 0.017665
12.6 0.0155819
12.6003 0.0137592
12.6024 0.0121643
12.6031 0.0107687
12.6034 0.00954765
12.604 0.00847919
12.6043 0.00754429
12.6053 0.00672626
12.6053 0.00601047
12.6056 0.00538416
12.6062 0.00483614
12.6062 0.00435663
12.6062 0.00393705
12.6065 0.00356991
12.6071 0.00324867
12.6081 0.00296759
12.6093 0.00272164
12.6093 0.00250643
12.6096 0.00231813
12.6101 0.00215336
12.6102 0.00200919
12.6102 0.00188304
12.612 0.00177266
12.6123 0.00167608
12.6141 0.00159157
12.6145 0.00151762
12.6163 0.00145292
12.6166 0.0013963
12.6172 0.00134677
12.6175 0.00130342
12.6191 0.00126549
12.6194 0.0012323
12.6203 0.00120327
12.6203 0.00117786
12.6212 0.00115562
12.6212 0.00113617
12.6215 0.00111915
12.622 0.00110425
12.622 0.00109122
12.622 0.00107982
12.6223 0.00106984
12.6242 0.00106111
12.6242 0.00105347
12.6261 0.00104679
12.6264 0.00104094
12.6273 0.00103582
12.6273 0.00103134
12.6283 0.00102742
12.6283 0.001024
12.6285 0.001021
12.6291 0.00101837
