1 9305
1.00359 9527
1.02606 9744
1.04853 9956
1.07052 10164
1.10375 4320
1.15538 4800
1.18502 5232
1.21346 5628
1.24191 5996
1.2706 6341
1.2847 6668
1.31338 6978
1.33753 7275
1.3631 7560
1.38557 7834
1.40756 8098
1.43099 8354
1.45394 8602
1.47593 8843
1.4984 9077
1.51896 9305
1.53975 9527
1.56103 9744
1.58206 9956
1.60334 10164
1.63441 4320
1.69513 4800
1.71425 5232
1.7427 5628
1.77114 5996
1.79959 6341
1.80963 6668
1.82875 6978
1.83831 7275
1.85744 7560
1.87823 7834
1.89998 8098
1.92078 8354
1.94229 8602
1.96309 8843
1.98413 9077
2.00492 9305
2.02548 9527
2.04628 9744
2.06707 9956
2.08787 10164
2.11871 4320
2.18014 4800
2.1995 5232
2.22866 5628
2.25735 5996
2.28603 6341
2.29655 6668
2.31472 6978
2.32571 7275
2.3434 7560
2.3544 7834
2.37854 8098
2.39934 8354
2.42157 8602
2.44284 8843
2.46412 9077
2.48587 9305
2.50667 9527
2.52794 9744
2.54921 9956
2.57049 10164
2.60252 4320
2.6673 4800
2.68857 5232
2.71702 5628
2.74547 5996
2.77391 6341
2.77893 6668
2.8026 6978
2.83056 7275
2.85471 7560
2.87813 7834
2.90251 8098
2.92498 8354
2.94698 8602
2.96945 8843
2.99215 9077
3.01367 9305
3.03662 9527
3.05908 9744
3.08179 9956
3.10235 10164
3.13725 4320
3.20346 4800
3.22044 5232
3.24888 5628
3.27733 5996
3.30577 6341
3.31342 6668
3.33446 6978
3.36243 7275
3.38991 7560
3.4143 7834
3.43677 8098
3.45924 8354
3.48171 8602
3.50441 8843
3.52641 9077
3.54816 9305
3.57063 9527
3.59262 9744
3.61461 9956
3.63708 10164
3.67007 4320
3.73748 4800
3.76066 5232
3.78911 5628
3.81756 5996
3.846 6341
3.85485 6668
3.87469 6978
3.90218 7275
3.92632 7560
3.9507 7834
3.97317 8098
3.99564 8354
4.01811 8602
4.04058 8843
4.06305 9077
4.08552 9305
4.10727 9527
4.12974 9744
4.15149 9956
4.17301 10164
4.20576 4320
4.27532 4800
4.29826 5232
4.32671 5628
4.35515 5996
4.3836 6341
4.40057 6668
4.42782 6978
4.45507 7275
4.47969 7560
4.50216 7834
4.52463 8098
4.5471 8354
4.56957 8602
4.59109 8843
4.61356 9077
4.63555 9305
4.65682 9527
4.67881 9744
4.7008 9956
4.72375 10164
4.75865 4320
4.82726 4800
4.84781 5232
4.8765 5628
4.90542 5996
4.93387 6341
4.94917 6668
4.96255 6978
4.97809 7275
4.99124 7560
5.00677 7834
5.02924 8098
5.05171 8354
5.07418 8602
5.09665 8843
5.11912 9077
5.14207 9305
5.16335 9527
5.18462 9744
5.20733 9956
5.22908 10164
5.26374 4320
5.3333 4800
5.35649 5232
5.38517 5628
5.41362 5996
5.44206 6341
5.45784 6668
5.48629 6978
5.50947 7275
5.53481 7560
5.55752 7834
5.57999 8098
5.60246 8354
5.62493 8602
5.64716 8843
5.67011 9077
5.6909 9305
5.71337 9527
5.73584 9744
5.7564 9956
5.77863 10164
5.81425 4320
5.88381 4800
5.9058 5232
5.93425 5628
5.96269 5996
5.99114 6341
6.00667 6668
6.01982 6978
6.0356 7275
6.04851 7560
6.06428 7834
6.08771 8098
6.11018 8354
6.13265 8602
6.15512 8843
6.17759 9077
6.19791 9305
6.22061 9527
6.24285 9744
6.26388 9956
6.28539 10164
6.31958 4320
6.38842 4800
6.41089 5232
6.43934 5628
6.46826 5996
6.49742 6341
6.51057 6668
6.52611 6978
6.55431 7275
6.57917 7560
6.60356 7834
6.62626 8098
6.64873 8354
6.6712 8602
6.69367 8843
6.71614 9077
6.73861 9305
6.7618 9527
6.78188 9744
6.80435 9956
6.82634 10164
6.86076 4320
6.92984 4800
6.95231 5232
6.98076 5628
7.00944 5996
7.03837 6341
7.05247 6668
7.06705 6978
7.09382 7275
7.11797 7560
7.13996 7834
7.16315 8098
7.18585 8354
7.20832 8602
7.23079 8843
7.25326 9077
7.27573 9305
7.29749 9527
7.31996 9744
7.34171 9956
7.36179 10164
7.3974 4320
7.46601 4800
7.48848 5232
7.51692 5628
7.54537 5996
7.57381 6341
7.58792 6668
7.6025 6978
7.63023 7275
7.65318 7560
7.67636 7834
7.69883 8098
7.7213 8354
7.74377 8602
7.76624 8843
7.78871 9077
7.81046 9305
7.83293 9527
7.85564 9744
7.87405 9956
7.8958 10164
7.92998 4320
8.00002 4800
8.02249 5232
8.05094 5628
8.07938 5996
8.10783 6341
8.12217 6668
8.13651 6978
8.1652 7275
8.19245 7560
8.21492 7834
8.23739 8098
8.25986 8354
8.28233 8602
8.3048 8843
8.32703 9077
8.34806 9305
8.36981 9527
8.39228 9744
8.41451 9956
8.43268 10164
8.47069 4320
8.53834 4800
8.55842 5232
8.5871 5628
8.61579 5996
8.64423 6341
8.65738 6668
8.67292 6978
8.69969 7275
8.72527 7560
8.75013 7834
8.7726 8098
8.79506 8354
8.81753 8602
8.84 8843
8.86128 9077
8.88375 9305
8.90646 9527
8.92654 9744
8.94805 9956
8.96956 10164
9.00542 4320
9.07235 4800
9.09506 5232
9.1235 5628
9.15195 5996
9.1804 6341
9.19546 6668
9.22151 6978
9.24852 7275
9.27314 7560
9.29561 7834
9.31808 8098
9.34079 8354
9.36326 8602
9.38573 8843
9.40868 9077
9.43019 9305
9.45147 9527
9.47298 9744
9.49593 9956
9.51959 10164
9.55282 4320
9.61162 4800
9.64007 5232
9.66875 5628
9.69744 5996
9.72588 6341
9.74262 6668
9.75457 6978
9.77154 7275
9.79616 7560
9.81983 7834
9.84253 8098
9.865 8354
9.88747 8602
9.90994 8843
9.93122 9077
9.95393 9305
9.97616 9527
9.996 9744
10.018 9956
10.0412 10164
10.0754 4320
10.1435 4800
10.1652 5232
10.1939 5628
10.2224 5996
10.2508 6341
10.2637 6668
10.28 6978
10.3063 7275
10.3309 7560
10.3534 7834
10.3758 8098
10.3981 8354
10.4208 8602
10.4432 8843
10.4659 9077
10.4875 9305
10.5083 9527
10.5305 9744
10.5525 9956
10.5747 10164
10.6096 4320
10.6777 4800
10.7002 5232
10.7287 5628
10.7571 5996
10.7855 6341
10.8018 6668
10.8142 6978
10.8305 7275
10.8568 7560
10.8804 7834
10.9031 8098
10.9259 8354
10.9483 8602
10.9703 8843
10.9911 9077
11.0241 9305
11.0459 9527
11.0683 9744
11.0888 9956
11.111 10164
11.1467 4320
11.2007 4800
11.2291 5232
11.2576 5628
11.2875 5996
11.3159 6341
11.3322 6668
11.3446 6978
11.3611 7275
11.3847 7560
11.4075 7834
11.4302 8098
11.4526 8354
11.4749 8602
11.4969 8843
11.5186 9077
11.5408 9305
11.5621 9527
11.5827 9744
11.6047 9956
11.6257 10164
11.6611 4320
11.7273 4800
11.7493 5232
11.7777 5628
11.8062 5996
11.8346 6341
11.843 6668
11.8633 6978
11.8848 7275
11.9087 7560
11.9321 7834
11.9541 8098
11.9761 8354
11.9981 8602
12.0201 8843
12.0421 9077
12.0631 9305
12.0851 9527
12.1069 9744
12.127 9956
12.147 10164
12.1819 4320
12.2489 4800
12.2709 5232
12.2993 5628
12.3278 5996
12.3564 6341
12.3703 6668
12.3851 6978
12.4119 7275
12.4344 7560
12.4573 7834
12.48 8098
12.5022 8354
12.5242 8602
12.5462 8843
12.5682 9077
12.5897 9305
12.6117 9527
12.6328 9744
12.6538 9956
12.6748 10164
12.7083 4320
12.7752 4800
12.7977 5232
12.8269 5628
12.8555 5996
12.884 6341
12.9012 6668
12.9273 6978
12.955 7275
12.9789 7560
13.0009 7834
13.0229 8098
13.0449 8354
13.0669 8602
13.0889 8843
13.1108 9077
13.1328 9305
13.1548 9527
13.1759 9744
13.1979 9956
13.2165 10164
13.2533 4320
13.3193 4800
13.3389 5232
13.369 5628
13.3977 5996
13.4261 6341
13.4424 6668
13.4689 6978
13.4931 7275
13.5151 7560
13.537 7834
13.559 8098
13.581 8354
13.603 8602
13.625 8843
13.647 9077
13.669 9305
13.69 9527
13.7106 9744
13.7328 9956
13.7548 10164
13.7895 4320
13.8559 4800
13.8715 5232
13.9004 5628
13.9288 5996
13.9573 6341
13.9668 6668
13.9876 6978
14.0113 7275
14.0362 7560
14.0582 7834
14.0801 8098
14.1021 8354
14.1241 8602
14.1461 8843
14.1684 9077
14.1899 9305
14.2116 9527
14.2317 9744
14.2537 9956
14.274 10164
14.3096 4320
14.3761 4800
14.3976 5232
14.4265 5628
14.455 5996
14.4834 6341
14.4975 6668
14.5121 6978
14.5264 7275
14.5408 7560
14.5551 7834
14.5773 8098
14.5993 8354
14.6213 8602
14.6433 8843
14.6653 9077
14.6871 9305
14.7098 9527
14.7296 9744
14.7516 9956
14.7736 10164
14.8061 4320
14.8742 4800
14.8962 5232
14.9256 5628
14.9545 5996
14.983 6341
14.9969 6668
15.0117 6978
15.027 7275
15.0404 7560
15.0557 7834
15.0793 8098
15.1013 8354
15.1233 8602
15.1453 8843
15.1673 9077
15.1888 9305
15.2103 9527
15.2321 9744
15.2538 9956
15.2744 10164
15.3067 4320
15.3741 4800
15.3965 5232
15.4252 5628
15.4537 5996
15.4821 6341
15.491 6668
15.5108 6978
15.5383 7275
15.5658 7560
15.5892 7834
15.6121 8098
15.6341 8354
15.6561 8602
15.6781 8843
15.6999 9077
15.7207 9305
15.7422 9527
15.7642 9744
15.7857 9956
15.8053 10164
15.8404 4320
15.9081 4800
15.9301 5232
15.9585 5628
15.987 5996
16.0154 6341
16.0288 6668
16.0441 6978
16.0713 7275
16.0952 7560
16.1177 7834
16.1399 8098
16.1619 8354
16.1839 8602
16.2057 8843
16.2277 9077
16.2489 9305
16.2702 9527
16.2922 9744
16.3123 9956
16.3338 10164
16.3668 4320
16.4347 4800
16.4557 5232
16.4842 5628
16.5145 5996
16.543 6341
16.5573 6668
16.5716 6978
16.5984 7275
16.6218 7560
16.6458 7834
16.6677 8098
16.6897 8354
16.7117 8602
16.7337 8843
16.7557 9077
16.7767 9305
16.799 9527
16.8217 9744
16.8406 9956
16.8609 10164
16.8941 4320
16.963 4800
16.9845 5232
17.0129 5628
17.0414 5996
17.0698 6341
17.0844 6668
17.1109 6978
17.1386 7275
17.163 7560
17.185 7834
17.207 8098
17.229 8354
17.251 8602
17.2727 8843
17.294 9077
17.3146 9305
17.3366 9527
17.3583 9744
17.3794 9956
17.3987 10164
17.4355 4320
17.5025 4800
17.523 5232
17.5515 5628
17.5806 5996
17.6091 6341
17.6239 6668
17.6378 6978
17.6526 7275
17.6664 7560
17.6813 7834
17.704 8098
17.726 8354
17.748 8602
17.77 8843
17.7915 9077
17.8139 9305
17.835 9527
17.857 9744
17.8801 9956
17.8997 10164
17.9308 4320
18.0016 4800
18.0236 5232
18.052 5628
18.0805 5996
18.1089 6341
18.1223 6668
18.1505 6978
18.1744 7275
18.1974 7560
18.2193 7834
18.2413 8098
18.2636 8354
18.2856 8602
18.3075 8843
18.3293 9077
18.3506 9305
18.3723 9527
18.3931 9744
18.4149 9956
18.4362 10164
18.4679 4320
18.537 4800
18.5595 5232
18.5879 5628
18.6164 5996
18.6448 6341
18.6611 6668
18.6895 6978
18.7115 7275
18.7335 7560
18.756 7834
18.778 8098
18.8 8354
18.822 8602
18.844 8843
18.8657 9077
18.8877 9305
18.9087 9527
18.93 9744
18.9498 9956
18.973 10164
19.0063 4320
19.0753 4800
19.0961 5232
19.1246 5628
19.153 5996
19.1815 6341
19.1949 6668
19.2102 6978
19.2374 7275
19.262 7560
19.2843 7834
19.3063 8098
19.3282 8354
19.3502 8602
19.3722 8843
19.3942 9077
19.4155 9305
19.437 9527
19.4573 9744
19.4793 9956
19.4999 10164
19.5353 4320
19.6022 4800
19.6239 5232
19.6536 5628
19.6825 5996
19.7109 6341
19.7258 6668
19.7396 6978
19.7554 7275
19.7683 7560
19.7841 7834
19.8073 8098
19.8293 8354
19.8513 8602
19.8733 8843
19.8952 9077
19.917 9305
19.9388 9527
19.9607 9744
19.9825 9956
20.0016 10164
20.0344 4320
20.1039 4800
20.1264 5232
20.1548 5628
20.1833 5996
20.2117 6341
20.2196 6668
20.2404 6978
20.2679 7275
20.2932 7560
20.3179 7834
20.3399 8098
20.3619 8354
20.3838 8602
20.4058 8843
20.4273 9077
20.4496 9305
20.4716 9527
20.4919 9744
20.5139 9956
20.534 10164
20.5686 4320
20.6363 4800
20.6583 5232
20.6872 5628
20.7156 5996
20.7441 6341
20.7553 6668
20.7728 6978
20.7967 7275
20.823 7560
20.8471 7834
20.8696 8098
20.8916 8354
20.9136 8602
20.9355 8843
20.9575 9077
20.9793 9305
21.0015 9527
21.0228 9744
21.0434 9956
21.0644 10164
21.0974 4320
21.1657 4800
21.187 5232
21.2157 5628
21.2451 5996
21.2735 6341
21.2881 6668
21.3022 6978
21.3297 7275
21.3534 7560
21.3763 7834
21.3983 8098
21.4203 8354
21.4423 8602
21.4643 8843
21.4863 9077
21.5085 9305
21.5293 9527
21.5499 9744
21.5719 9956
21.5939 10164
21.6273 4320
21.6964 4800
21.7177 5232
21.7466 5628
21.775 5996
21.8035 6341
21.82 6668
21.8322 6978
21.8487 7275
21.8747 7560
21.8979 7834
21.9201 8098
21.9421 8354
21.9641 8602
21.9861 8843
