1 0
3.07878 14400
3.07913 15840
3.07913 17280
3.07914 18720
3.07914 20160
3.07915 21600
3.07951 23040
3.07951 24480
3.07952 25920
3.07953 12240
3.08206 12409
3.08207 12576
3.08207 12740
3.08208 12902
3.08244 13062
3.08244 13220
3.08245 13376
3.08245 13531
3.08281 13684
3.08282 13835
3.08282 13984
3.08283 14132
3.08318 14278
3.08319 14423
3.08319 14566
3.0832 14708
3.08356 14848
3.08356 14987
3.08357 15125
3.08357 15262
3.08357 15397
3.08394 15531
3.08395 6480
3.08429 6800
3.08462 7104
3.08463 7395
3.08497 7675
3.08497 7945
3.08535 8205
3.08535 8457
3.08573 8702
3.08573 8940
3.08611 9171
3.08611 9397
3.08648 3600
3.08682 4176
3.08717 4672
3.08755 5115
3.08793 5520
3.08829 5895
3.08865 6246
3.08866 6577
3.08903 6892
3.08904 7192
3.08942 7480
3.08942 7757
3.08977 8024
3.08978 8282
3.0901 8532
3.0901 8775
3.09042 9011
3.09043 9241
3.09043 9465
3.09079 9684
3.09079 9898
3.0908 10107
3.09117 10312
3.09117 10513
3.09118 10710
3.09154 10903
3.09155 11093
3.09155 11279
3.09192 11462
3.09193 11642
3.09193 11820
3.09231 11995
3.09231 5040
3.09306 5451
3.09341 5831
3.09377 6186
3.09377 6521
3.09415 6838
3.09452 2880
3.09489 3600
3.09525 4176
3.09561 4672
3.09599 5115
3.09674 2880
3.09709 3600
3.09743 4176
3.0978 4672
3.09818 5115
3.09855 5520
3.09891 5895
3.09925 6246
3.09926 6577
3.09962 6892
3.09962 7192
3.1 7480
3.10001 7757
3.10037 8024
3.10038 8282
3.10074 8532
3.10074 8775
3.10108 9011
3.10109 9241
3.10109 9465
3.10147 9684
3.10147 3600
3.10185 4176
3.10223 4672
3.1026 5115
3.10296 5520
3.10335 5895
3.10372 2880
3.10409 3600
3.10446 4176
3.10485 4672
3.1052 5115
3.10557 5520
3.10589 5895
3.10622 6246
3.10622 6577
3.1066 6892
3.1066 7192
3.10698 7480
3.10698 7757
3.10735 8024
3.10735 8282
3.10769 8532
3.1077 8775
3.10805 9011
3.10805 9241
3.10806 9465
3.10843 9684
3.10881 3600
3.10951 4176
3.10985 4672
3.1102 5115
3.11058 5520
3.11096 5895
3.11132 6246
3.11132 6577
3.11165 6892
3.11165 7192
3.11198 7480
3.11199 7757
3.11235 8024
3.11236 8282
3.11273 8532
3.11274 8775
3.1131 9011
3.11311 9241
3.11311 9465
3.11346 9684
3.11347 9898
3.11347 10107
3.11383 10312
3.11384 10513
3.11385 10710
3.11421 10903
3.11422 11093
3.11422 11279
3.11459 11462
3.1146 11642
3.1146 11820
3.11496 11995
3.11496 12167
3.11497 12337
3.11497 12505
3.11532 12670
3.11533 12833
3.11533 12994
3.11534 13153
3.11569 13310
3.11571 13465
3.11571 13618
3.11572 13770
3.11607 13920
3.11609 14068
3.11609 14215
3.1161 14360
3.11645 14504
3.11647 14646
3.11648 6480
3.11684 6800
3.11719 7104
3.11719 7395
3.11757 7675
3.11757 7945
3.11795 2880
3.11833 3600
3.11867 4176
3.11905 4672
3.11943 5115
3.11978 5520
3.1201 5895
3.12047 6246
3.12047 6577
3.12085 6892
3.12121 2880
3.12158 3600
3.12197 4176
3.12235 4672
3.12272 5115
3.12307 5520
3.12341 5895
3.12375 6246
3.12375 6577
3.12413 6892
3.12413 7192
3.12451 7480
3.12452 7757
3.12489 8024
3.1249 8282
3.12526 8532
3.12527 8775
3.12564 9011
3.126 3600
3.12676 4176
3.12713 4672
3.32752 5115
3.32865 2880
3.3294 3600
3.32978 4176
3.33014 4672
3.3305 5115
3.33088 5520
3.33126 5895
3.33163 6246
3.33164 6577
3.33201 6892
3.33201 7192
3.33238 7480
3.33238 7757
3.33276 8024
3.33276 8282
3.33314 8532
3.33314 8775
3.33352 9011
3.33389 3600
3.33462 4176
3.335 4672
3.53538 5115
3.5365 2880
3.5372 3600
3.53758 4176
3.73796 4672
3.7387 2880
3.73909 3600
3.73941 4176
3.73972 4672
3.74006 5115
3.74043 5520
3.74081 5895
3.74118 2880
3.74154 3600
3.74192 4176
3.7423 4672
3.74266 5115
3.74303 5520
3.74341 5895
3.74379 6246
3.74417 6577
3.74451 2880
3.74485 3600
3.74523 4176
3.74561 4672
3.74599 5115
3.74673 2880
3.7471 3600
3.74749 4176
3.74787 4672
3.74824 5115
3.74862 5520
3.74898 5895
3.74937 6246
3.75049 2880
3.75158 3600
3.75196 4176
3.95234 4672
3.95309 2880
3.95346 3600
3.95384 4176
3.95421 4672
3.95459 5115
3.95532 2880
3.95567 3600
3.95605 4176
3.95643 4672
3.9568 5115
3.95716 5520
3.95753 5895
3.95792 6246
3.95896 2880
3.96006 3600
3.96043 4176
3.9608 4672
3.96117 5115
3.96154 5520
3.96192 5895
3.96227 6246
3.96228 6577
3.96264 6892
3.96264 7192
3.963 7480
3.96301 7757
3.96337 8024
3.96338 8282
3.96375 8532
3.96376 8775
3.96413 9011
3.96414 9241
3.9645 9465
3.9645 3600
3.96485 4176
3.96518 4672
3.96555 5115
3.96592 5520
3.9663 5895
3.96667 6246
3.96668 6577
3.96705 6892
3.96705 7192
3.96743 7480
3.96743 7757
3.96781 8024
3.96817 2880
3.96851 3600
3.96884 4176
3.96922 4672
3.9696 5115
3.97036 2880
3.97074 3600
3.97109 4176
3.97143 4672
3.97177 5115
3.97214 5520
3.97253 5895
3.97327 2880
3.97402 3600
3.97439 4176
3.97478 4672
3.97514 5115
3.97551 5520
3.97589 5895
3.97627 6246
3.977 2880
3.97767 3600
3.97804 4176
3.97842 4672
3.9788 5115
3.97916 5520
3.97953 5895
3.9799 6246
3.97991 6577
3.98029 6892
3.98066 2880
3.98101 3600
3.98133 4176
3.98168 4672
3.98206 5115
3.98243 5520
3.98281 5895
3.98319 6246
3.98319 6577
3.98357 6892
3.98357 7192
3.98394 7480
3.98395 7757
3.9843 8024
3.9843 8282
3.98467 8532
3.98468 8775
3.98505 9011
3.98506 9241
3.98543 9465
3.98544 3600
3.98582 4176
3.9862 4672
3.98657 5115
3.98692 5520
3.98728 5895
3.98766 6246
3.98804 6577
3.98841 2880
3.98874 3600
3.98905 4176
3.98938 4672
3.98974 5115
3.99012 5520
3.99048 5895
3.99085 6246
3.99086 6577
3.99123 6892
3.99123 7192
3.9916 7480
3.99161 7757
3.99198 8024
3.99199 8282
3.99236 8532
3.99236 8775
3.99268 9011
3.99269 9241
3.99269 9465
3.99299 9684
3.99299 9898
3.993 10107
3.99332 10312
3.99333 10513
3.99333 10710
3.99369 10903
3.9937 11093
3.9937 11279
3.99408 11462
3.99408 4320
3.99445 4800
3.99482 5232
3.99519 5628
3.99557 5996
3.99595 6341
3.9963 6668
3.99667 2880
3.99703 3600
3.99741 4176
3.99779 4672
3.99817 5115
3.99854 5520
3.99887 5895
3.99919 6246
3.99919 6577
3.99955 6892
3.99956 7192
3.99994 7480
3.99994 7757
4.00031 8024
4.00031 8282
4.00069 8532
4.00069 8775
4.00103 9011
4.00103 9241
4.00104 9465
4.00135 9684
4.00135 9898
4.00136 10107
4.0017 10312
4.00171 10513
4.00171 10710
4.00208 10903
4.00209 11093
4.00209 11279
4.00246 11462
4.00246 11642
4.00247 11820
4.00283 11995
4.00283 12167
4.00284 12337
4.00284 12505
4.0032 12670
4.00321 12833
4.00321 12994
4.00322 13153
4.00359 13310
4.00359 13465
4.0036 13618
4.00396 5760
4.00433 6120
4.00434 6458
4.00468 6779
4.00469 7084
4.00504 7376
4.00505 7657
4.00542 7927
4.00579 2880
4.00616 3600
4.00653 4176
4.00689 4672
4.00727 5115
4.00765 5520
4.00803 5895
4.00836 6246
4.00836 6577
4.0087 6892
4.00871 7192
4.00907 7480
4.00907 7757
4.00945 8024
4.00983 2880
4.0102 3600
4.01055 4176
4.01086 4672
4.0112 5115
4.01157 5520
4.01195 5895
4.01232 6246
4.01232 6577
4.01269 6892
4.01269 7192
4.01307 7480
4.01308 7757
4.01345 8024
4.01345 8282
4.01382 8532
4.01383 8775
4.01417 9011
4.01417 9241
4.01418 9465
4.01451 9684
4.01451 9898
4.01452 10107
4.01487 10312
4.01488 10513
4.01488 10710
4.01524 10903
4.01525 11093
4.01525 11279
4.01562 11462
4.01563 11642
4.01563 11820
4.016 11995
4.016 12167
4.01601 12337
4.01601 12505
4.01638 12670
4.01638 12833
4.01639 12994
4.01639 13153
4.01675 13310
4.01676 13465
4.01676 13618
4.01677 13770
4.01713 13920
4.01713 14068
4.01714 14215
4.01714 14360
4.0175 14504
4.01751 14646
4.01751 14787
4.01751 14927
4.01785 15065
4.01785 15202
4.01786 15338
4.01786 15473
4.01787 15607
4.01821 15739
4.01821 15870
4.01822 16000
4.01822 16129
4.01823 16257
4.01858 16384
4.01859 16510
4.01859 16635
4.0186 16759
4.0186 16882
4.01896 17004
4.01897 17125
4.01897 17246
4.01898 17366
4.01898 17485
4.01934 17603
4.01934 17720
4.01935 17837
4.01935 17953
4.01936 18068
4.01936 18182
4.01972 18296
4.01973 7920
4.02007 8181
4.02037 8434
4.02037 8679
4.02071 8917
4.02071 9149
4.02072 9375
4.02109 9596
4.02109 9812
4.0211 10023
4.02147 10229
4.02147 10431
4.02148 10629
4.02184 10824
4.02185 11015
4.02185 11203
4.0222 11388
4.0222 11570
4.02221 11749
4.02254 11925
4.02255 12098
4.02255 12269
4.02256 12438
4.02292 12604
4.02293 12768
4.02293 12930
4.02294 13090
4.02331 13248
4.02331 13404
4.02332 13558
4.02332 13710
4.02369 5760
4.02403 6120
4.02435 6458
4.02436 6779
4.02469 7084
4.02469 7376
4.02507 7657
4.02508 7927
4.02545 2880
4.02582 3600
4.0262 4176
4.02658 4672
4.02694 5115
4.02732 5520
4.02769 5895
4.02803 6246
4.02803 6577
4.0284 6892
4.0284 7192
4.02878 7480
4.02878 7757
4.02915 8024
4.02916 8282
4.02951 8532
4.02951 8775
4.02988 9011
4.02989 9241
4.02989 9465
4.03026 9684
4.03027 9898
4.03027 10107
4.03065 10312
4.03065 10513
4.03066 10710
4.03101 4320
4.03138 4800
4.03175 5232
4.03213 5628
4.03251 5996
4.03284 6341
4.03284 6668
4.03317 6978
4.03317 7275
4.03348 7560
4.03349 7834
4.03384 8098
4.03384 8354
4.03422 8602
4.03459 2880
4.03496 3600
4.03532 4176
4.0357 4672
4.03608 5115
4.03681 2880
4.03717 3600
4.03754 4176
4.23793 4672
4.23903 2880
4.23967 3600
4.24004 4176
4.44042 4672
4.44157 2880
4.44222 3600
4.44258 4176
4.44297 4672
4.44334 5115
4.44371 5520
4.44409 5895
4.44446 6246
4.44447 6577
4.44485 6892
4.44521 2880
4.44553 3600
4.44587 4176
4.44623 4672
4.44661 5115
4.44735 2880
4.44774 3600
4.44809 4176
4.44847 4672
4.44885 5115
4.44923 5520
4.44959 5895
4.44996 6246
4.44996 6577
4.45033 6892
4.45034 7192
4.45071 7480
4.45072 7757
4.45108 8024
4.45109 8282
4.45146 8532
4.45146 8775
4.45182 9011
4.45183 9241
4.45183 9465
4.45221 9684
4.45221 9898
4.45222 10107
4.45258 10312
4.45259 10513
4.45259 10710
4.45296 10903
4.45296 11093
4.45297 11279
4.45332 11462
4.45332 11642
4.45333 11820
4.4537 11995
4.4537 12167
4.45371 12337
4.45408 5040
4.45444 5451
4.4548 5831
4.45518 6186
4.45519 6521
4.45557 6838
4.45593 2880
4.45627 3600
4.45663 4176
4.45701 4672
4.45739 5115
4.45776 5520
4.45813 5895
4.45851 6246
4.45889 6577
4.45998 2880
4.46074 3600
4.46112 4176
4.4615 4672
4.46186 5115
4.46218 5520
4.46252 5895
4.4629 6246
4.4629 6577
4.46328 6892
4.46329 7192
4.46365 7480
4.46366 7757
4.46402 8024
4.46402 8282
4.46439 8532
4.4644 8775
4.46477 9011
4.46515 3600
4.46591 4176
4.46628 4672
4.66667 5115
4.6678 2880
4.66855 3600
4.66892 4176
4.6693 4672
4.66967 5115
4.67003 5520
4.67041 5895
4.67117 2880
4.6719 3600
4.67227 4176
4.87265 4672
4.87339 2880
4.87376 3600
4.87409 4176
4.87442 4672
4.8748 5115
4.87518 5520
4.87554 5895
4.87585 6246
4.87585 6577
4.87616 6892
4.87617 7192
4.87652 7480
4.87652 7757
4.8769 8024
4.8769 8282
4.87727 8532
4.87728 8775
4.87763 9011
4.87763 9241
4.87764 9465
4.87798 9684
4.87798 9898
4.87799 10107
4.87836 10312
4.87836 10513
4.87837 10710
4.87873 10903
4.87874 11093
4.87874 11279
4.87912 11462
4.87912 4320
4.87948 4800
4.87981 5232
4.88016 5628
4.88054 5996
4.88129 2880
4.88196 3600
4.88231 4176
5.0827 4672
5.08377 2880
5.0845 3600
5.08488 4176
5.28526 4672
5.28602 2880
5.28637 3600
5.2867 4176
5.28708 4672
5.28746 5115
5.28782 5520
5.28819 5895
5.28857 6246
5.28857 6577
5.28894 6892
5.28894 7192
5.28931 7480
5.28931 7757
5.28968 8024
5.28969 8282
5.29006 8532
5.29006 8775
5.29044 9011
5.29044 9241
5.29082 9465
5.29119 3600
5.29194 4176
5.49232 4672
5.49306 2880
5.49344 3600
5.49381 4176
5.49415 4672
5.49449 5115
5.49485 5520
5.49523 5895
5.49597 2880
5.49672 3600
5.4971 4176
5.49746 4672
5.49782 5115
5.4982 5520
5.49858 5895
5.49896 6246
5.49968 2880
5.50043 3600
5.50149 2880
5.50181 3600
5.50215 4176
5.50252 4672
5.5029 5115
5.50327 5520
5.50365 5895
5.50442 2880
5.50512 3600
5.50547 4176
5.50584 4672
5.50622 5115
5.50659 5520
5.50695 5895
5.5073 6246
5.5073 6577
5.50768 6892
5.50806 2880
5.50842 3600
5.5088 4176
5.50918 4672
5.50956 5115
5.50991 5520
5.51026 5895
5.51062 6246
5.51063 6577
5.51101 6892
5.51139 2880
5.51174 3600
5.5121 4176
5.51247 4672
5.51285 5115
5.51323 5520
5.51359 5895
5.51392 6246
5.51392 6577
5.51426 6892
5.51427 7192
5.51462 7480
5.51463 7757
5.51501 8024
5.51538 2880
5.51575 3600
5.51609 4176
5.51645 4672
5.51683 5115
5.51719 5520
5.51756 5895
5.51793 6246
5.51793 6577
5.51829 6892
5.51829 7192
5.51867 7480
5.51868 7757
5.51904 8024
5.51905 8282
5.5194 8532
5.51941 8775
5.51975 9011
5.51976 9241
5.51977 9465
5.52012 9684
5.52013 9898
5.52013 10107
5.5205 10312
5.52051 10513
5.52052 10710
5.52088 4320
5.52126 4800
5.52164 5232
5.522 5628
5.52239 5996
5.52274 2880
5.52309 3600
5.52345 4176
5.52383 4672
5.5242 5115
5.52458 5520
5.52493 5895
5.52529 6246
5.52529 6577
5.52567 6892
5.52567 7192
5.52605 7480
5.52605 7757
5.5264 8024
5.52641 8282
5.52675 8532
5.52676 8775
5.52711 9011
5.52711 9241
5.52712 9465
5.52749 9684
5.5275 3600
5.52785 4176
5.52819 4672
5.52852 5115
5.52884 5520
5.52919 5895
5.52957 6246
5.52995 6577
5.53102 2880
5.53178 3600
5.53212 4176
5.53247 4672
5.53285 5115
5.53322 5520
5.53359 5895
5.53398 6246
5.5347 2880
5.53542 3600
5.5358 4176
5.53616 4672
5.53653 5115
5.5369 5520
5.53727 5895
5.53765 6246
5.5384 2880
5.53913 3600
5.53951 4176
5.53989 4672
5.54025 5115
5.54061 5520
5.54097 5895
5.54134 6246
5.54135 6577
5.54173 6892
5.54173 7192
5.54207 7480
5.54208 7757
5.54244 8024
5.54245 8282
5.54282 8532
5.54283 8775
5.54321 3600
5.54357 4176
5.54393 4672
5.54429 5115
5.54467 5520
5.54505 5895
5.54543 6246
5.54543 6577
5.54581 6892
5.54581 7192
5.54619 7480
5.54619 7757
5.54657 8024
5.54657 8282
5.54694 8532
5.54695 8775
5.54728 9011
5.54728 9241
5.54729 9465
5.54766 9684
5.54767 9898
5.54767 10107
5.54804 10312
5.54805 10513
5.54805 10710
5.54842 4320
5.5488 4800
5.54917 5232
5.54953 5628
5.54991 5996
5.55029 6341
5.55103 2880
5.55172 3600
5.55209 4176
5.55248 4672
5.55284 5115
5.5532 5520
5.55357 5895
5.55396 6246
5.5547 2880
5.55538 3600
5.55573 4176
5.55611 4672
5.5565 5115
5.55723 2880
5.55758 3600
5.55795 4176
5.75834 4672
5.75908 2880
5.75946 3600
5.75984 4176
5.76021 4672
5.76058 5115
5.76096 5520
5.76133 5895
5.76171 6246
5.76209 6577
5.76321 2880
5.76397 3600
5.76433 4176
5.76471 4672
5.76508 5115
5.76545 5520
5.76583 5895
5.76621 2880
5.76658 3600
5.76696 4176
5.76733 4672
5.76771 5115
5.76843 2880
5.76881 3600
5.76919 4176
5.76958 4672
5.76996 5115
5.77032 5520
5.7707 5895
5.77107 6246
5.77108 6577
5.77146 6892
5.77182 2880
5.77219 3600
5.77257 4176
5.77295 4672
5.77332 5115
5.77368 5520
5.77403 5895
5.77441 6246
5.77479 6577
5.77517 2880
5.77555 3600
5.77591 4176
5.77627 4672
5.77665 5115
5.77703 5520
5.7774 5895
5.77777 6246
5.77777 6577
5.77815 6892
5.77815 7192
5.77853 7480
5.77853 7757
5.7789 8024
5.7789 8282
5.77928 8532
5.77928 8775
5.77963 9011
5.77964 9241
5.77964 9465
5.78002 9684
5.78002 3600
5.7804 4176
5.78078 4672
5.78114 5115
5.78152 5520
5.78189 5895
5.78226 6246
5.78227 6577
5.78263 6892
5.78263 7192
5.783 7480
5.78301 7757
5.78338 8024
5.78339 8282
5.78376 8532
5.78377 8775
5.78414 9011
5.78452 3600
5.78522 4176
5.78559 4672
5.98597 5115
5.98711 2880
5.98785 3600
5.98823 4176
5.98861 4672
5.98899 5115
5.98972 2880
5.9901 3600
5.99048 4176
5.99086 4672
5.99123 5115
5.99161 5520
5.99198 5895
5.99236 6246
5.99349 2880
5.9946 3600
5.99497 4176
6.19535 4672
6.19641 2880
6.1971 3600
6.19748 4176
6.39786 4672
6.39862 2880
6.39897 3600
6.39933 4176
6.39971 4672
6.40009 5115
6.40083 2880
6.40114 3600
6.40146 4176
6.40181 4672
6.40219 5115
6.40256 5520
6.40294 5895
6.40332 6246
6.40333 6577
6.4037 6892
6.40371 7192
6.40409 7480
6.40409 7757
6.40445 8024
6.40446 8282
6.40481 8532
6.40482 8775
6.40518 9011
6.40518 9241
6.40518 9465
6.40556 9684
6.40557 3600
6.40592 4176
6.40623 4672
6.40657 5115
6.40693 5520
6.40731 5895
6.40768 6246
6.40769 6577
6.40806 6892
6.40807 7192
6.40843 7480
6.40844 7757
6.40876 8024
6.40877 8282
6.40909 8532
6.4091 8775
6.40944 9011
6.40945 9241
6.40945 9465
6.40983 9684
6.40983 9898
6.41018 10107
6.41019 4320
6.41053 4800
6.41086 5232
6.41122 5628
6.41159 5996
6.41197 6341
6.41197 6668
6.41235 6978
6.41271 2880
6.41304 3600
6.41341 4176
6.41378 4672
6.41416 5115
6.41452 5520
6.4149 5895
6.41527 6246
6.41527 6577
6.41565 6892
6.41565 7192
6.41602 7480
6.41602 7757
6.41637 8024
6.41637 8282
6.41672 8532
6.41672 8775
6.4171 9011
6.4171 9241
6.41748 9465
6.41785 3600
6.41859 4176
6.41897 4672
6.41935 5115
6.42008 2880
6.42043 3600
6.4208 4176
6.62119 4672
6.62232 2880
6.62298 3600
6.62333 4176
6.62371 4672
6.62409 5115
6.62481 2880
6.62517 3600
6.62555 4176
6.62593 4672
6.62631 5115
6.62664 5520
6.62696 5895
6.62733 6246
6.62734 6577
6.62772 6892
6.62809 2880
6.62846 3600
6.62884 4176
6.62922 4672
6.6296 5115
6.62996 5520
6.63029 5895
6.63064 6246
6.63065 6577
6.63103 6892
6.6314 2880
6.63178 3600
6.63216 4176
6.63252 4672
6.63289 5115
6.63327 5520
6.63365 5895
6.63398 6246
6.63399 6577
6.63432 6892
6.63432 7192
6.63468 7480
6.63468 7757
6.63506 8024
6.63543 2880
6.63581 3600
6.63616 4176
6.63651 4672
6.63688 5115
6.63726 5520
6.63764 5895
6.638 2880
6.63836 3600
6.63874 4176
6.63912 4672
6.63947 5115
6.63983 5520
6.64021 5895
6.64059 6246
6.64059 6577
6.64096 6892
6.64096 7192
6.64132 7480
6.64132 7757
6.6417 8024
6.6417 8282
6.64207 8532
6.64207 8775
6.64244 9011
6.64244 9241
6.64244 9465
6.64282 9684
6.64282 9898
6.64282 10107
6.6432 10312
6.6432 10513
6.6432 10710
6.64357 10903
6.64358 11093
6.64358 11279
6.64394 11462
6.64394 11642
6.64395 11820
6.64431 11995
6.64432 12167
6.64432 12337
6.64433 12505
6.64469 12670
6.6447 12833
6.6447 12994
6.64471 13153
6.64507 13310
6.64508 13465
6.64508 13618
6.64509 13770
6.64545 13920
6.64545 14068
6.64546 14215
6.64546 14360
6.64583 14504
6.64583 14646
6.64584 14787
6.64584 14927
6.6462 15065
6.64621 15202
6.64621 15338
6.64622 15473
6.64622 15607
6.64659 15739
6.64659 6480
6.64696 6800
6.6473 7104
6.6473 7395
6.64765 7675
6.64766 7945
6.64803 8205
6.64804 8457
6.64839 8702
6.64839 8940
6.64874 9171
6.64874 9397
6.64875 9617
6.6491 9832
6.64911 10042
6.64911 10248
6.64948 10450
6.64949 10648
6.64949 10842
6.64983 11033
6.64983 11220
6.64984 11404
6.65014 11585
6.65015 11763
6.65015 11939
6.65047 12112
6.65047 12283
6.65048 12451
6.65048 12617
6.65081 12781
6.65082 12943
6.65082 13103
6.65083 13261
6.65119 13417
6.6512 13571
6.6512 13723
6.65157 5760
6.65194 6120
6.65194 6458
6.65231 6779
6.65231 7084
6.65268 7376
6.65269 7657
6.65306 7927
6.65344 2880
6.65381 3600
6.65417 4176
6.65452 4672
6.65491 5115
6.65565 2880
6.65603 3600
6.65641 4176
6.85679 4672
6.85747 2880
6.85785 3600
6.85823 4176
6.85861 4672
6.85898 5115
6.85935 5520
6.85973 5895
6.86011 6246
6.86012 6577
6.86045 6892
6.86045 7192
6.86075 7480
6.86076 7757
6.8611 8024
6.8611 8282
6.86147 8532
6.86148 8775
6.86185 9011
6.86222 3600
6.86298 4176
6.86334 4672
6.8637 5115
6.86408 5520
6.86446 5895
6.86483 6246
6.86484 6577
6.86521 6892
6.86521 7192
6.86558 7480
6.86559 7757
6.86596 8024
6.86634 2880
6.86668 3600
6.86699 4176
6.86732 4672
6.8677 5115
6.86808 5520
6.86846 5895
6.86883 6246
6.86883 6577
6.8692 6892
6.86921 7192
6.86957 7480
6.86957 7757
6.86995 8024
6.87033 2880
6.87069 3600
6.87101 4176
6.87133 4672
6.87167 5115
6.87205 5520
6.87241 5895
6.87279 6246
6.87279 6577
6.87317 6892
6.87317 7192
6.8735 7480
6.87351 7757
6.87383 8024
6.87383 8282
6.8742 8532
6.8742 8775
6.87458 9011
6.87458 9241
6.87459 9465
6.87496 9684
6.87497 3600
6.87532 4176
6.87567 4672
6.87602 5115
6.8764 5520
6.87678 5895
6.87716 2880
6.87753 3600
6.87788 4176
6.87826 4672
6.87863 5115
6.879 5520
6.87937 5895
6.87974 6246
6.87974 6577
6.88012 6892
6.88012 7192
6.88048 7480
6.88049 7757
6.88084 8024
6.88084 8282
6.88119 8532
6.8812 8775
6.88157 9011
6.88158 9241
6.88195 9465
6.88196 3600
6.88232 4176
6.88268 4672
6.88306 5115
6.8838 2880
6.88412 3600
6.88445 4176
6.8848 4672
6.88518 5115
6.88556 5520
6.88593 5895
6.88628 6246
6.88628 6577
6.88661 6892
6.88661 7192
6.88692 7480
6.88692 7757
6.88728 8024
6.88728 8282
6.88765 8532
6.88766 8775
6.88803 9011
6.88804 9241
6.88841 9465
6.88879 3600
6.88956 4176
6.88992 4672
6.89028 5115
6.89066 5520
6.89104 5895
6.89142 2880
6.89178 3600
6.89209 4176
6.89243 4672
6.89281 5115
6.89357 2880
6.89395 3600
6.89429 4176
6.89465 4672
6.89503 5115
6.89541 5520
6.89579 5895
6.89616 6246
6.89617 6577
6.89655 6892
6.89692 2880
6.8973 3600
6.89768 4176
6.89806 4672
6.89844 5115
6.89881 5520
6.89918 5895
6.89956 6246
6.89989 6577
6.90025 2880
6.90063 3600
6.90101 4176
6.90139 4672
6.90177 5115
6.90213 5520
6.90251 5895
6.90289 6246
6.90362 2880
6.90436 3600
6.90474 4176
7.10512 4672
8.10512 1440
8.3055 2880
8.50588 3600
9.50588 1440
9.70664 2880
9.90702 3600
9.90814 2880
9.90847 3600
9.90881 4176
10.1092 4672
10.11 2880
10.1103 3600
10.1107 4176
10.3111 4672
10.3118 2880
10.3122 3600
10.3126 4176
10.3129 4672
10.3133 5115
10.3137 5520
10.3141 5895
10.3144 6246
10.3151 2880
10.3159 3600
10.3163 4176
10.3167 4672
10.317 5115
10.3174 5520
10.3178 5895
10.3181 6246
10.3181 6577
10.3185 6892
10.3185 7192
10.3189 7480
10.3189 7757
10.3193 8024
10.3193 8282
10.3196 8532
10.3196 8775
10.32 9011
10.3204 3600
10.3211 4176
10.3215 4672
10.3219 5115
10.3222 5520
10.3226 5895
10.323 6246
10.323 6577
10.3234 6892
10.3234 7192
10.3237 7480
10.3237 7757
10.3241 8024
10.3241 8282
10.3244 8532
10.3244 8775
10.3248 9011
10.3248 9241
10.3248 9465
10.3252 9684
10.3252 9898
10.3252 10107
10.3256 10312
10.3256 10513
10.3256 10710
10.3259 10903
10.3259 11093
10.3259 11279
10.3263 11462
10.3263 11642
10.3263 11820
10.3266 11995
10.3266 12167
10.3267 12337
10.3267 12505
10.327 12670
10.327 5040
10.3274 5451
10.3278 5831
10.3281 6186
10.3281 6521
10.3285 6838
10.3285 7141
10.3289 7431
10.3289 7710
10.3293 7978
10.3296 2880
10.33 3600
10.3303 4176
10.3307 4672
10.3311 5115
10.3315 5520
10.3318 5895
10.3322 6246
10.3322 6577
10.3325 6892
10.3325 7192
10.3329 7480
10.3329 7757
10.3333 8024
10.3333 8282
10.3337 8532
10.3337 8775
10.334 9011
10.334 9241
10.334 9465
10.3344 9684
10.3344 9898
10.3344 10107
10.3347 10312
10.3347 10513
10.3348 10710
10.3351 10903
10.3351 11093
10.3351 11279
10.3355 11462
10.3355 11642
10.3355 11820
10.3358 11995
10.3359 12167
10.3359 12337
10.3359 12505
10.3362 12670
10.3362 12833
10.3362 12994
10.3362 13153
10.3366 13310
10.3366 13465
10.3366 13618
10.3366 13770
10.337 13920
10.337 14068
10.337 14215
10.337 14360
10.3374 14504
10.3374 14646
10.3374 14787
10.3374 14927
10.3377 15065
10.3377 15202
10.3377 15338
10.3377 15473
10.3377 15607
10.3381 15739
10.3381 15870
10.3381 16000
10.3381 16129
10.3381 16257
10.3384 16384
10.3384 16510
10.3384 16635
10.3384 16759
10.3384 16882
10.3388 17004
10.3388 17125
10.3388 17246
10.3388 17366
10.3388 17485
10.3392 17603
10.3392 17720
10.3392 17837
10.3392 17953
10.3392 18068
10.3392 18182
10.3396 18296
10.3396 18409
10.3396 18521
10.3396 18632
10.3396 18743
10.3396 18853
10.3399 18962
10.3399 19071
10.3399 19179
10.3399 19287
10.3399 19394
10.3399 19500
10.3403 19606
10.3403 19711
10.3403 19816
10.3403 19920
10.3403 20024
10.3403 20127
10.3407 20230
10.3407 20332
10.3407 20433
10.3407 20534
10.3407 20634
10.3407 20734
10.341 20834
10.341 20933
10.341 21032
10.341 21130
10.341 21228
10.3411 21325
10.3411 21422
10.3414 21518
10.3414 9360
10.3418 9581
10.3421 9797
10.3421 10008
10.3421 10215
10.3424 10417
10.3424 10616
10.3424 10811
10.3428 11002
10.3428 11190
10.3428 11375
10.3432 11557
10.3432 11736
10.3432 11912
10.3436 12086
10.3436 12257
10.3436 12426
10.3436 12592
10.3439 12756
10.3439 12918
10.3439 13078
10.344 13236
10.3443 13392
10.3443 13546
10.3443 13699
10.3443 13850
10.3447 13999
10.3447 14147
10.3447 14293
10.3447 14438
10.3451 14581
10.3451 14723
10.3451 14863
10.3451 15002
10.3454 6480
10.3461 6800
10.3464 7104
10.3464 7395
10.3467 7675
10.3467 7945
10.347 8205
10.347 8457
10.3474 8702
10.3474 8940
10.3477 9171
10.3481 3600
10.3489 4176
10.35 2880
10.3504 3600
10.3514 2880
10.3518 3600
10.3522 4176
10.3525 4672
10.3529 5115
10.3533 5520
10.3537 5895
10.354 6246
10.354 6577
10.3544 6892
10.3548 2880
10.3552 3600
10.3556 4176
10.3559 4672
10.3562 5115
10.3566 5520
10.357 5895
10.3574 6246
10.3574 6577
10.3577 6892
10.3577 7192
10.3581 7480
10.3581 7757
10.3584 8024
10.3585 8282
10.3588 8532
10.3588 8775
10.3592 9011
10.3592 9241
10.3592 9465
10.3595 9684
10.3595 9898
10.3595 10107
10.3598 10312
10.3598 10513
10.3599 10710
10.3602 10903
10.3602 11093
10.3602 11279
10.3606 11462
10.3606 11642
10.3606 11820
10.361 11995
10.361 12167
10.361 12337
10.361 12505
10.3613 12670
10.3614 12833
10.3614 12994
10.3614 13153
10.3617 13310
10.3617 13465
10.3617 13618
10.3617 13770
10.3621 13920
10.3621 14068
10.3621 14215
10.3621 14360
10.3625 14504
10.3625 6480
10.3629 6800
10.3632 7104
10.3632 7395
10.3636 7675
10.3636 7945
10.364 8205
10.364 8457
10.3643 8702
10.3643 8940
10.3647 9171
10.3647 9397
10.3647 9617
10.3651 9832
10.3651 10042
10.3651 10248
10.3655 10450
10.3655 10648
10.3655 10842
10.3658 11033
10.3658 11220
10.3658 11404
10.3662 11585
10.3662 5040
10.3666 5451
10.3669 5831
10.3673 6186
10.3673 6521
10.3676 6838
10.3676 7141
10.368 7431
10.368 7710
10.3684 7978
10.3684 8237
10.3688 8488
10.3688 8732
10.3691 8969
10.3691 9200
10.3691 9425
10.3695 9645
10.3695 9859
10.3695 10069
10.3699 10274
10.3699 10475
10.3699 10672
10.3703 10866
10.3703 11056
10.3703 11243
10.3706 11427
10.3706 11608
10.3706 11786
10.371 11961
10.371 12134
10.371 12304
10.371 12472
10.3714 12638
10.3714 12802
10.3714 12963
10.3714 13122
10.3718 13280
10.3718 13436
10.3718 13590
10.3721 5760
10.3725 6120
10.3725 6458
10.3728 6779
10.3728 7084
10.3731 7376
10.3731 7657
10.3735 7927
10.3735 8188
10.3739 8441
10.3739 8686
10.3743 8924
10.3743 9156
10.3743 9382
10.3746 9603
10.3746 9818
10.3746 10029
10.3749 10235
10.3749 10437
10.3749 10635
10.3753 10829
10.3753 11020
10.3753 11208
10.3756 11393
10.3757 11575
10.3757 11754
10.376 11930
10.376 12103
10.376 12274
10.376 12442
10.3764 12608
10.3764 12772
10.3764 12934
10.3764 13094
10.3767 13252
10.3767 13408
10.3767 13562
10.3767 13714
10.3771 13865
10.3771 14014
10.3771 14161
10.3771 14307
10.3774 14451
10.3775 6480
10.3778 6800
10.3782 7104
10.3782 7395
10.3785 7675
10.3785 7945
10.3789 8205
10.3789 8457
10.3793 8702
10.3793 8940
10.3797 9171
10.3797 9397
10.3797 9617
10.38 9832
10.38 10042
10.38 10248
10.3804 10450
10.3804 10648
10.3804 10842
10.3807 11033
10.3807 11220
10.3807 11404
10.3811 11585
10.3811 11763
10.3811 11939
10.3815 12112
10.3815 12283
10.3815 12451
10.3815 12617
10.3819 12781
10.3819 12943
10.3819 13103
10.3819 13261
10.3822 13417
10.3822 13571
10.3822 13723
10.3822 13874
10.3826 14023
10.3826 14170
10.3826 14316
10.3826 14460
10.383 14603
10.383 14744
10.383 14884
10.383 15023
10.383 15161
10.3833 15297
10.3833 15432
10.3833 15566
10.3833 15699
10.3833 15831
10.3837 15961
10.3837 16090
10.3837 16218
10.3837 16345
10.3837 16471
10.3841 16596
10.3841 16720
10.3841 16844
10.3841 16967
10.3841 17089
10.3845 17210
10.3845 17330
10.3845 17449
10.3845 17567
10.3845 17685
10.3848 17802
10.3848 17918
10.3848 18033
10.3848 18147
10.3848 18261
10.3848 18374
10.3852 18486
10.3852 18598
10.3852 18709
10.3852 18819
10.3852 18929
10.3852 19038
10.3856 19146
10.3856 19254
10.3856 19361
10.3856 19468
10.3856 8640
10.386 8880
10.3863 9113
10.3863 9340
10.3863 9562
10.3867 9778
10.3867 9990
10.3867 10197
10.387 10400
10.387 10599
10.387 10794
10.3874 10986
10.3874 11174
10.3874 11359
10.3878 11541
10.3878 5040
10.3882 5451
10.3886 5831
10.3889 6186
10.3889 6521
10.3893 6838
10.3893 7141
10.3897 7431
10.3897 7710
10.3901 7978
10.3904 2880
10.3908 3600
10.3911 4176
10.3915 4672
10.3919 5115
10.3923 5520
10.3926 5895
10.3929 6246
10.3929 6577
10.3933 6892
10.3933 7192
10.3937 7480
10.3937 7757
10.394 8024
10.394 8282
10.3944 8532
10.3944 8775
10.3948 9011
10.3948 9241
10.3948 9465
10.3951 9684
10.3951 9898
10.3951 10107
10.3954 10312
10.3955 10513
10.3955 10710
10.3958 10903
10.3958 11093
10.3958 11279
10.3962 11462
10.3962 11642
10.3962 11820
10.3966 11995
10.3966 12167
10.3966 12337
10.3966 12505
10.3969 12670
10.3969 12833
10.3969 12994
10.397 13153
10.3973 13310
10.3973 13465
10.3973 13618
10.3973 13770
10.3976 13920
10.3976 14068
10.3976 14215
10.3977 14360
10.398 14504
10.398 6480
10.3984 6800
10.3988 7104
10.3988 7395
10.3991 7675
10.3991 7945
10.3995 8205
10.3995 8457
10.3999 8702
10.4002 3600
10.4006 4176
10.401 4672
10.4014 5115
10.4017 5520
10.4021 5895
10.4024 6246
10.4024 6577
10.4028 6892
10.4028 7192
10.4032 7480
10.4032 7757
10.4036 8024
10.4036 8282
10.4039 8532
10.4039 8775
10.4043 9011
10.4043 9241
10.4043 9465
10.4047 9684
10.4047 9898
10.4047 10107
10.4051 10312
10.4051 10513
10.4051 10710
10.4054 10903
10.4054 11093
10.4054 11279
10.4058 11462
10.4058 11642
10.4058 11820
10.4061 11995
10.4061 12167
10.4061 12337
10.4061 12505
10.4065 12670
10.4065 12833
10.4065 12994
10.4065 13153
10.4069 13310
10.4069 13465
10.4069 13618
10.4069 13770
10.4072 13920
10.4072 14068
10.4073 14215
10.4073 14360
10.4076 14504
10.4076 14646
10.4076 14787
10.4076 14927
10.408 15065
10.408 15202
10.408 15338
10.408 15473
10.408 15607
10.4083 15739
10.4083 15870
10.4083 16000
10.4083 16129
10.4083 16257
10.4087 16384
10.4087 16510
10.4087 16635
10.4087 16759
10.4087 16882
10.4091 17004
10.4091 17125
10.4091 17246
10.4091 17366
10.4091 17485
10.4095 17603
10.4095 17720
10.4095 17837
10.4095 17953
10.4095 18068
10.4095 18182
10.4098 18296
10.4098 18409
10.4098 18521
10.4098 18632
10.4098 18743
10.4098 18853
10.4102 18962
10.4102 19071
10.4102 19179
10.4102 19287
10.4102 19394
10.4102 19500
10.4106 19606
10.4106 19711
10.4106 19816
10.4106 19920
10.4106 20024
10.4106 20127
10.4109 20230
10.4109 20332
10.4109 20433
10.411 20534
10.411 20634
10.411 20734
10.4113 20834
10.4113 20933
10.4113 9360
10.4117 9581
10.412 9797
10.412 10008
10.412 10215
10.4124 10417
10.4124 10616
10.4124 10811
10.4128 11002
10.4128 11190
10.4128 11375
10.4131 11557
10.4131 5040
10.4135 5451
10.4139 5831
10.4142 6186
10.4142 6521
10.4146 6838
10.4146 7141
10.415 7431
10.415 7710
10.4153 7978
10.4153 8237
10.4157 8488
10.4157 8732
10.4161 8969
10.4161 9200
10.4161 9425
10.4165 9645
10.4165 3600
10.4168 4176
10.4172 4672
10.4176 5115
10.4179 5520
10.4183 5895
10.4186 6246
10.4194 2880
10.4201 3600
10.4205 4176
10.4209 4672
10.4212 5115
10.4215 5520
10.4219 5895
10.4223 6246
10.4223 6577
10.4227 6892
10.4227 7192
10.423 7480
10.423 7757
10.4234 8024
10.4234 8282
10.4238 8532
10.4238 8775
10.4242 9011
10.4242 9241
10.4242 9465
10.4245 9684
10.4246 9898
10.4246 10107
10.4249 10312
10.4249 10513
10.4249 10710
10.4252 10903
10.4252 11093
10.4253 11279
10.4256 11462
10.4256 11642
10.4256 11820
10.4259 11995
10.426 12167
10.426 12337
10.426 12505
10.4263 12670
10.4263 5040
10.4267 5451
10.4271 5831
10.4274 6186
10.4274 6521
10.4278 6838
10.4278 7141
10.4282 7431
10.4282 7710
10.4285 7978
10.4286 8237
10.4289 8488
10.4289 8732
10.4293 8969
10.4293 9200
10.4293 9425
10.4296 9645
10.4296 9859
10.4296 10069
10.43 10274
10.43 10475
10.43 10672
10.4304 10866
10.4304 11056
10.4304 11243
10.4308 11427
10.4308 11608
10.4308 11786
10.4311 11961
10.4311 12134
10.4311 12304
10.4311 12472
10.4315 12638
10.4315 12802
10.4315 12963
10.4315 13122
10.4319 13280
10.4319 13436
10.4319 13590
10.4319 13742
10.4322 13892
10.4322 14041
10.4322 14188
10.4322 14334
10.4326 14478
10.4326 14621
10.4326 14762
10.4326 14902
10.433 15041
10.433 15178
10.433 15314
10.433 15449
10.433 15583
10.4333 15716
10.4333 15847
10.4333 15977
10.4333 16106
10.4333 16234
10.4337 16361
10.4337 16487
10.4337 16612
10.4337 16736
10.4337 16859
10.434 16981
10.4341 17103
10.4341 17224
10.4341 17344
10.4341 17463
10.4344 17581
10.4344 17698
10.4344 17815
10.4344 17931
10.4344 18046
10.4348 7920
10.4351 8181
10.4351 8434
10.4355 8679
10.4355 8917
10.4359 9149
10.4359 9375
10.4362 3600
10.4366 4176
10.437 4672
10.4374 5115
10.4377 5520
10.4381 5895
10.4385 2880
10.4389 3600
10.4392 4176
10.4396 4672
10.44 5115
10.4407 2880
10.441 3600
10.4414 4176
10.6418 4672
10.6429 2880
10.6437 3600
10.6447 2880
10.645 3600
10.6453 4176
10.6457 4672
10.646 5115
10.6464 5520
10.6468 5895
10.6472 6246
10.6476 6577
10.6479 2880
10.6483 3600
10.6487 4176
10.649 4672
10.6494 5115
10.6497 5520
10.6501 5895
10.6505 6246
10.6505 6577
10.6509 6892
10.6509 7192
10.6512 7480
10.6512 7757
10.6516 8024
10.6516 8282
10.6519 8532
10.6519 8775
10.6523 9011
10.6523 9241
10.6523 9465
10.6526 9684
10.6526 3600
10.653 4176
10.6534 4672
10.6537 5115
10.6541 5520
10.6544 5895
10.6548 6246
10.6552 6577
10.6556 2880
10.6559 3600
10.6563 4176
10.6566 4672
10.657 5115
10.6574 5520
10.6577 5895
10.6581 6246
10.6581 6577
10.6585 6892
10.6585 7192
10.6588 7480
10.6588 7757
10.6591 8024
10.6591 8282
10.6594 8532
10.6594 8775
10.6597 9011
10.6597 9241
10.6597 9465
10.6601 9684
10.6601 9898
10.6601 10107
10.6605 10312
10.6605 10513
10.6605 10710
10.6609 4320
10.6613 4800
10.6616 5232
10.662 5628
10.6624 5996
10.6627 6341
10.6627 6668
10.6631 6978
10.6635 2880
10.6639 3600
10.6642 4176
10.6646 4672
10.665 5115
10.6653 5520
10.6657 5895
10.666 6246
10.666 6577
10.6664 6892
10.6664 7192
10.6668 7480
10.6668 7757
10.6671 8024
10.6672 8282
10.6675 8532
10.6675 8775
10.6679 9011
10.6679 9241
10.6679 9465
10.6682 9684
10.6682 9898
10.6682 10107
10.6686 10312
10.6686 10513
10.6686 10710
10.669 10903
10.669 11093
10.669 11279
10.6693 11462
10.6693 11642
10.6693 11820
10.6697 11995
10.6697 12167
10.6697 12337
10.6697 12505
10.67 12670
10.67 12833
10.67 12994
10.67 13153
10.6704 13310
10.6704 13465
10.6704 13618
10.6708 5760
10.6711 6120
10.6711 6458
10.6715 6779
10.6715 7084
10.6718 7376
10.6718 7657
10.6721 7927
10.6721 8188
10.6725 8441
10.6725 8686
10.6729 8924
10.6733 3600
10.6744 4176
10.6748 4672
10.6751 5115
10.6755 5520
10.6759 5895
10.6763 6246
10.6766 6577
10.677 2880
10.6773 3600
10.6777 4176
10.6781 4672
10.6785 5115
10.6788 5520
10.6792 5895
10.6796 6246
10.6796 6577
10.6799 6892
10.6799 7192
10.6803 7480
10.6803 7757
10.6807 8024
10.6807 8282
10.681 8532
10.681 8775
10.6814 9011
10.6814 9241
10.6814 9465
10.6818 9684
10.6818 9898
10.6818 10107
10.6822 10312
10.6822 10513
10.6822 10710
10.6825 4320
10.6829 4800
10.6833 5232
10.6836 5628
10.684 5996
10.6844 6341
10.6848 6668
10.6851 2880
10.6855 3600
10.6859 4176
10.6863 4672
10.6866 5115
10.687 5520
10.6873 5895
10.6877 6246
10.6881 6577
10.6885 2880
10.6888 3600
10.6891 4176
10.6895 4672
10.6899 5115
10.6903 5520
10.6906 5895
10.691 6246
10.6918 2880
10.6925 3600
10.6929 4176
10.8933 4672
10.894 2880
10.8944 3600
10.8948 4176
10.8952 4672
10.8955 5115
10.8959 5520
10.8963 5895
10.8967 6246
10.8967 6577
10.897 6892
10.897 7192
10.8974 7480
10.8974 7757
10.8978 8024
10.8978 8282
10.8981 8532
10.8982 8775
10.8985 9011
10.8985 9241
10.8985 9465
10.8989 9684
10.8989 9898
10.8989 10107
10.8993 10312
10.8993 10513
10.8993 10710
10.8996 10903
10.8996 11093
10.8996 11279
10.9 11462
10.9 11642
10.9 11820
10.9003 11995
10.9003 12167
10.9003 12337
10.9003 12505
10.9007 12670
10.9007 12833
10.9007 12994
10.9007 13153
10.9011 13310
10.9011 13465
10.9011 13618
10.9011 13770
10.9014 13920
10.9015 14068
10.9015 14215
10.9015 14360
10.9018 14504
10.9018 14646
10.9018 14787
10.9018 14927
10.9022 15065
10.9022 15202
10.9022 15338
10.9022 15473
10.9022 15607
10.9025 15739
10.9025 15870
10.9025 16000
10.9025 16129
10.9026 16257
10.9029 16384
10.9029 16510
10.9029 16635
10.9029 16759
10.9029 16882
10.9033 17004
10.9033 17125
10.9033 17246
10.9033 17366
10.9033 17485
10.9037 17603
10.9037 17720
10.9037 17837
10.9037 17953
10.9037 18068
10.9037 18182
10.904 18296
10.904 18409
10.904 18521
10.904 18632
10.904 18743
10.904 18853
10.9044 18962
10.9044 19071
10.9044 19179
10.9044 19287
10.9044 19394
10.9044 19500
10.9047 19606
10.9047 19711
10.9047 19816
10.9047 19920
10.9048 20024
10.9048 20127
10.9051 20230
10.9051 9360
10.9055 9581
10.9058 9797
10.9058 10008
10.9058 10215
10.9061 10417
10.9061 10616
10.9061 10811
10.9065 11002
10.9065 11190
10.9065 11375
10.9069 11557
10.9069 5040
10.908 5451
10.908 5831
10.9083 6186
10.9083 6521
10.9087 6838
10.9087 7141
10.9091 7431
10.9091 7710
10.9094 7978
10.9094 8237
10.9098 8488
10.9098 8732
10.9102 8969
10.9102 9200
10.9102 9425
10.9105 9645
10.9105 9859
10.9105 10069
10.9109 10274
10.9109 10475
10.9109 10672
10.9113 10866
10.9113 11056
10.9113 11243
10.9116 11427
10.9117 11608
10.9117 11786
10.912 11961
10.912 12134
10.912 12304
10.912 12472
10.9123 12638
10.9123 12802
10.9124 12963
10.9124 13122
10.9127 13280
10.9127 13436
10.9127 13590
10.9131 5760
10.9135 6120
10.9135 6458
10.9138 6779
10.9138 7084
10.9142 7376
10.9142 7657
10.9146 7927
10.9149 2880
10.9153 3600
10.9156 4176
10.916 4672
10.9164 5115
10.9171 2880
10.9175 3600
10.9179 4176
10.9182 4672
10.9186 5115
10.919 5520
10.9194 5895
10.9197 2880
10.9201 3600
10.9204 4176
10.9208 4672
10.9212 5115
10.9219 2880
10.9222 3600
10.9226 4176
11.9226 1440
11.923 2880
11.9234 3600
11.9237 4176
11.9241 4672
11.9245 5115
11.9249 5520
11.9252 5895
11.9255 6246
11.9255 6577
11.9259 6892
11.9259 7192
11.9262 7480
11.9262 7757
11.9266 8024
11.9266 8282
11.927 8532
11.927 8775
11.9274 9011
11.9274 9241
11.9274 9465
11.9277 9684
11.9277 9898
11.9277 10107
11.9281 10312
11.9281 10513
11.9281 10710
11.9285 10903
11.9285 11093
11.9285 11279
11.9288 11462
11.9289 4320
11.9292 4800
11.9295 5232
11.9299 5628
11.9303 5996
11.9306 6341
11.931 6668
11.9314 2880
11.9317 3600
11.9321 4176
11.9325 4672
11.9328 5115
11.9331 5520
11.9334 5895
11.9338 6246
11.9338 6577
11.9342 6892
11.9342 7192
11.9346 7480
11.9346 7757
11.9349 8024
11.9349 8282
11.9353 8532
11.9353 8775
11.9357 9011
11.9357 9241
11.9357 9465
11.936 9684
11.936 9898
11.936 10107
11.9364 10312
11.9364 10513
11.9364 10710
11.9367 10903
11.9367 11093
11.9367 11279
11.9371 11462
11.9371 11642
11.9371 11820
11.9374 11995
11.9374 5040
11.9382 5451
11.9385 5831
11.9388 6186
11.9388 6521
11.9392 6838
11.9392 7141
11.9396 7431
11.9396 7710
11.94 7978
11.94 8237
11.9403 8488
11.9403 8732
11.9406 8969
11.9406 9200
11.9406 9425
11.9409 9645
11.9409 9859
11.9409 10069
11.9413 10274
11.9413 10475
11.9413 10672
11.9416 10866
11.9416 11056
11.9417 11243
11.942 11427
11.942 11608
11.942 11786
11.9424 11961
11.9424 12134
11.9424 12304
11.9424 12472
11.9428 12638
11.9428 12802
11.9428 12963
11.9428 13122
11.9431 13280
11.9431 13436
11.9431 13590
11.9435 5760
11.9439 6120
11.9439 6458
11.9442 6779
11.9442 7084
11.9446 7376
11.9446 7657
11.945 7927
11.945 8188
11.9453 8441
11.9453 8686
11.9457 8924
11.9457 9156
11.9461 9382
11.9461 3600
11.9464 4176
11.9468 4672
11.9472 5115
11.9479 2880
11.9483 3600
11.9486 4176
11.949 4672
11.9494 5115
11.9498 5520
11.9501 5895
11.9505 6246
11.9512 2880
11.952 3600
11.9524 4176
11.9527 4672
11.9531 5115
11.9535 5520
11.9539 5895
11.9542 6246
11.9546 6577
11.9549 2880
11.9553 3600
11.9556 4176
11.956 4672
11.9564 5115
11.9571 2880
11.9575 3600
11.9579 4176
11.9582 4672
11.9586 5115
11.9594 2880
11.9597 3600
11.9601 4176
11.9605 4672
11.9609 5115
11.9612 5520
11.9616 5895
11.962 6246
11.9624 6577
11.9634 2880
11.9642 3600
11.9645 4176
11.9648 4672
11.9651 5115
11.9655 5520
11.9659 5895
11.9662 6246
11.9666 6577
11.967 2880
11.9673 3600
11.9677 4176
11.9681 4672
11.9685 5115
11.9688 5520
11.9692 5895
11.9696 6246
11.9696 6577
11.97 6892
11.9703 2880
11.9707 3600
11.9711 4176
11.9715 4672
11.9718 5115
11.9722 5520
11.9726 5895
11.973 6246
11.9741 2880
11.9752 3600
11.9756 4176
11.976 4672
11.9764 5115
11.9767 5520
11.9771 5895
11.9775 6246
11.9775 6577
11.9778 6892
11.9779 7192
11.9782 7480
11.9782 7757
11.9786 8024
11.979 2880
11.9794 3600
11.9797 4176
11.9801 4672
11.9805 5115
11.9812 2880
11.9816 3600
11.9819 4176
12.1823 4672
12.1831 2880
12.1834 3600
12.1838 4176
12.1842 4672
12.1845 5115
12.1849 5520
12.1853 5895
12.1857 6246
12.1857 6577
12.186 6892
12.186 7192
12.1864 7480
12.1864 7757
12.1868 8024
12.1868 8282
12.1871 8532
12.1871 8775
12.1875 9011
12.1875 9241
12.1875 9465
12.1878 9684
12.1879 9898
12.1879 10107
12.1882 10312
12.1882 10513
12.1882 10710
12.1886 10903
12.1886 11093
12.1886 11279
12.1889 11462
12.189 4320
12.1893 4800
12.1897 5232
12.19 5628
12.1904 5996
12.1908 6341
12.1908 6668
12.1911 6978
12.1912 7275
12.1915 7560
12.1915 7834
12.1919 8098
12.1919 8354
12.1922 8602
12.1922 8843
12.1926 9077
12.193 3600
12.1937 4176
12.194 4672
12.1943 5115
12.1947 5520
12.1951 5895
12.1955 6246
12.1955 6577
12.1958 6892
12.1958 7192
12.1962 7480
12.1962 7757
12.1965 8024
12.1965 8282
12.1969 8532
12.1969 8775
12.1973 9011
12.1973 9241
12.1973 9465
12.1976 9684
12.1976 9898
12.1976 10107
12.198 10312
12.198 10513
12.198 10710
12.1983 10903
12.1983 11093
12.1983 11279
12.1987 11462
12.1987 4320
12.1994 4800
12.1998 5232
12.2001 5628
12.2005 5996
12.2009 6341
12.2016 2880
12.2023 3600
12.2027 4176
12.2031 4672
12.2034 5115
12.2038 5520
12.2042 5895
12.2045 6246
12.2045 6577
12.2049 6892
12.2049 7192
12.2053 7480
12.2053 7757
12.2056 8024
12.2057 8282
12.206 8532
12.206 8775
12.2064 9011
12.2064 9241
12.2064 9465
12.2067 9684
12.2067 9898
12.2067 10107
12.2071 10312
12.2071 10513
12.2071 10710
12.2074 10903
12.2074 11093
12.2074 11279
12.2078 11462
12.2078 11642
12.2078 11820
12.2082 11995
12.2082 12167
12.2082 12337
12.2082 12505
12.2085 12670
12.2085 12833
12.2085 12994
12.2085 13153
12.2089 13310
12.2089 13465
12.2089 13618
12.2089 13770
12.2093 13920
12.2093 14068
12.2093 14215
12.2093 14360
12.2097 14504
12.2097 14646
12.2097 14787
12.2097 14927
12.21 15065
12.21 15202
12.21 15338
12.21 15473
12.21 15607
12.2103 15739
12.2103 15870
12.2103 16000
12.2103 16129
12.2103 16257
12.2106 16384
12.2106 16510
12.2106 16635
12.2106 16759
12.2106 16882
12.2109 17004
12.2109 17125
12.2109 17246
12.2109 17366
12.2109 17485
12.2112 17603
12.2112 17720
12.2112 17837
12.2112 17953
12.2113 18068
12.2113 18182
12.2116 18296
12.2116 18409
12.2116 18521
12.2116 18632
12.2116 18743
12.2116 18853
12.212 18962
12.212 19071
12.212 19179
12.212 19287
12.212 19394
12.212 19500
12.2123 19606
12.2123 19711
12.2123 19816
12.2124 19920
12.2124 20024
12.2124 20127
12.2127 20230
12.2127 20332
12.2127 20433
12.2127 20534
12.2127 20634
12.2127 20734
12.213 20834
12.2131 20933
12.2131 21032
12.2131 21130
12.2131 21228
12.2131 21325
12.2131 21422
12.2134 21518
12.2134 21614
12.2134 21709
12.2134 21804
12.2134 21899
12.2134 21993
12.2134 22087
12.2138 22180
12.2138 22273
12.2138 22366
12.2138 22458
12.2138 22550
12.2138 22641
12.2138 22732
12.2141 22823
12.2141 22913
12.2142 23003
12.2142 23093
12.2142 23182
12.2142 23271
12.2142 23360
12.2145 23448
12.2145 23536
12.2145 23624
12.2145 23711
12.2145 23798
12.2145 23885
12.2145 23971
12.2145 24057
12.2148 24143
12.2148 24228
12.2148 24313
12.2148 24398
12.2148 24482
12.2148 24566
12.2148 24650
12.2148 24734
12.2152 24817
12.2152 24900
12.2152 24983
12.2152 25066
12.2152 25148
12.2152 25230
12.2152 25312
12.2152 25393
12.2155 25474
12.2155 25555
12.2156 25636
12.2156 25716
12.2156 25796
12.2156 25876
12.2156 25956
12.2156 26035
12.2159 26114
12.2159 12240
12.2167 12409
12.2167 12576
12.217 12740
12.217 12902
12.217 13062
12.217 13220
12.2174 13376
12.2174 13531
12.2174 13684
12.2178 5760
12.2181 6120
12.2181 6458
12.2185 6779
12.2185 7084
12.2188 7376
12.2188 7657
12.2192 7927
12.2192 8188
12.2196 8441
12.2196 8686
12.22 8924
12.22 9156
12.2203 9382
12.2203 3600
12.2207 4176
12.221 4672
12.2214 5115
12.2218 5520
12.2221 5895
12.2225 6246
12.2225 6577
12.2229 6892
12.2232 2880
12.2236 3600
12.2239 4176
12.2242 4672
12.2246 5115
12.225 5520
12.2254 5895
12.2257 6246
12.2257 6577
12.2261 6892
12.2261 7192
12.2264 7480
12.2264 7757
12.2268 8024
12.2268 8282
12.2272 8532
12.2272 8775
12.2276 9011
12.2276 9241
12.2276 9465
12.2279 9684
12.228 9898
12.228 10107
12.2283 10312
12.2283 10513
12.2283 10710
12.2286 10903
12.2286 11093
12.2286 11279
12.2289 11462
12.2289 11642
12.2289 11820
12.2292 11995
12.2292 12167
12.2292 12337
12.2292 12505
12.2296 12670
12.2296 12833
12.2296 12994
12.2296 13153
12.23 13310
12.23 13465
12.23 13618
12.23 13770
12.2303 13920
12.2303 14068
12.2303 14215
12.2303 14360
12.2307 14504
12.2307 14646
12.2307 14787
12.2307 14927
12.231 15065
12.231 15202
12.231 15338
12.231 15473
12.231 15607
12.2313 15739
12.2313 15870
12.2313 16000
12.2313 16129
12.2313 16257
12.2317 16384
12.2317 16510
12.2317 16635
12.2317 16759
12.2317 16882
12.2321 17004
12.2321 17125
12.2321 17246
12.2321 17366
12.2321 17485
12.2325 17603
12.2325 7920
12.2332 8181
12.2335 8434
12.2335 8679
12.2339 8917
12.2343 3600
12.2353 4176
12.2357 4672
12.236 5115
12.2364 5520
12.2367 5895
12.2371 6246
12.2375 6577
12.2386 2880
12.2393 3600
12.2397 4176
12.24 4672
12.2403 5115
12.2406 5520
12.2409 5895
12.2412 6246
12.2412 6577
12.2416 6892
12.242 2880
12.2423 3600
12.2427 4176
12.2431 4672
12.2435 5115
12.2438 5520
12.2442 5895
12.2446 6246
12.2453 2880
12.246 3600
12.2464 4176
12.2468 4672
12.2471 5115
12.2475 5520
12.2478 5895
12.2482 6246
12.2482 6577
12.2486 6892
12.2486 7192
12.2489 7480
12.2489 7757
12.2493 8024
12.2493 8282
12.2496 8532
12.2496 8775
12.25 9011
12.2504 3600
12.2511 4176
12.2514 4672
12.2518 5115
12.2525 2880
12.2529 3600
12.2532 4176
12.2536 4672
12.254 5115
12.2547 2880
12.2551 3600
12.2554 4176
12.2558 4672
12.2562 5115
12.2569 2880
12.2573 3600
12.2576 4176
12.258 4672
12.2583 5115
12.2587 5520
12.2591 5895
12.2595 6246
12.2595 6577
12.2598 6892
12.2598 7192
12.2602 7480
12.2602 7757
12.2606 8024
12.2609 2880
12.2613 3600
12.2616 4176
12.2619 4672
12.2623 5115
12.2631 2880
12.2634 3600
12.2638 4176
12.2641 4672
12.2645 5115
12.2649 5520
12.2652 5895
12.2656 6246
12.266 6577
12.2663 2880
12.2667 3600
12.2671 4176
12.2674 4672
12.2678 5115
12.2681 5520
12.2685 5895
12.2689 2880
12.2693 3600
12.2696 4176
12.27 4672
12.2703 5115
