1 8532
1.00429 8775
1.01834 9011
1.03238 9241
1.04642 9465
1.06779 3600
1.1029 4176
1.11694 4672
1.12964 5115
1.14353 5520
1.15817 5895
1.17207 6246
1.18551 6577
1.19986 6892
1.21465 7192
1.22884 7480
1.24303 7757
1.25708 8024
1.27112 8282
1.28531 8532
1.29995 8775
1.31415 9011
1.32834 9241
1.34238 9465
1.36405 3600
1.39901 4176
1.4132 4672
1.4259 5115
1.43994 5520
1.45279 5895
1.46534 6246
1.47176 6577
1.47804 6892
1.49089 7192
1.50314 7480
1.51524 7757
1.52779 8024
1.54034 8282
1.55229 8532
1.56409 8775
1.57545 9011
1.5874 9241
1.59875 9465
1.61055 9684
1.62266 9898
1.63476 10107
1.64641 10312
1.65896 10513
1.6727 10710
1.686 10903
1.70602 4320
1.73904 4800
1.75219 5232
1.76503 5628
1.77758 5996
1.79013 6341
1.80268 6668
1.81553 6978
1.82793 7275
1.84078 7560
1.85333 7834
1.86588 8098
1.87858 8354
1.89113 8602
1.90382 8843
1.91623 9077
1.92907 9305
1.94177 9527
1.95432 9744
1.96687 9956
1.97957 10164
1.99212 10368
2.00482 10568
2.01752 10764
2.03619 4320
2.07399 4800
2.08654 5232
2.09909 5628
2.11164 5996
2.12419 6341
2.13674 6668
2.14914 6978
2.16139 7275
2.17424 7560
2.18694 7834
2.19993 8098
2.21278 8354
2.22578 8602
2.23833 8843
2.25118 9077
2.26432 9305
2.27747 9527
2.29674 3600
2.32244 4176
2.33514 4672
2.34784 5115
2.36143 5520
2.37518 5895
2.38877 6246
2.40237 6577
2.41611 6892
2.43001 7192
2.44345 7480
2.4569 7757
2.47035 8024
2.48379 8282
2.49709 8532
2.51053 8775
2.52398 9011
2.53728 9241
2.55072 9465
2.57104 3600
2.60466 4176
2.61765 4672
2.63035 5115
2.64425 5520
2.65829 5895
2.67174 6246
2.68563 6577
2.69952 6892
2.71402 7192
2.72806 7480
2.7421 7757
2.7563 8024
2.77034 8282
2.78423 8532
2.79813 8775
2.81217 9011
2.82651 9241
2.84056 9465
2.86162 3600
2.89688 4176
2.91003 4672
2.92288 5115
2.93707 5520
2.95096 5895
2.96486 6246
2.97875 6577
2.99235 6892
3.00624 7192
3.01998 7480
3.03373 7757
3.04732 8024
3.06107 8282
3.07496 8532
3.08871 8775
3.1023 9011
3.1162 9241
3.12979 9465
3.15056 3600
3.18447 4176
3.19807 4672
3.21092 5115
3.22526 5520
3.23945 5895
3.25305 6246
3.26694 6577
3.28054 6892
3.29413 7192
3.30788 7480
3.32177 7757
3.33552 8024
3.34911 8282
3.36286 8532
3.37675 8775
3.39035 9011
3.40439 9241
3.41798 9465
3.43875 3600
3.47266 4176
3.48626 4672
3.49911 5115
3.5136 5520
3.52764 5895
3.54139 6246
3.55513 6577
3.56873 6892
3.58262 7192
3.59637 7480
3.61011 7757
3.62386 8024
3.6373 8282
3.6512 8532
3.66494 8775
3.67869 9011
3.69258 9241
3.70617 9465
3.72694 3600
3.76085 4176
3.77445 4672
3.78715 5115
3.80164 5520
3.81524 5895
3.82943 6246
3.84332 6577
3.85707 6892
3.87096 7192
3.88471 7480
3.89845 7757
3.9122 8024
3.92594 8282
3.93954 8532
3.95358 8775
3.96717 9011
3.98107 9241
3.99466 9465
4.01558 3600
4.04949 4176
4.06339 4672
4.07609 5115
4.09103 5520
4.10477 5895
4.11911 6246
4.13316 6577
4.14705 6892
4.16124 7192
4.17529 7480
4.18933 7757
4.20337 8024
4.21742 8282
4.23116 8532
4.24565 8775
4.2597 9011
4.27389 9241
4.28778 9465
4.30915 3600
4.34396 4176
4.3577 4672
4.37055 5115
4.38549 5520
4.39924 5895
4.41373 6246
4.42777 6577
4.44196 6892
4.45616 7192
4.4702 7480
4.48424 7757
4.49829 8024
4.51233 8282
4.52638 8532
4.54057 8775
4.55461 9011
4.5688 9241
4.5827 9465
4.60376 3600
4.63842 4176
4.65247 4672
4.66517 5115
4.68011 5520
4.6937 5895
4.70804 6246
4.72209 6577
4.73613 6892
4.75032 7192
4.76452 7480
4.77901 7757
4.7932 8024
4.80725 8282
4.82114 8532
4.83533 8775
4.84923 9011
4.86357 9241
4.87746 9465
4.89853 3600
4.93334 4176
4.94738 4672
4.96023 5115
4.97517 5520
4.98891 5895
5.00326 6246
5.0173 6577
5.03134 6892
5.04554 7192
5.05958 7480
5.07347 7757
5.08737 8024
5.10156 8282
5.1159 8532
5.13025 8775
5.14429 9011
5.15863 9241
5.17238 9465
5.19359 3600
5.22855 4176
5.24259 4672
5.25544 5115
5.27038 5520
5.28428 5895
5.29877 6246
5.31281 6577
5.32685 6892
5.34105 7192
5.35494 7480
5.36928 7757
5.38333 8024
5.39737 8282
5.41127 8532
5.42546 8775
5.43935 9011
5.45355 9241
5.46774 9465
5.4891 3600
5.52421 4176
5.53825 4672
5.55095 5115
5.56604 5520
5.57979 5895
5.59413 6246
5.60817 6577
5.62222 6892
5.63641 7192
5.65015 7480
5.6642 7757
5.67839 8024
5.69258 8282
5.70648 8532
5.72067 8775
5.73442 9011
5.74876 9241
5.76265 9465
5.78357 3600
5.81838 4176
5.83242 4672
5.84527 5115
5.86021 5520
5.87366 5895
5.8886 6246
5.90264 6577
5.91683 6892
5.93102 7192
5.94507 7480
5.95926 7757
5.97315 8024
5.98735 8282
6.00124 8532
6.01543 8775
6.02933 9011
6.04367 9241
6.05757 9465
6.07863 3600
6.11314 4176
6.12719 4672
6.13988 5115
6.15482 5520
6.16812 5895
6.18291 6246
6.1971 6577
6.2113 6892
6.22549 7192
6.23953 7480
6.25373 7757
6.26762 8024
6.28181 8282
6.29571 8532
6.3099 8775
6.32379 9011
6.33784 9241
6.35188 9465
6.37295 3600
6.40746 4176
6.4215 4672
6.4342 5115
6.44914 5520
6.46244 5895
6.47708 6246
6.49127 6577
6.50561 6892
6.51966 7192
6.53385 7480
6.54834 7757
6.56238 8024
6.57658 8282
6.59092 8532
6.60496 8775
6.61901 9011
6.6335 9241
6.64739 9465
6.66846 3600
6.70312 4176
6.71716 4672
6.72986 5115
6.7448 5520
6.75825 5895
6.77289 6246
6.78693 6577
6.80097 6892
6.81517 7192
6.82921 7480
6.8434 7757
6.8573 8024
6.87164 8282
6.88598 8532
6.89988 8775
6.91437 9011
6.92856 9241
6.94246 9465
6.96352 3600
6.99818 4176
7.01223 4672
7.02507 5115
7.04001 5520
7.05346 5895
7.0681 6246
7.08214 6577
7.09619 6892
7.11038 7192
7.12427 7480
7.13847 7757
7.15236 8024
7.16655 8282
7.18075 8532
7.19479 8775
7.20913 9011
7.22333 9241
7.23722 9465
7.25829 3600
7.29339 4176
7.30759 4672
7.32044 5115
7.33538 5520
7.34882 5895
7.36346 6246
7.37751 6577
7.39155 6892
7.40574 7192
7.41964 7480
7.43383 7757
7.44772 8024
7.46192 8282
7.47611 8532
7.49015 8775
7.50449 9011
7.51884 9241
7.53273 9465
7.5535 3600
7.58876 4176
7.60295 4672
7.6161 5115
7.63104 5520
7.64448 5895
7.65912 6246
7.67317 6577
7.68721 6892
7.7014 7192
7.7153 7480
7.72949 7757
7.74323 8024
7.75773 8282
7.77177 8532
7.78566 8775
7.79986 9011
7.8139 9241
7.82779 9465
7.84886 3600
7.88337 4176
7.89741 4672
7.91011 5115
7.92505 5520
7.9385 5895
7.95314 6246
7.96718 6577
7.98108 6892
7.99542 7192
8.00946 7480
8.02366 7757
8.03755 8024
8.05189 8282
8.06594 8532
8.07998 8775
8.09402 9011
8.10792 9241
8.12226 9465
8.14332 3600
8.17784 4176
8.19188 4672
8.20458 5115
8.21952 5520
8.23296 5895
8.24761 6246
8.2615 6577
8.27539 6892
8.28959 7192
8.30393 7480
8.31767 7757
8.33172 8024
8.34606 8282
8.3601 8532
8.37415 8775
8.38834 9011
8.40223 9241
8.41643 9465
8.43749 3600
8.47185 4176
8.4859 4672
8.49875 5115
8.51368 5520
8.52743 5895
8.54207 6246
8.55611 6577
8.57001 6892
8.5842 7192
8.59839 7480
8.61244 7757
8.62633 8024
8.64052 8282
8.65472 8532
8.66876 8775
8.68266 9011
8.6967 9241
8.71119 9465
8.73226 3600
8.76677 4176
8.78081 4672
8.79366 5115
8.8086 5520
8.82249 5895
8.83728 6246
8.85133 6577
8.86537 6892
8.87971 7192
8.89376 7480
8.9078 7757
8.92184 8024
8.93604 8282
8.94978 8532
8.96442 8775
8.97847 9011
8.99221 9241
9.0064 9465
9.02747 3600
9.06183 4176
9.07617 4672
9.08887 5115
9.10396 5520
9.118 5895
9.13235 6246
9.14639 6577
9.16028 6892
9.17433 7192
9.18822 7480
9.20226 7757
9.21646 8024
9.23065 8282
9.24469 8532
9.25904 8775
9.27308 9011
9.28697 9241
9.30117 9465
9.32223 3600
9.35659 4176
9.37064 4672
9.38334 5115
9.39828 5520
9.41217 5895
9.42636 6246
9.44041 6577
9.4546 6892
9.46909 7192
9.48314 7480
9.49703 7757
9.51107 8024
9.52527 8282
9.53931 8532
9.55365 8775
9.56769 9011
9.58159 9241
9.59578 9465
9.61685 3600
9.65121 4176
9.66525 4672
9.6781 5115
9.69304 5520
9.70693 5895
9.72113 6246
9.73532 6577
9.74907 6892
9.76296 7192
9.77745 7480
9.79164 7757
9.80614 8024
9.82033 8282
9.83437 8532
9.84857 8775
9.86261 9011
9.8765 9241
9.8907 9465
9.91176 3600
9.94612 4176
9.96017 4672
9.97301 5115
9.98795 5520
10.002 5895
10.016 6246
10.0299 6577
10.044 6892
10.0579 7192
10.0722 7480
10.0861 7757
10.1003 8024
10.1143 8282
10.1285 8532
10.1426 8775
10.1568 9011
10.1707 9241
10.1849 9465
10.2061 3600
10.2404 4176
10.2545 4672
10.2673 5115
10.2823 5520
10.2963 5895
10.3104 6246
10.3243 6577
10.3383 6892
10.3523 7192
10.3667 7480
10.3807 7757
10.3949 8024
10.4088 8282
10.4229 8532
10.437 8775
10.4511 9011
10.4648 9241
10.4792 9465
10.5007 3600
10.5352 4176
10.5494 4672
10.5622 5115
10.5772 5520
10.5912 5895
10.6053 6246
10.6192 6577
10.6332 6892
10.6477 7192
10.6617 7480
10.6756 7757
10.6898 8024
10.704 8282
10.7181 8532
10.7321 8775
10.7462 9011
10.7602 9241
10.7745 9465
10.7955 3600
10.8306 4176
10.8451 4672
10.8578 5115
10.8727 5520
10.8867 5895
10.9008 6246
10.9147 6577
10.9287 6892
10.9431 7192
10.9571 7480
10.9709 7757
10.9853 8024
10.9995 8282
11.0136 8532
11.0274 8775
11.0412 9011
11.0549 9241
11.0683 9465
11.0885 3600
11.1215 4176
11.1345 4672
11.1472 5115
11.1615 5520
11.1747 5895
11.1881 6246
11.2019 6577
11.2153 6892
11.2294 7192
11.2432 7480
11.257 7757
11.271 8024
11.2848 8282
11.2987 8532
11.3124 8775
11.3262 9011
11.3401 9241
11.3538 9465
11.3744 3600
11.4088 4176
11.4221 4672
11.4348 5115
11.4494 5520
11.4632 5895
11.4768 6246
11.4899 6577
11.5044 6892
11.518 7192
11.5316 7480
11.5455 7757
11.5592 8024
11.5734 8282
11.5872 8532
11.6009 8775
11.6147 9011
11.6284 9241
11.6421 9465
11.6628 3600
11.6971 4176
11.7101 4672
11.7228 5115
11.7375 5520
11.7512 5895
11.765 6246
11.7787 6577
11.7932 6892
11.8072 7192
11.8211 7480
11.835 7757
11.8482 8024
11.8622 8282
11.876 8532
11.8898 8775
11.9036 9011
11.9176 9241
11.9315 9465
11.9521 3600
11.9865 4176
11.9997 4672
12.0125 5115
12.0271 5520
12.0409 5895
12.0542 6246
12.0682 6577
12.0826 6892
12.0966 7192
12.1105 7480
12.1243 7757
12.1377 8024
12.1517 8282
12.1655 8532
12.1794 8775
12.1931 9011
12.2066 9241
12.2203 9465
12.2409 3600
12.2759 4176
12.2889 4672
12.3017 5115
12.3164 5520
12.3301 5895
12.3431 6246
12.3572 6577
12.3715 6892
12.3847 7192
12.399 7480
12.4127 7757
12.4262 8024
12.4402 8282
12.4541 8532
12.4679 8775
12.4816 9011
12.4954 9241
12.509 9465
12.5296 3600
12.5638 4176
12.5769 4672
12.5898 5115
12.6044 5520
12.6182 5895
12.6312 6246
12.6455 6577
12.6599 6892
12.6728 7192
12.6873 7480
12.7011 7757
12.7144 8024
12.7286 8282
12.7423 8532
12.7561 8775
12.7698 9011
12.7837 9241
12.7974 9465
12.8181 3600
12.8524 4176
12.8654 4672
12.8781 5115
12.8928 5520
12.9065 5895
12.9194 6246
12.9344 6577
12.9485 6892
12.9615 7192
12.976 7480
12.9897 7757
13.003 8024
13.0172 8282
13.031 8532
13.0446 8775
13.0584 9011
13.0723 9241
13.0861 9465
13.1067 3600
13.1411 4176
13.1541 4672
13.1668 5115
13.1814 5520
13.1951 5895
13.2078 6246
13.2159 6577
13.2303 6892
13.2442 7192
13.2579 7480
13.2713 7757
13.2852 8024
13.2991 8282
13.3127 8532
13.3266 8775
13.3404 9011
13.354 9241
13.3679 9465
13.3885 3600
13.4228 4176
13.4367 4672
13.4499 5115
13.4636 5520
13.4774 5895
13.4911 6246
13.5046 6577
13.5195 6892
13.5332 7192
13.547 7480
13.5607 7757
13.5743 8024
13.5882 8282
13.6018 8532
13.6154 8775
13.6292 9011
13.6429 9241
13.6571 9465
13.6779 3600
13.7122 4176
13.7261 4672
13.7391 5115
13.7538 5520
13.7675 5895
13.7812 6246
13.7944 6577
13.8092 6892
13.8229 7192
13.8367 7480
13.8504 7757
13.8642 8024
13.8779 8282
13.8915 8532
13.9055 8775
13.9193 9011
13.9332 9241
13.9469 9465
13.9674 3600
14.0021 4176
14.0161 4672
14.0292 5115
14.0439 5520
14.0576 5895
14.0714 6246
14.0842 6577
14.0989 6892
14.1125 7192
14.1264 7480
14.1401 7757
14.1538 8024
14.1676 8282
14.1813 8532
14.1951 8775
14.2088 9011
14.2226 9241
14.2363 9465
14.2569 3600
14.2914 4176
14.3053 4672
14.3185 5115
14.3333 5520
14.3473 5895
14.3611 6246
14.3747 6577
14.3888 6892
14.4024 7192
14.4163 7480
14.4301 7757
14.4438 8024
14.4576 8282
14.4713 8532
14.4849 8775
14.4987 9011
14.5125 9241
14.5261 9465
14.5466 3600
14.5816 4176
14.5955 4672
14.6086 5115
14.6233 5520
14.637 5895
14.6507 6246
14.6637 6577
14.6781 6892
14.6917 7192
14.7065 7480
14.7202 7757
14.734 8024
14.7477 8282
14.7614 8532
14.7752 8775
14.7888 9011
14.8027 9241
14.8163 9465
14.837 3600
14.8713 4176
14.8851 4672
14.8983 5115
14.9129 5520
14.9267 5895
14.9404 6246
14.954 6577
14.9679 6892
14.9809 7192
14.9956 7480
15.009 7757
15.0229 8024
15.0368 8282
15.0505 8532
15.0643 8775
15.0779 9011
15.0918 9241
15.1054 9465
15.126 3600
15.1605 4176
15.1744 4672
15.1877 5115
15.2026 5520
15.2164 5895
15.2301 6246
15.2439 6577
15.2576 6892
15.2704 7192
15.2851 7480
15.2988 7757
15.3126 8024
15.3263 8282
15.3401 8532
15.3538 8775
15.3673 9011
15.3812 9241
15.395 9465
15.4161 3600
15.4505 4176
15.4642 4672
15.4777 5115
15.4923 5520
15.5061 5895
15.5198 6246
15.5335 6577
15.5473 6892
15.5601 7192
15.5748 7480
15.5885 7757
15.6023 8024
15.616 8282
15.6298 8532
15.6435 8775
15.6574 9011
15.6708 9241
15.6844 9465
15.7051 3600
15.7397 4176
15.7535 4672
15.7671 5115
15.7817 5520
15.7954 5895
15.8092 6246
15.8229 6577
15.8367 6892
15.8497 7192
15.8642 7480
15.8779 7757
15.8917 8024
15.9054 8282
15.9191 8532
15.9329 8775
15.9466 9011
15.9604 9241
15.974 9465
15.9947 3600
16.0289 4176
16.0427 4672
16.0561 5115
16.0708 5520
16.0847 5895
16.0984 6246
16.1122 6577
16.1259 6892
16.1391 7192
16.1534 7480
16.1671 7757
16.1809 8024
16.1946 8282
16.2084 8532
16.2221 8775
16.2359 9011
16.2496 9241
16.2632 9465
16.284 3600
16.3183 4176
16.3321 4672
16.3455 5115
16.3602 5520
16.3741 5895
16.3875 6246
16.4013 6577
16.415 6892
16.4283 7192
16.4426 7480
16.4564 7757
16.4701 8024
16.4839 8282
16.4976 8532
16.5114 8775
16.5251 9011
16.5388 9241
16.5524 9465
16.5732 3600
16.6076 4176
16.6213 4672
16.6346 5115
16.6493 5520
16.663 5895
16.6767 6246
16.6905 6577
16.7042 6892
16.7175 7192
16.7319 7480
16.7453 7757
16.7591 8024
16.7728 8282
16.7866 8532
16.8004 8775
16.8142 9011
16.8279 9241
16.8415 9465
16.8623 3600
16.8967 4176
16.9104 4672
16.9235 5115
16.9382 5520
16.9519 5895
16.9657 6246
16.9794 6577
16.9932 6892
17.0065 7192
17.0207 7480
17.0344 7757
17.0481 8024
17.0619 8282
17.0756 8532
17.0895 8775
17.103 9011
17.1167 9241
17.1303 9465
17.1511 3600
17.1856 4176
17.1993 4672
17.2123 5115
17.227 5520
17.2407 5895
17.2545 6246
17.2682 6577
17.282 6892
17.2954 7192
17.3096 7480
17.3233 7757
17.3371 8024
17.3508 8282
17.3646 8532
17.3783 8775
17.3921 9011
17.4058 9241
17.4194 9465
17.44 3600
17.4744 4176
17.4881 4672
17.501 5115
17.5158 5520
17.5295 5895
17.5436 6246
17.5573 6577
17.571 6892
17.5848 7192
17.5985 7480
17.6123 7757
17.626 8024
17.6398 8282
17.6535 8532
17.6673 8775
17.681 9011
17.6947 9241
17.7083 9465
17.7291 3600
17.7635 4176
17.7772 4672
17.7902 5115
17.805 5520
17.8187 5895
17.8325 6246
17.8462 6577
17.8601 6892
17.8739 7192
17.8879 7480
17.9015 7757
17.9154 8024
17.9292 8282
17.9429 8532
17.9566 8775
17.9704 9011
17.9841 9241
17.9977 9465
18.0182 3600
18.053 4176
18.0668 4672
18.0796 5115
18.0942 5520
18.108 5895
18.1217 6246
18.1353 6577
18.1491 6892
18.1628 7192
18.1766 7480
18.1902 7757
18.2039 8024
18.2179 8282
18.232 8532
18.2433 8775
18.2571 9011
18.2732 9241
18.2868 9465
18.3007 9684
18.3134 9898
18.3282 10107
18.3419 10312
18.3557 10513
18.3763 4320
18.4107 4800
18.4244 5232
18.4382 5628
18.4523 5996
18.4661 6341
18.4798 6668
18.4934 6978
18.5072 7275
18.5209 7560
18.5347 7834
18.5462 8098
18.5626 8354
18.5765 8602
18.5902 8843
18.6029 9077
18.6177 9305
18.6315 9527
18.6452 9744
18.659 9956
18.6796 3600
18.7071 4176
18.7199 4672
18.7328 5115
18.7477 5520
18.7615 5895
18.7752 6246
18.7889 6577
18.8027 6892
18.8164 7192
18.8302 7480
18.8435 7757
18.8577 8024
18.8714 8282
18.8847 8532
18.8989 8775
18.9126 9011
18.9264 9241
18.9401 9465
18.9608 3600
18.9951 4176
19.0089 4672
19.022 5115
19.0369 5520
19.0511 5895
19.0649 6246
19.0786 6577
19.0924 6892
19.1061 7192
19.1199 7480
19.1333 7757
19.1474 8024
19.1611 8282
19.1742 8532
19.1868 8775
19.2008 9011
19.2164 9241
19.2298 9465
19.2507 3600
19.2851 4176
19.2988 4672
19.312 5115
19.3268 5520
19.3405 5895
19.3544 6246
19.3682 6577
19.3819 6892
19.3957 7192
19.4094 7480
19.4234 7757
19.4372 8024
19.4509 8282
19.4645 8532
19.4793 8775
19.4914 9011
19.5073 9241
19.5211 9465
19.5347 9684
19.5485 9898
19.5625 10107
19.5764 10312
19.5899 10513
19.6027 10710
19.6245 4320
19.6589 4800
19.6726 5232
19.6865 5628
19.7003 5996
19.714 6341
19.7276 6668
19.7417 6978
19.7542 7275
19.7692 7560
19.7811 7834
19.7968 8098
19.8105 8354
19.8243 8602
19.8379 8843
19.8519 9077
19.8657 9305
19.8794 9527
19.8924 9744
19.9136 3600
19.9411 4176
19.9541 4672
19.9668 5115
19.9809 5520
19.9946 5895
20.0086 6246
20.0222 6577
20.0361 6892
20.0511 7192
20.0648 7480
20.0787 7757
20.0925 8024
20.1062 8282
20.1199 8532
20.1337 8775
20.1479 9011
20.1615 9241
20.1754 9465
20.196 3600
20.2303 4176
20.2445 4672
20.2574 5115
20.2711 5520
20.2846 5895
20.2988 6246
20.3127 6577
20.3264 6892
20.3406 7192
20.3543 7480
20.3681 7757
20.3818 8024
20.3956 8282
20.4093 8532
20.4228 8775
20.437 9011
20.4506 9241
20.4645 9465
20.4851 3600
20.5194 4176
20.5336 4672
20.5465 5115
20.5602 5520
20.5738 5895
20.5879 6246
20.6016 6577
20.6153 6892
20.6285 7192
20.643 7480
20.6567 7757
20.6706 8024
20.6847 8282
20.6986 8532
20.7122 8775
20.7264 9011
20.7399 9241
20.7538 9465
20.7745 3600
20.8087 4176
20.8218 4672
20.835 5115
20.8487 5520
20.8619 5895
20.8756 6246
20.8891 6577
20.9025 6892
20.9155 7192
20.9297 7480
20.9431 7757
20.9563 8024
20.9693 8282
20.9813 8532
