1 9077
1.00067 9305
1.01457 9527
1.02861 9744
1.0428 9956
1.05685 10164
1.07089 10368
1.08523 10568
1.09928 10764
1.12034 4320
1.15485 4800
1.17353 5232
1.19205 5628
1.21013 5996
1.22866 6341
1.23538 6668
1.24733 6978
1.26511 7275
1.28005 7560
1.29619 7834
1.31023 8098
1.32427 8354
1.33832 8602
1.35236 8843
1.3664 9077
1.38045 9305
1.39449 9527
1.40838 9744
1.42168 9956
1.43572 10164
1.44902 10368
1.46306 10568
1.47651 10764
1.49743 4320
1.53238 4800
1.55091 5232
1.57048 5628
1.58901 5996
1.60753 6341
1.6162 6668
1.62621 6978
1.64309 7275
1.65922 7560
1.67342 7834
1.68716 8098
1.70091 8354
1.71465 8602
1.7284 8843
1.74214 9077
1.75589 9305
1.76963 9527
1.78308 9744
1.79637 9956
1.80982 10164
1.82297 10368
1.83641 10568
1.84986 10764
1.86898 4320
1.90006 4800
1.91903 5232
1.93621 5628
1.95324 5996
1.97177 6341
1.97879 6668
1.99044 6978
1.99761 7275
2.00912 7560
2.01629 7834
2.02973 8098
2.04288 8354
2.05603 8602
2.06918 8843
2.08232 9077
2.09547 9305
2.10862 9527
2.12176 9744
2.13491 9956
2.14806 10164
2.16121 10368
2.17405 10568
2.18735 10764
2.20677 4320
2.24636 4800
2.25936 5232
2.27804 5628
2.29716 5996
2.31419 6341
2.31449 6668
2.33286 6978
2.35049 7275
2.36439 7560
2.37888 7834
2.39218 8098
2.40532 8354
2.41847 8602
2.43162 8843
2.44476 9077
2.45791 9305
2.47106 9527
2.48421 9744
2.49735 9956
2.5105 10164
2.52365 10368
2.5365 10568
2.54964 10764
2.56906 4320
2.60821 4800
2.6215 5232
2.64003 5628
2.65766 5996
2.67574 6341
2.67603 6668
2.69441 6978
2.71159 7275
2.72668 7560
2.74207 7834
2.75551 8098
2.76896 8354
2.78241 8602
2.796 8843
2.80945 9077
2.82304 9305
2.83649 9527
2.85023 9744
2.86398 9956
2.87757 10164
2.89132 10368
2.90521 10568
2.91836 10764
2.93928 4320
2.97364 4800
2.99276 5232
3.01129 5628
3.02936 5996
3.04789 6341
3.05312 6668
3.07523 6978
3.09181 7275
3.10825 7560
3.12229 7834
3.13663 8098
3.15067 8354
3.16472 8602
3.17876 8843
3.19281 9077
3.20685 9305
3.22089 9527
3.23494 9744
3.24943 9956
3.26257 10164
3.27647 10368
3.29066 10568
3.30471 10764
3.32562 4320
3.35699 4800
3.37567 5232
3.3942 5628
3.41287 5996
3.4314 6341
3.43916 6668
3.45007 6978
3.46546 7275
3.48129 7560
3.49594 7834
3.50998 8098
3.52402 8354
3.53807 8602
3.55211 8843
3.56615 9077
3.5802 9305
3.59424 9527
3.60799 9744
3.62203 9956
3.63547 10164
3.64907 10368
3.66341 10568
3.67746 10764
3.69867 4320
3.73034 4800
3.75006 5232
3.76874 5628
3.78652 5996
3.80504 6341
3.81341 6668
3.82372 6978
3.8403 7275
3.85554 7560
3.86958 7834
3.88363 8098
3.89767 8354
3.91171 8602
3.92576 8843
3.9398 9077
3.95384 9305
3.96789 9527
3.98178 9744
3.99582 9956
4.00912 10164
4.02331 10368
4.03706 10568
4.0508 10764
4.07202 4320
4.10653 4800
4.12685 5232
4.14433 5628
4.16255 5996
4.18108 6341
4.19049 6668
4.19975 6978
4.20932 7275
4.21843 7560
4.22799 7834
4.24233 8098
4.25638 8354
4.27042 8602
4.28446 8843
4.29821 9077
4.31225 9305
4.3263 9527
4.34034 9744
4.35423 9956
4.36843 10164
4.38217 10368
4.39636 10568
4.41026 10764
4.43147 4320
4.46673 4800
4.4863 5232
4.50542 5628
4.52246 5996
4.54098 6341
4.55099 6668
4.56952 6978
4.5855 7275
4.60224 7560
4.61703 7834
4.63107 8098
4.64511 8354
4.65916 8602
4.6732 8843
4.68724 9077
4.70129 9305
4.71533 9527
4.72982 9744
4.74282 9956
4.75701 10164
4.77091 10368
4.78495 10568
4.7987 10764
4.82021 4320
4.85263 4800
4.87459 5232
4.89431 5628
4.91209 5996
4.93061 6341
4.93988 6668
4.94929 6978
4.9593 7275
4.96796 7560
4.97797 7834
4.99217 8098
5.00636 8354
5.0207 8602
5.03475 8843
5.04879 9077
5.06298 9305
5.07703 9527
5.09107 9744
5.10511 9956
5.11916 10164
5.1332 10368
5.14739 10568
5.16159 10764
5.1828 4320
5.21821 4800
5.23718 5232
5.2566 5628
5.27438 5996
5.29291 6341
5.30008 6668
5.3204 6978
5.33578 7275
5.35192 7560
5.36776 7834
5.3815 8098
5.39584 8354
5.40989 8602
5.42393 8843
5.43797 9077
5.45202 9305
5.46606 9527
5.4801 9744
5.49415 9956
5.50819 10164
5.52179 10368
5.53613 10568
5.55032 10764
5.57139 4320
5.60321 4800
5.62353 5232
5.64205 5628
5.66043 5996
5.6791 6341
5.68792 6668
5.69778 6978
5.71406 7275
5.7305 7560
5.74484 7834
5.75888 8098
5.77293 8354
5.78697 8602
5.80101 8843
5.81506 9077
5.8291 9305
5.84314 9527
5.85689 9744
5.87048 9956
5.88453 10164
5.89842 10368
5.91246 10568
5.92755 10764
5.94847 4320
5.98238 4800
6.0021 5232
6.01958 5628
6.03811 5996
6.05663 6341
6.06635 6668
6.07531 6978
6.08502 7275
6.09398 7560
6.1037 7834
6.11849 8098
6.13253 8354
6.14657 8602
6.16062 8843
6.17466 9077
6.1887 9305
6.20275 9527
6.21679 9744
6.23083 9956
6.24428 10164
6.25832 10368
6.27207 10568
6.28611 10764
6.30763 4320
6.34303 4800
6.36156 5232
6.38008 5628
6.39771 5996
6.41624 6341
6.4249 6668
6.43491 6978
6.45254 7275
6.46987 7560
6.48541 7834
6.49945 8098
6.5135 8354
6.52754 8602
6.54158 8843
6.55563 9077
6.56967 9305
6.58371 9527
6.59776 9744
6.61165 9956
6.62555 10164
6.63899 10368
6.65304 10568
6.66693 10764
6.68829 4320
6.7228 4800
6.74193 5232
6.75986 5628
6.77674 5996
6.79541 6341
6.80602 6668
6.8241 6978
6.84217 7275
6.85652 7560
6.87086 7834
6.8849 8098
6.89895 8354
6.91299 8602
6.92703 8843
6.94108 9077
6.95512 9305
6.96916 9527
6.98306 9744
6.99725 9956
7.011 10164
7.02504 10368
7.03923 10568
7.05328 10764
7.07509 4320
7.10736 4800
7.12708 5232
7.14411 5628
7.16264 5996
7.18116 6341
7.19117 6668
7.19984 6978
7.21 7275
7.21851 7560
7.22867 7834
7.24271 8098
7.25676 8354
7.2708 8602
7.28484 8843
7.29889 9077
7.31293 9305
7.32697 9527
7.34087 9744
7.35491 9956
7.36851 10164
7.38225 10368
7.3957 10568
7.41019 10764
7.43155 4320
7.46711 4800
7.48638 5232
7.50491 5628
7.52284 5996
7.54136 6341
7.54823 6668
7.56885 6978
7.58633 7275
7.60336 7560
7.61741 7834
7.6316 8098
7.64594 8354
7.65998 8602
7.67403 8843
7.68822 9077
7.70226 9305
7.71631 9527
7.7305 9744
7.74454 9956
7.75799 10164
7.77188 10368
7.78593 10568
7.80027 10764
7.82163 4320
7.85405 4800
7.87288 5232
7.8914 5628
7.90993 5996
7.9286 6341
7.93876 6668
7.94728 6978
7.95774 7275
7.97492 7560
7.99031 7834
8.00435 8098
8.01839 8354
8.03274 8602
8.04678 8843
8.06082 9077
8.07487 9305
8.08891 9527
8.10295 9744
8.11715 9956
8.13059 10164
8.14478 10368
8.15853 10568
8.17272 10764
8.19409 4320
8.22651 4800
8.24817 5232
8.26699 5628
8.28537 5996
8.30389 6341
8.31226 6668
8.32257 6978
8.3396 7275
8.35379 7560
8.36784 7834
8.38188 8098
8.39592 8354
8.40997 8602
8.42401 8843
8.43805 9077
8.4521 9305
8.46614 9527
8.48004 9744
8.49363 9956
8.50797 10164
8.52247 10368
8.53591 10568
8.5507 10764
8.57207 4320
8.60478 4800
8.62465 5232
8.64198 5628
8.66036 5996
8.67889 6341
8.68695 6668
8.69756 6978
8.7131 7275
8.72983 7560
8.74387 7834
8.75792 8098
8.77196 8354
8.78601 8602
8.80005 8843
8.81409 9077
8.82814 9305
8.84218 9527
8.85577 9744
8.86952 9956
8.88267 10164
8.89596 10368
8.91045 10568
8.9245 10764
8.94586 4320
8.97813 4800
8.9974 5232
9.01503 5628
9.03281 5996
9.05134 6341
9.0606 6668
9.07001 6978
9.07928 7275
9.08869 7560
9.09795 7834
9.11274 8098
9.12678 8354
9.14083 8602
9.15487 8843
9.16891 9077
9.18296 9305
9.197 9527
9.21105 9744
9.22494 9956
9.23913 10164
9.25243 10368
9.26617 10568
9.27992 10764
9.30039 4320
9.33579 4800
9.35432 5232
9.37284 5628
9.39167 5996
9.4099 6341
9.41019 6668
9.42857 6978
9.44396 7275
9.46144 7560
9.47787 7834
9.49192 8098
9.50596 8354
9.52 8602
9.53405 8843
9.54809 9077
9.56213 9305
9.57618 9527
9.59022 9744
9.60426 9956
9.61816 10164
9.6322 10368
9.64535 10568
9.65909 10764
9.68001 4320
9.71601 4800
9.73469 5232
9.75351 5628
9.77025 5996
9.78877 6341
9.79131 6668
9.80745 6978
9.82358 7275
9.84106 7560
9.85675 7834
9.87079 8098
9.88483 8354
9.89888 8602
9.91292 8843
9.92697 9077
9.94101 9305
9.95505 9527
9.9691 9744
9.98254 9956
9.99673 10164
10.0102 10368
10.0236 10568
10.0377 10764
10.0587 4320
10.0925 4800
10.1113 5232
10.1298 5628
10.1457 5996
10.1644 6341
10.1723 6668
10.183 6978
10.1992 7275
10.2132 7560
10.2286 7834
10.2428 8098
10.2568 8354
10.2709 8602
10.2849 8843
10.299 9077
10.313 9305
10.3271 9527
10.3411 9744
10.3547 9956
10.3687 10164
10.3832 10368
10.3958 10568
10.4098 10764
10.4309 4320
10.4664 4800
10.4881 5232
10.5059 5628
10.5232 5996
10.5417 6341
10.5516 6668
10.5692 6978
10.5854 7275
10.6015 7560
10.6155 7834
10.6296 8098
10.6436 8354
10.6577 8602
10.6717 8843
10.6858 9077
10.6998 9305
10.7138 9527
10.7273 9744
10.7415 9956
10.7548 10164
10.7685 10368
10.7826 10568
10.7966 10764
10.8175 4320
10.8501 4800
10.8686 5232
10.8866 5628
10.9051 5996
10.9236 6341
10.9332 6668
10.9423 6978
10.952 7275
10.961 7560
10.9707 7834
10.9847 8098
10.9988 8354
11.0198 8602
11.0339 8843
11.0481 9077
11.0622 9305
11.0763 9527
11.0903 9744
11.1038 9956
11.1176 10164
11.1317 10368
11.1457 10568
11.1581 10764
11.1796 4320
11.2158 4800
11.2366 5232
11.2551 5628
11.2721 5996
11.2909 6341
11.3007 6668
11.3178 6978
11.3361 7275
11.3513 7560
11.3654 7834
11.3794 8098
11.3934 8354
11.4075 8602
11.4215 8843
11.4356 9077
11.4496 9305
11.4637 9527
11.4775 9744
11.4917 9956
11.5053 10164
11.5188 10368
11.5321 10568
11.5467 10764
11.5678 4320
11.6021 4800
11.6214 5232
11.639 5628
11.6577 5996
11.6762 6341
11.6843 6668
11.6951 6978
11.7037 7275
11.7137 7560
11.7224 7834
11.7365 8098
11.7505 8354
11.7645 8602
11.7786 8843
11.7926 9077
11.8067 9305
11.8207 9527
11.8348 9744
11.8488 9956
11.8621 10164
11.8763 10368
11.8903 10568
11.9044 10764
11.9253 4320
11.961 4800
11.9797 5232
11.999 5628
12.0158 5996
12.0344 6341
12.0427 6668
12.053 6978
12.0714 7275
12.0896 7560
12.1044 7834
12.1185 8098
12.1325 8354
12.1466 8602
12.1606 8843
12.1746 9077
12.1887 9305
12.2027 9527
12.2166 9744
12.2308 9956
12.2453 10164
12.258 10368
12.2722 10568
12.2862 10764
12.3079 4320
12.3409 4800
12.3597 5232
12.3772 5628
12.394 5996
12.4128 6341
12.4234 6668
12.4385 6978
12.4554 7275
12.4716 7560
12.4858 7834
12.4999 8098
12.5139 8354
12.528 8602
12.542 8843
12.5561 9077
12.5701 9305
12.5841 9527
12.5982 9744
12.6121 9956
12.6261 10164
12.6402 10368
12.6529 10568
12.6677 10764
12.6895 4320
12.7211 4800
12.7398 5232
12.7569 5628
12.7754 5996
12.7939 6341
12.8041 6668
12.8126 6978
12.823 7275
12.8313 7560
12.8417 7834
12.8564 8098
12.8704 8354
12.8844 8602
12.8985 8843
12.9125 9077
12.9266 9305
12.9406 9527
12.9547 9744
12.9686 9956
12.9832 10164
12.9963 10368
13.0101 10568
13.024 10764
13.0452 4320
13.0805 4800
13.099 5232
13.1175 5628
13.1347 5996
13.1532 6341
13.1535 6668
13.1719 6978
13.1885 7275
13.2059 7560
13.221 7834
13.2351 8098
13.2491 8354
13.2632 8602
13.2772 8843
13.2913 9077
13.3053 9305
13.3193 9527
13.3334 9744
13.347 9956
13.361 10164
13.3749 10368
13.3882 10568
13.402 10764
13.4235 4320
13.4599 4800
13.4784 5232
13.497 5628
13.5148 5996
13.5333 6341
13.54 6668
13.552 6978
13.5684 7275
13.5863 7560
13.6019 7834
13.6159 8098
13.6299 8354
13.644 8602
13.658 8843
13.6721 9077
13.6861 9305
13.7002 9527
13.7142 9744
13.7276 9956
13.7417 10164
13.7554 10368
13.768 10568
13.7822 10764
13.8034 4320
13.8357 4800
13.8579 5232
13.8763 5628
13.895 5996
13.9135 6341
13.9229 6668
13.9323 6978
13.9417 7275
13.951 7560
13.9604 7834
13.9751 8098
13.9891 8354
14.0031 8602
14.0172 8843
14.0312 9077
14.0453 9305
14.0593 9527
14.0734 9744
14.0874 9956
14.101 10164
14.115 10368
14.1291 10568
14.1425 10764
14.1637 4320
14.1989 4800
14.2177 5232
14.2362 5628
14.2532 5996
14.2718 6341
14.2734 6668
14.2904 6978
14.3052 7275
14.3229 7560
14.3381 7834
14.3521 8098
14.3662 8354
14.3802 8602
14.3943 8843
14.4083 9077
14.4224 9305
14.4364 9527
14.4504 9744
14.4642 9956
14.4784 10164
14.4926 10368
14.506 10568
14.5192 10764
14.5402 4320
14.5755 4800
14.594 5232
14.6137 5628
14.6306 5996
14.6491 6341
14.6538 6668
14.6678 6978
14.684 7275
14.7014 7560
14.7159 7834
14.73 8098
14.744 8354
14.7581 8602
14.7721 8843
14.7861 9077
14.8002 9305
14.8142 9527
14.8283 9744
14.8419 9956
14.8559 10164
14.8701 10368
14.8832 10568
14.8971 10764
14.9182 4320
14.953 4800
14.9718 5232
14.9919 5628
15.0096 5996
15.0282 6341
15.0373 6668
15.0549 6978
15.0724 7275
15.0884 7560
15.1024 7834
15.1165 8098
15.1305 8354
15.1445 8602
15.1586 8843
15.1726 9077
15.1867 9305
15.2007 9527
15.214 9744
15.2282 9956
15.2421 10164
15.2554 10368
15.2691 10568
15.2835 10764
15.3049 4320
15.3382 4800
15.3567 5232
15.3743 5628
15.393 5996
15.4115 6341
15.4202 6668
15.4302 6978
15.4389 7275
15.4489 7560
15.4575 7834
15.4716 8098
15.4856 8354
15.4997 8602
15.5137 8843
15.5278 9077
15.5418 9305
15.5558 9527
15.5699 9744
15.5836 9956
15.5977 10164
15.6113 10368
15.6244 10568
15.6386 10764
15.6595 4320
15.6954 4800
15.7144 5232
15.7332 5628
15.7496 5996
15.7681 6341
15.7789 6668
15.7964 6978
15.8118 7275
15.8291 7560
15.8433 7834
15.8573 8098
15.8714 8354
15.8854 8602
15.8995 8843
15.9135 9077
15.9275 9305
15.9416 9527
15.9556 9744
15.9697 9956
15.9831 10164
15.9969 10368
16.01 10568
16.0238 10764
16.0454 4320
16.0775 4800
16.0977 5232
16.1141 5628
16.1312 5996
16.1497 6341
16.1603 6668
16.1684 6978
16.1791 7275
16.1945 7560
16.2095 7834
16.2235 8098
16.2376 8354
16.2516 8602
16.2656 8843
16.2797 9077
16.2937 9305
16.3078 9527
16.3217 9744
16.3357 9956
16.3495 10164
16.3635 10368
16.3769 10568
16.3908 10764
16.4123 4320
16.4464 4800
16.4649 5232
16.4832 5628
16.4996 5996
16.5183 6341
16.5278 6668
16.5369 6978
16.5465 7275
16.5556 7560
16.5652 7834
16.5803 8098
16.5943 8354
16.6084 8602
16.6224 8843
16.6364 9077
16.6505 9305
16.6645 9527
16.6786 9744
16.6926 9956
16.7065 10164
16.7204 10368
16.7342 10568
16.748 10764
16.769 4320
16.8045 4800
16.823 5232
16.8422 5628
16.8593 5996
16.8767 6341
16.877 6668
16.8954 6978
16.9113 7275
16.9288 7560
16.9464 7834
16.9605 8098
16.9747 8354
16.9887 8602
17.0028 8843
17.0168 9077
17.0309 9305
17.0449 9527
17.0589 9744
17.073 9956
17.0866 10164
17.1005 10368
17.1142 10568
17.1275 10764
17.1492 4320
17.1843 4800
17.2043 5232
17.2228 5628
17.2405 5996
17.2591 6341
17.2702 6668
17.2883 6978
17.3053 7275
17.3208 7560
17.3353 7834
17.3494 8098
17.3634 8354
17.3775 8602
17.3915 8843
17.4056 9077
17.4196 9305
17.4335 9527
17.4477 9744
17.461 9956
17.4747 10164
17.4888 10368
17.503 10568
17.5161 10764
17.5382 4320
17.5723 4800
17.5911 5232
17.6087 5628
17.6276 5996
17.6461 6341
17.6555 6668
17.6648 6978
17.6745 7275
17.6834 7560
17.6931 7834
17.7076 8098
17.7217 8354
17.7357 8602
17.7498 8843
17.7638 9077
17.7779 9305
17.7919 9527
17.8059 9744
17.82 9956
17.8343 10164
17.8473 10368
17.8611 10568
17.8753 10764
17.896 4320
17.932 4800
17.9521 5232
17.9706 5628
17.9882 5996
18.0069 6341
18.0184 6668
18.0345 6978
18.0535 7275
18.0677 7560
18.0817 7834
18.0958 8098
18.1098 8354
18.1239 8602
18.1379 8843
18.1519 9077
18.166 9305
18.18 9527
18.1941 9744
18.2074 9956
18.2214 10164
18.2349 10368
18.2489 10568
18.2618 10764
18.2842 4320
18.3167 4800
18.3356 5232
18.3554 5628
18.3731 5996
18.3916 6341
18.4003 6668
18.4103 6978
18.4189 7275
18.4289 7560
18.4376 7834
18.4519 8098
18.466 8354
18.48 8602
18.4941 8843
18.5081 9077
18.5222 9305
18.5362 9527
18.5502 9744
18.5641 9956
18.5783 10164
18.5924 10368
18.6061 10568
18.619 10764
18.6406 4320
18.676 4800
18.6952 5232
18.7137 5628
18.7324 5996
18.7509 6341
18.7572 6668
18.7696 6978
18.7864 7275
18.8032 7560
18.8189 7834
18.8331 8098
18.8471 8354
18.8611 8602
18.8752 8843
18.8892 9077
18.9033 9305
18.9173 9527
18.9314 9744
18.9448 9956
18.959 10164
18.9724 10368
18.9863 10568
19.0001 10764
19.0215 4320
19.0561 4800
19.0761 5232
19.0941 5628
19.1106 5996
19.1292 6341
19.1375 6668
19.1478 6978
19.1655 7275
19.1837 7560
19.1985 7834
19.2127 8098
19.2267 8354
19.2408 8602
19.2548 8843
19.2689 9077
19.2829 9305
19.2969 9527
19.3108 9744
19.3249 9956
19.3391 10164
19.3516 10368
19.3658 10568
19.3799 10764
19.4017 4320
19.4347 4800
19.4535 5232
19.472 5628
19.4895 5996
19.508 6341
19.5164 6668
19.5354 6978
19.5506 7275
19.5668 7560
19.5808 7834
19.5948 8098
19.6089 8354
19.6229 8602
19.637 8843
19.651 9077
19.6651 9305
19.6791 9527
19.6929 9744
19.7069 9956
19.7209 10164
19.7347 10368
19.7478 10568
19.7626 10764
19.7838 4320
19.8137 4800
19.8324 5232
19.8514 5628
19.8697 5996
19.8884 6341
19.8969 6668
19.9071 6978
19.9244 7275
19.9394 7560
19.9534 7834
19.9674 8098
19.9815 8354
19.9955 8602
20.0096 8843
20.0236 9077
20.0377 9305
20.0517 9527
20.0658 9744
20.0796 9956
20.0937 10164
20.1079 10368
20.1206 10568
20.1352 10764
20.1573 4320
20.1912 4800
20.2108 5232
20.2281 5628
20.2467 5996
20.2652 6341
20.2739 6668
20.2839 6978
20.2929 7275
20.3026 7560
20.3116 7834
20.3249 8098
20.3377 8354
20.3505 8602
20.3632 8843
20.3758 9077
20.3884 9305
20.4009 9527
20.4135 9744
20.426 9956
20.4386 10164
20.4511 10368
20.4637 10568
20.4762 10764
20.4947 4320
20.5322 4800
20.5448 5232
20.5617 5628
20.5762 5996
20.5912 6341
20.5915 6668
20.6099 6978
20.6211 7275
20.6362 7560
20.6485 7834
20.6609 8098
20.6731 8354
20.6854 8602
20.6976 8843
20.7099 9077
20.7221 9305
20.7344 9527
20.7466 9744
20.7589 9956
20.7711 10164
20.7834 10368
20.7956 10568
20.8079 10764
20.8201 10956
20.8324 11145
20.8446 11331
20.8569 11514
20.8691 11694
20.8814 11871
20.8936 12045
20.912 5040
20.955 5451
20.9674 5831
20.9861 6186
20.9866 6521
21.0048 6838
21.0197 7141
21.0321 7431
21.0444 7710
21.0572 7978
21.0696 8237
21.0819 8488
21.0941 8732
21.1064 8969
21.1186 9200
21.1309 9425
21.1431 9645
21.1554 9859
21.1676 10069
21.1799 10274
21.1921 10475
21.2044 10672
21.2166 10866
21.2289 11056
21.2411 11243
21.2534 11427
21.2656 11608
