1 13558
1.01049 13710
1.02221 13861
1.03428 14010
1.04551 14158
1.05699 14304
1.06774 14448
1.07922 14591
1.09057 14733
1.10181 14873
1.11304 15012
1.1244 15150
1.13563 15286
1.14687 15421
1.1581 15555
1.16946 15688
1.18057 15820
1.19181 15951
1.2028 16080
1.21392 16208
1.22515 16335
1.23639 16461
1.2475 16586
1.25874 16711
1.26961 16835
1.28001 16958
1.29017 17080
1.30093 17201
1.31145 17321
1.32125 17440
1.33057 17558
1.34085 17676
1.35125 17793
1.36129 17909
1.37073 18024
1.38005 18139
1.38818 18253
1.39511 18366
1.40479 18478
1.4128 18590
1.42272 18701
1.43097 18811
1.43742 18921
1.44686 19030
1.45642 19138
1.46551 19246
1.47387 19353
1.48164 19460
1.49049 19566
1.5016 19671
1.51188 19776
1.51845 19880
1.52431 19984
1.53136 20087
1.53889 20190
1.5469 20292
1.55455 20394
1.56184 20495
1.56925 20596
1.57797 20696
1.58789 20796
1.59614 20895
1.60499 20994
1.61228 21092
1.6204 21190
1.62985 21287
1.63797 21384
1.64646 21480
1.6553 21576
1.66594 21672
1.67658 21767
1.68578 21862
1.70156 10080
1.81092 10285
1.82968 10486
1.8414 10683
1.85215 10877
1.87104 11067
1.88287 11254
1.89363 11438
1.91239 11619
1.9241 11797
1.93498 11972
1.95375 12145
1.96104 12315
1.97299 12483
1.98303 12649
1.9951 12812
2.00251 12973
2.01446 13132
2.02438 13289
2.03645 13445
2.04386 13599
2.0557 13751
2.06681 13901
2.07852 14050
2.08964 14197
2.10087 14343
2.11175 14487
2.12203 14630
2.13195 14771
2.14283 14911
2.15299 15050
2.15669 15187
2.1635 15323
2.17259 15458
2.18382 15592
2.19446 15724
2.20259 15855
2.20964 15985
2.21884 16114
2.23127 16242
2.24143 16369
2.25004 16495
2.25876 16620
2.27095 16744
2.28111 16867
2.29019 16989
2.2982 17111
2.30956 17232
2.32079 17352
2.32988 17471
2.33884 17589
2.3496 17706
2.36107 17823
2.37099 17939
2.38007 18054
2.39059 18168
2.40207 18282
2.41187 18395
2.42119 18507
2.43159 18619
2.44342 18730
2.4543 18840
2.46505 18950
2.48286 8640
2.55147 8880
2.57107 9113
2.58266 9340
2.5927 9562
2.61254 9778
2.62401 9990
2.63405 10197
2.65389 10400
2.66537 10599
2.67541 10794
2.69513 10986
2.7066 11174
2.71664 11359
2.73636 11541
2.74784 11720
2.75788 11896
2.7776 12070
2.78369 12241
2.79493 12410
2.80533 12577
2.81895 12741
2.82505 12903
2.83628 13063
2.84668 13221
2.8603 13377
2.8664 13532
2.87764 13685
2.88899 13836
2.90154 13985
2.90763 14133
2.91935 14279
2.93022 14424
2.94277 14567
2.94696 14709
2.95843 14849
2.97158 14988
2.97504 15126
2.98413 15263
2.98831 15398
2.99931 15532
3.01293 15665
3.02225 15797
3.03062 15928
3.04018 16058
3.05201 16187
3.06385 16315
3.07114 16442
3.08118 16568
3.09158 16693
3.10353 16817
3.11189 16940
3.12265 17062
3.1358 17183
3.14667 17303
3.15528 17422
3.16556 17541
3.17667 17659
3.18695 17776
3.1958 17892
3.20584 18007
3.21767 18122
3.22914 18236
3.23882 18349
3.24839 18462
3.26213 18574
3.27349 18685
3.28472 18795
3.29524 18905
3.31185 8640
3.37293 8880
3.3985 9113
3.40998 9340
3.41416 9562
3.4401 9778
3.45157 9990
3.46149 10197
3.48145 10400
3.49292 10599
3.50308 10794
3.52268 10986
3.53416 11174
3.54432 11359
3.56392 11541
3.57539 11720
3.58555 11896
3.60515 12070
3.61137 12241
3.62213 12410
3.63372 12577
3.64651 12741
3.65296 12903
3.6636 13063
3.67519 13221
3.68786 13377
3.69432 13532
3.70495 13685
3.71643 13836
3.7291 13985
3.73579 14133
3.7469 14279
3.7579 14424
3.77033 14567
3.77714 14709
3.78826 14849
3.79925 14988
3.8026 15126
3.81168 15263
3.81826 15398
3.82913 15532
3.83989 15665
3.8436 15797
3.85292 15928
3.85961 16058
3.87144 16187
3.88124 16315
3.88973 16442
3.89858 16568
3.90897 16693
3.922 16817
3.93097 16940
3.93897 17062
3.94901 17183
3.96001 17303
3.97148 17422
3.97961 17541
3.99156 17659
4.00304 17776
4.01379 17892
4.02228 18007
4.0328 18122
4.04367 18236
4.05443 18349
4.06244 18462
4.07307 18574
4.0861 18685
4.10092 7920
4.16427 8181
4.18829 8434
4.19977 8679
4.22977 8917
4.24148 9149
4.24638 9375
4.27112 9596
4.28331 9812
4.29574 10023
4.31247 10229
4.32466 10431
4.33733 10629
4.35383 10824
4.3659 11015
4.37857 11203
4.39506 11388
4.40713 11570
4.4198 11749
4.4363 11925
4.44837 12098
4.45375 12269
4.46116 12438
4.47765 12604
4.48984 12768
4.50191 12930
4.51303 13090
4.519 13248
4.53119 13404
4.54351 13558
4.55474 13710
4.56597 13861
4.57709 14010
4.5888 14158
4.59968 14304
4.61079 14448
4.62191 14591
4.63207 14733
4.64115 14873
4.65012 15012
4.65059 15150
4.66052 15286
4.67187 15421
4.68251 15555
4.69135 15688
4.69243 15820
4.70127 15951
4.71346 16080
4.72386 16208
4.73271 16335
4.74071 16461
4.75135 16586
4.76462 16711
4.77334 16835
4.78099 16958
4.79175 17080
4.80179 17201
4.8129 17321
4.82067 17440
4.83215 17558
4.84302 17676
4.8539 17793
4.86238 17909
4.8735 18024
4.88414 18139
4.8943 18253
4.90266 18366
4.91187 18478
4.92453 18590
4.93589 18701
4.94521 18811
4.95609 18921
4.97426 8640
5.03832 8880
5.05828 9113
5.0688 9340
5.08003 9562
5.09987 9778
5.10991 9990
5.1215 10197
5.14122 10400
5.15126 10599
5.16286 10794
5.18246 10986
5.1925 11174
5.20409 11359
5.22381 11541
5.23373 11720
5.24545 11896
5.26517 12070
5.26983 12241
5.28047 12410
5.2868 12577
5.30652 12741
5.31728 12903
5.32827 13063
5.34023 13221
5.34787 13377
5.35863 13532
5.36963 13685
5.38146 13836
5.38911 13985
5.39987 14133
5.41086 14279
5.42269 14424
5.43034 14567
5.4411 14709
5.4521 14849
5.46405 14988
5.46596 15126
5.47158 15263
5.48102 15398
5.49357 15532
5.50516 15665
5.50708 15797
5.51293 15928
5.52237 16058
5.53564 16187
5.54652 16315
5.55321 16442
5.56122 16568
5.57341 16693
5.58632 16817
5.5948 16940
5.60281 17062
5.61464 17183
5.62624 17303
5.6358 17422
5.64381 17541
5.65671 17659
5.66711 17776
5.67751 17892
5.68588 18007
5.69699 18122
5.70727 18236
5.71767 18349
5.72639 18462
5.73775 18574
5.74874 18685
5.7601 18795
5.77038 18905
5.78819 8640
5.85404 8880
5.87305 9113
5.8844 9340
5.89552 9562
5.91512 9778
5.92611 9990
5.93699 10197
5.95659 10400
5.96747 10599
5.97858 10794
5.99782 10986
6.0087 11174
6.01982 11359
6.03906 11541
6.05005 11720
6.06105 11896
6.08029 12070
6.08627 12241
6.09727 12410
6.10814 12577
6.12165 12741
6.13396 12903
6.13862 13063
6.14961 13221
6.163 13377
6.17531 13532
6.18631 13685
6.1973 13836
6.20854 13985
6.22037 14133
6.23268 14279
6.2438 14424
6.2536 14567
6.26244 14709
6.27392 14849
6.28503 14988
6.28838 15126
6.29507 15263
6.30248 15398
6.31407 15532
6.32627 15665
6.32913 15797
6.33619 15928
6.34372 16058
6.35519 16187
6.36774 16315
6.37873 16442
6.38626 16568
6.39654 16693
6.40754 16817
6.41794 16940
6.4263 17062
6.43778 17183
6.44758 17303
6.45881 17422
6.4673 17541
6.47913 17659
6.48905 17776
6.50005 17892
6.50829 18007
6.51881 18122
6.52897 18236
6.54009 18349
6.54941 18462
6.56017 18574
6.5708 18685
6.58825 7920
6.65172 8181
6.67598 8434
6.68769 8679
6.71793 8917
6.72905 9149
6.73419 9375
6.75941 9596
6.77052 9812
6.77566 10023
6.80076 10229
6.81188 10431
6.81701 10629
6.84211 10824
6.85311 11015
6.85825 11203
6.88335 11388
6.89434 11570
6.89948 11749
6.92458 11925
6.93558 12098
6.9412 12269
6.95243 12438
6.96594 12604
6.97693 12768
6.98255 12930
6.99378 13090
7.00729 13248
7.01829 13404
7.0239 13558
7.03514 13710
7.04864 13861
7.05952 14010
7.06526 14158
7.07637 14304
7.09 14448
7.09956 14591
7.10458 14733
7.11593 14873
7.1304 15012
7.13063 15150
7.14079 15286
7.14617 15421
7.15729 15555
7.17175 15688
7.17677 15820
7.18215 15951
7.18753 16080
7.19864 16208
7.2131 16335
7.22374 16461
7.23271 16586
7.24537 16711
7.25386 16835
7.26533 16958
7.27561 17080
7.28733 17201
7.29737 17321
7.3086 17440
7.31924 17558
7.32856 17676
7.33812 17793
7.3484 17909
7.3582 18024
7.36884 18139
7.37936 18253
7.39023 18366
7.40003 18478
7.41175 18590
7.4225 18701
7.43314 18811
7.44437 18921
7.46015 8640
7.51884 8880
7.54405 9113
7.55529 9340
7.55947 9562
7.58589 9778
7.59712 9990
7.60083 10197
7.62724 10400
7.63848 10599
7.64218 10794
7.66847 10986
7.67971 11174
7.68341 11359
7.70971 11541
7.72106 11720
7.72513 11896
7.75094 12070
7.75632 12241
7.76768 12410
7.77748 12577
7.7923 12741
7.79768 12903
7.80903 13063
7.81883 13221
7.83365 13377
7.8456 13532
7.85612 13685
7.86736 13836
7.87847 13985
7.89018 14133
7.90154 14279
7.91194 14424
7.91971 14567
7.9301 14709
7.94158 14849
7.95293 14988
7.95341 15126
7.96082 15263
7.97146 15398
7.98186 15532
7.99357 15665
7.99405 15797
8.00217 15928
8.01281 16058
8.02321 16187
8.03492 16315
8.0452 16442
8.05488 16568
8.06433 16693
8.07652 16817
8.08727 16940
8.09636 17062
8.10652 17183
8.11847 17303
8.12922 17422
8.13962 17541
8.14847 17659
8.15982 17776
8.16986 17892
8.18349 7920
8.24468 8181
8.26978 8434
8.28113 8679
8.31125 8917
8.32249 9149
8.32655 9375
8.35273 9596
8.36456 9812
8.36791 10023
8.39456 10229
8.40591 10431
8.41488 10629
8.43603 10824
8.44715 11015
8.45611 11203
8.47727 11388
8.48838 11570
8.49747 11749
8.5185 11925
8.52962 12098
8.53428 12269
8.54396 12438
8.55986 12604
8.57097 12768
8.57563 12930
8.58531 13090
8.60121 13248
8.61244 13404
8.6232 13558
8.63312 13710
8.64495 13861
8.65583 14010
8.66778 14158
8.67866 14304
8.6893 14448
8.69981 14591
8.71093 14733
8.72085 14873
8.73053 15012
8.7334 15150
8.73925 15286
8.74882 15421
8.75957 15555
8.77033 15688
8.77332 15820
8.78001 15951
8.78945 16080
8.80093 16208
8.81192 16335
8.81909 16461
8.82734 16586
8.83774 16711
8.84539 16835
8.85758 16958
8.86786 17080
8.87933 17201
8.88961 17321
8.89989 17440
8.90897 17558
8.92021 17676
8.9312 17793
8.94196 17909
8.9514 18024
8.96252 18139
8.97316 18253
8.98367 18366
8.993 18478
9.00447 18590
9.0157 18701
9.02694 18811
9.04439 8640
9.10212 8880
9.13176 9113
9.14263 9340
9.14981 9562
9.17311 9778
9.18399 9990
9.19104 10197
9.21447 10400
9.22534 10599
9.23239 10794
9.2557 10986
9.26658 11174
9.27375 11359
9.29693 11541
9.30781 11720
9.3151 11896
9.33829 12070
9.34259 12241
9.34917 12410
9.35658 12577
9.37964 12741
9.3892 12903
9.4008 13063
9.4106 13221
9.421 13377
9.43056 13532
9.44215 13685
9.45327 13836
9.4645 13985
9.47406 14133
9.48458 14279
9.4945 14424
9.50574 14567
9.5153 14709
9.52582 14849
9.53574 14988
9.5404 15126
9.5508 15263
9.55665 15398
9.5655 15532
9.5747 15665
9.579 15797
9.59036 15928
9.59633 16058
9.60685 16187
9.61617 16315
9.62036 16442
9.63171 16568
9.63924 16693
9.64808 16817
9.65741 16940
9.66171 17062
9.67306 17183
9.68179 17303
9.69135 17422
9.70187 17541
9.71346 17659
9.72326 17776
9.73187 17892
9.74274 18007
9.75434 18122
9.76426 18236
9.7731 18349
9.7841 18462
9.79605 18574
9.80681 18685
9.81852 18795
9.83597 8640
9.9041 8880
9.92274 9113
9.93362 9340
9.94533 9562
9.9641 9778
9.97497 9990
9.98692 10197
10.0054 10400
10.0164 10599
10.0283 10794
10.0467 10986
10.0577 11174
10.0695 11359
10.088 11541
10.099 11720
10.1107 11896
10.1294 12070
10.1352 12241
10.1459 12410
10.1521 12577
10.1707 12741
10.1767 12903
10.1872 13063
10.1935 13221
10.2121 13377
10.2181 13532
10.2286 13685
10.2394 13836
10.2535 13985
10.2593 14133
10.2698 14279
10.2806 14424
10.2947 14567
10.3005 14709
10.3111 14849
10.3219 14988
10.3259 15126
10.3371 15263
10.3419 15398
10.3524 15532
10.3633 15665
10.3671 15797
10.3775 15928
10.3815 16058
10.392 16187
10.4035 16315
10.4068 16442
10.4186 16568
10.4226 16693
10.4335 16817
10.4447 16940
10.4489 17062
10.46 17183
10.4698 17303
10.4791 17422
10.4911 17541
10.5018 17659
10.5121 17776
10.522 17892
10.5327 18007
10.5425 18122
10.5534 18236
10.5637 18349
10.5739 18462
10.5848 18574
10.6004 7920
10.6639 8181
10.6879 8434
10.6997 8679
10.7293 8917
10.741 9149
10.7466 9375
10.7711 9596
10.7829 9812
10.7875 10023
10.8124 10229
10.8243 10431
10.8288 10629
10.8538 10824
10.8655 11015
10.8705 11203
10.895 11388
10.9067 11570
10.9118 11749
10.9364 11925
10.948 12098
10.9534 12269
10.9653 12438
10.9777 12604
10.9893 12768
10.9947 12930
11.0067 13090
11.0191 13248
11.0307 13404
11.0361 13558
11.048 13710
11.0645 13861
11.0754 14010
11.0811 14158
11.0923 14304
11.1057 14448
11.1166 14591
11.1223 14733
11.1336 14873
11.1429 15012
11.1431 15150
11.1536 15286
11.1594 15421
11.1715 15555
11.1808 15688
11.1811 15820
11.1909 15951
11.1958 16080
11.2106 16208
11.22 16335
11.2202 16461
11.23 16586
11.2342 16711
11.2519 16835
11.2612 16958
11.2614 17080
11.2714 17201
11.276 17321
11.2932 17440
11.3024 17558
11.3043 17676
11.3167 17793
11.3299 17909
11.3395 18024
11.3467 18139
11.3573 18253
11.367 18366
11.377 18478
11.3844 18590
11.3928 18701
11.4016 18811
11.4129 18921
11.4236 19030
11.4329 19138
11.4416 19246
11.4524 19353
11.4635 19460
11.4748 19566
11.4846 19671
11.4958 19776
11.5048 19880
11.5163 19984
11.5332 8640
11.5924 8880
11.6171 9113
11.6279 9340
11.6339 9562
11.6593 9778
11.6694 9990
11.6752 10197
11.7007 10400
11.7107 10599
11.7166 10794
11.7419 10986
11.7519 11174
11.7578 11359
11.7833 11541
11.7932 11720
11.799 11896
11.8245 12070
11.8293 12241
11.8345 12410
11.8404 12577
11.8658 12741
11.8764 12903
11.8849 13063
11.896 13221
11.9072 13377
11.9177 13532
11.9262 13685
11.9372 13836
11.9484 13985
11.959 14133
11.9674 14279
11.9784 14424
11.9897 14567
12.0002 14709
12.0087 14849
12.0191 14988
12.0193 15126
12.0296 15263
12.04 15398
12.049 15532
12.0585 15665
12.0588 15797
12.0696 15928
12.0799 16058
12.0901 16187
12.0999 16315
12.1025 16442
12.111 16568
12.1211 16693
12.1313 16817
12.1412 16940
12.1452 17062
12.1548 17183
12.1655 17303
12.1743 17422
12.1826 17541
12.1864 17659
12.1961 17776
12.2067 17892
12.2117 18007
12.2197 18122
12.2239 18236
12.2278 18349
12.2374 18462
12.2481 18574
12.2584 18685
12.2664 18795
12.2754 18905
12.2858 19014
12.297 19123
12.3078 19231
12.3172 19338
12.3276 19445
12.3387 19551
12.3497 19657
12.3608 19762
12.3713 19866
12.3882 8640
12.4456 8880
12.4686 9113
12.4801 9340
12.4891 9562
12.5103 9778
12.5217 9990
12.5307 10197
12.5517 10400
12.563 10599
12.5721 10794
12.593 10986
12.6042 11174
12.6133 11359
12.6342 11541
12.6455 11720
12.6546 11896
12.6755 12070
12.6799 12241
12.6868 12410
12.6959 12577
12.7168 12741
12.7266 12903
12.7366 13063
12.7473 13221
12.7582 13377
12.768 13532
12.7779 13685
12.7885 13836
12.7994 13985
12.8092 14133
12.8191 14279
12.8298 14424
12.8407 14567
12.849 14709
12.858 14849
12.8693 14988
12.8696 15126
12.8806 15263
12.8895 15398
12.8989 15532
12.9106 15665
12.9108 15797
12.9219 15928
12.9309 16058
12.9402 16187
12.9519 16315
12.9632 16442
12.9708 16568
12.9799 16693
12.9896 16817
13.0008 16940
13.007 17062
13.0132 17183
13.0229 17303
13.0333 17422
13.0438 17541
13.0503 17659
13.0575 17776
13.0689 17892
13.0797 18007
13.0896 18122
13.0973 18236
13.1089 18349
13.1191 18462
13.1294 18574
13.1386 18685
13.1509 18795
13.1619 18905
13.1726 19014
13.1844 19123
13.2008 8640
13.2618 8880
13.2848 9113
13.2946 9340
13.3037 9562
13.3261 9778
13.3359 9990
13.345 10197
13.3675 10400
13.3773 10599
13.3864 10794
13.4087 10986
13.4185 11174
13.4276 11359
13.45 11541
13.4598 11720
13.4689 11896
13.4912 12070
13.4961 12241
13.5064 12410
13.5159 12577
13.5326 12741
13.5375 12903
13.5477 13063
13.5573 13221
13.5739 13377
13.5844 13532
13.5951 13685
13.6069 13836
13.6177 13985
13.6282 14133
13.6386 14279
13.6493 14424
13.6598 14567
13.6692 14709
13.6786 14849
13.6898 14988
13.6902 15126
13.7008 15263
13.7092 15398
13.718 15532
13.7295 15665
13.73 15797
13.7412 15928
13.7502 16058
13.7598 16187
13.7709 16315
13.7763 16442
13.7907 16568
13.7992 16693
13.8096 16817
13.8173 16940
13.8271 17062
13.8328 17183
13.8407 17303
13.851 17422
13.859 17541
13.8692 17659
13.8752 17776
13.8868 17892
13.8974 18007
13.9084 18122
13.9145 18236
13.924 18349
13.9356 18462
13.9468 18574
13.9559 18685
13.9653 18795
13.9754 18905
13.9872 19014
14.0036 8640
14.0679 8880
14.0882 9113
14.0988 9340
14.1089 9562
14.1302 9778
14.1403 9990
14.1504 10197
14.1715 10400
14.1818 10599
14.1917 10794
14.2127 10986
14.223 11174
14.2329 11359
14.254 11541
14.2643 11720
14.2742 11896
14.2952 12070
14.3 12241
14.3056 12410
14.3155 12577
14.3366 12741
14.3413 12903
14.347 13063
14.3569 13221
14.3779 13377
14.388 13532
14.3981 13685
14.4091 13836
14.4205 13985
14.4315 14133
14.4421 14279
14.4526 14424
14.4629 14567
14.474 14709
14.4833 14849
14.4924 14988
14.4928 15126
14.5019 15263
14.5133 15398
14.524 15532
14.5328 15665
14.5334 15797
14.5431 15928
14.5547 16058
14.5653 16187
14.5742 16315
14.58 16442
14.5899 16568
14.5988 16693
14.6128 16817
14.6204 16940
14.6294 17062
14.6392 17183
14.6492 17303
14.6566 17422
14.6643 17541
14.6734 17659
14.6817 17776
14.6918 17892
14.6999 18007
14.709 18122
14.7203 18236
14.7307 18349
14.7385 18462
14.746 18574
14.7572 18685
14.7679 18795
14.7788 18905
14.7875 19014
14.7971 19123
14.8078 19231
14.8194 19338
14.8351 8640
14.8975 8880
14.9187 9113
14.9284 9340
14.9385 9562
14.9596 9778
14.9695 9990
14.9799 10197
15.001 10400
15.0109 10599
15.0213 10794
15.0422 10986
15.0521 11174
15.0625 11359
15.0834 11541
15.0935 11720
15.1038 11896
15.1247 12070
15.1307 12241
15.1417 12410
15.1504 12577
15.166 12741
15.172 12903
15.183 13063
15.1917 13221
15.2074 13377
15.2134 13532
15.2244 13685
15.2356 13836
15.2486 13985
15.2547 14133
15.2656 14279
15.2768 14424
15.2899 14567
15.296 14709
15.3068 14849
15.3163 14988
15.3165 15126
15.3294 15263
15.3359 15398
15.3479 15532
15.3573 15665
15.3575 15797
15.3707 15928
15.3775 16058
15.3893 16187
15.3986 16315
15.4022 16442
15.412 16568
15.4204 16693
15.4321 16817
15.4419 16940
15.4516 17062
15.4602 17183
15.47 17303
15.4792 17422
15.485 17541
15.4947 17659
15.5048 17776
15.5146 17892
15.5221 18007
15.5297 18122
15.5423 18236
15.5527 18349
15.562 18462
15.5697 18574
15.5809 18685
15.5926 18795
15.6031 18905
15.6116 19014
15.622 19123
15.634 19231
15.6504 8640
15.709 8880
15.7328 9113
15.7436 9340
15.7499 9562
15.7742 9778
15.7849 9990
15.7972 10197
15.8155 10400
15.8263 10599
15.8386 10794
15.8567 10986
15.8675 11174
15.8798 11359
15.898 11541
15.9087 11720
15.921 11896
15.9392 12070
15.944 12241
15.9558 12410
15.9624 12577
15.9806 12741
15.9916 12903
16.0023 13063
16.0131 13221
16.0219 13377
16.0329 13532
16.0438 13685
16.0551 13836
16.0657 13985
16.0762 14133
16.0867 14279
16.0972 14424
16.1074 14567
16.1186 14709
16.129 14849
16.1384 14988
16.1389 15126
16.1473 15263
16.1569 15398
16.1687 15532
16.1781 15665
16.1786 15797
16.1884 15928
16.1977 16058
16.2106 16187
16.2195 16315
16.222 16442
16.2298 16568
16.2394 16693
16.2519 16817
16.2628 16940
16.2699 17062
16.2794 17183
16.2877 17303
16.299 17422
16.3071 17541
16.3137 17659
16.323 17776
16.3361 17892
16.3435 18007
16.3513 18122
16.36 18236
16.3702 18349
16.3812 18462
16.3904 18574
16.3998 18685
16.4102 18795
16.4212 18905
16.4319 19014
16.4418 19123
16.4518 19231
16.4635 19338
16.4748 19445
16.4861 19551
16.5026 8640
16.5562 8880
16.5858 9113
16.5943 9340
16.5991 9562
16.6272 9778
16.6359 9990
16.6407 10197
16.6685 10400
16.6772 10599
16.682 10794
16.7098 10986
16.7185 11174
16.7233 11359
16.751 11541
16.7597 11720
16.7645 11896
16.7922 12070
16.7972 12241
16.8054 12410
16.8151 12577
16.8336 12741
16.8441 12903
16.8533 13063
16.8648 13221
16.8749 13377
16.8857 13532
16.8949 13685
16.906 13836
16.9168 13985
16.9269 14133
16.937 14279
16.9486 14424
16.9591 14567
16.9685 14709
16.9777 14849
16.9886 14988
16.989 15126
17.0008 15263
17.0099 15398
17.0181 15532
17.0291 15665
17.0296 15797
17.0426 15928
17.0512 16058
17.0595 16187
17.0705 16315
17.0835 16442
17.0943 16568
17.103 16693
17.1116 16817
17.1223 16940
17.1314 17062
17.1387 17183
17.1476 17303
17.1547 17422
17.1675 17541
17.1754 17659
17.1821 17776
17.1935 17892
17.2053 18007
17.2146 18122
17.2218 18236
17.2316 18349
17.2426 18462
17.2536 18574
17.2631 18685
17.2739 18795
17.2852 18905
17.2965 19014
17.3126 8640
17.3762 8880
17.3966 9113
17.4058 9340
17.4167 9562
17.4388 9778
17.4478 9990
17.4585 10197
17.4802 10400
17.4891 10599
17.4999 10794
17.5214 10986
17.5304 11174
17.5411 11359
17.5626 11541
17.5716 11720
17.5824 11896
17.6039 12070
17.6096 12241
17.62 12410
17.6304 12577
17.6452 12741
17.656 12903
17.6663 13063
17.6769 13221
17.6866 13377
17.6975 13532
17.7077 13685
17.7187 13836
17.7294 13985
17.7401 14133
17.7507 14279
17.7614 14424
17.7717 14567
17.7822 14709
17.7924 14849
17.8028 14988
17.8072 15126
17.8132 15263
17.8214 15398
17.8318 15532
17.8434 15665
17.8489 15797
17.8545 15928
17.8625 16058
17.8736 16187
17.8852 16315
17.8903 16442
17.8959 16568
17.9038 16693
17.9149 16817
17.9265 16940
17.9315 17062
17.9375 17183
17.9451 17303
17.9561 17422
17.9677 17541
17.9727 17659
17.9787 17776
17.9863 17892
17.9915 18007
17.9975 18122
18.0091 18236
18.0141 18349
18.0201 18462
18.0277 18574
18.0328 18685
18.0447 18795
18.0504 18905
18.0554 19014
18.0614 19123
18.0691 19231
18.0742 19338
18.086 19445
18.0958 19551
18.1062 19657
18.1147 19762
18.1267 19866
18.1374 19970
18.1487 20073
18.1587 20176
18.1705 20278
18.1806 20380
18.1914 20481
18.2026 20582
18.2163 9360
18.2575 9581
18.2841 9797
18.297 10008
18.3067 10215
18.3255 10417
18.3383 10616
18.348 10811
18.3668 11002
18.3796 11190
18.3893 11375
18.408 11557
18.4208 11736
18.4305 11912
18.4492 12086
18.4553 12257
18.4622 12426
18.4718 12592
18.4906 12756
18.4969 12918
18.5035 13078
18.5132 13236
18.532 13392
18.5383 13546
18.5449 13699
18.5561 13850
