1 14400
1.07994 1440
1.08047 2880
1.08099 4320
1.08152 5760
1.08205 7200
1.08205 7488
1.08206 7764
1.08258 8031
1.08259 8289
1.08311 8539
1.08311 8781
1.08364 9017
1.08365 3600
1.0847 4176
1.08524 4672
1.08577 5115
1.08628 5520
1.08679 5895
1.08732 6246
1.08733 6577
1.08785 6892
1.08786 7192
1.08838 7480
1.08839 7757
1.0889 8024
1.08891 8282
1.08942 8532
1.08943 8775
1.08994 9011
1.08995 9241
1.08995 9465
1.09048 9684
1.09049 3600
1.091 4176
1.09152 4672
1.09205 5115
1.09258 5520
1.09312 5895
1.09364 2880
1.09416 3600
1.09469 4176
1.09522 4672
1.09575 5115
1.09626 5520
1.09679 5895
1.09732 6246
1.09733 6577
1.09785 6892
1.09785 7192
1.09837 7480
1.09838 7757
1.0989 8024
1.09891 8282
1.09942 8532
1.09943 8775
1.09995 9011
1.09996 9241
1.09997 9465
1.10048 9684
1.10049 9898
1.1005 10107
1.10101 10312
1.10102 10513
1.10103 10710
1.10154 10903
1.10155 11093
1.10156 11279
1.10208 11462
1.10209 4320
1.10262 4800
1.10312 5232
1.10365 5628
1.10418 5996
1.10524 2880
1.1063 3600
1.10682 4176
1.30735 4672
2.30735 1440
2.50787 2880
2.50892 3600
2.50945 4176
2.50995 4672
2.51048 5115
2.51101 5520
2.51154 5895
2.51208 2880
2.51257 3600
2.5131 4176
2.51363 4672
2.51416 5115
2.51466 5520
2.51512 5895
2.51557 6246
2.51558 6577
2.5161 6892
2.51611 7192
2.51662 7480
2.51663 7757
2.51715 8024
2.51716 8282
2.51767 8532
2.51768 8775
2.51821 9011
2.51822 3600
2.51875 4176
2.51924 4672
2.51971 5115
2.52012 5520
2.5206 5895
2.52111 6246
2.52112 6577
2.52165 6892
2.52218 2880
2.52269 3600
2.5232 4176
2.52374 4672
2.52427 5115
2.52473 5520
2.52514 5895
2.5256 6246
2.5256 6577
2.52611 6892
2.52611 7192
2.52662 7480
2.52663 7757
2.52716 8024
2.52717 8282
2.5277 2880
2.52823 3600
2.52874 4176
2.52927 4672
2.52978 5115
2.53026 5520
2.53073 5895
2.53126 6246
2.53127 6577
2.5318 6892
2.53232 2880
2.53285 3600
2.53338 4176
2.5339 4672
2.53442 5115
2.53492 5520
2.53546 5895
2.536 2880
2.53652 3600
2.53705 4176
2.53758 4672
2.5381 5115
2.53863 5520
2.53916 5895
2.53965 2880
2.54017 3600
2.54069 4176
2.54121 4672
2.54167 5115
2.54212 5520
2.5426 5895
2.54313 6246
2.54314 6577
2.54367 6892
2.54417 2880
2.5447 3600
2.54522 4176
2.54576 4672
2.54627 5115
2.54675 5520
2.54721 5895
2.54775 6246
2.54828 2880
2.5488 3600
2.54927 4176
2.54979 4672
2.55032 5115
2.55085 5520
2.55136 5895
2.5518 6246
2.55181 6577
2.55228 6892
2.55229 7192
2.55282 7480
2.55282 7757
2.55334 8024
2.55335 8282
2.55383 8532
2.55384 8775
2.5543 9011
2.55431 9241
2.55431 9465
2.55478 9684
2.55478 9898
2.55479 10107
2.55531 10312
2.55532 10513
2.55533 10710
2.5558 10903
2.55581 11093
2.55582 11279
2.55627 11462
2.55628 11642
2.55629 11820
2.55678 11995
2.55679 12167
2.5568 12337
2.55681 12505
2.55732 12670
2.55733 12833
2.55733 12994
2.55734 13153
2.55786 13310
2.55787 5760
2.55874 6120
2.55917 6458
2.55918 6779
2.55964 7084
2.55965 7376
2.56015 7657
2.56015 7927
2.56067 8188
2.56068 8441
2.5612 8686
2.56121 8924
2.56173 9156
2.56174 9382
2.56226 9603
2.56274 3600
2.56359 4176
2.56408 4672
2.5646 5115
2.56512 5520
2.56565 5895
2.56618 6246
2.56671 2880
2.5672 3600
2.56762 4176
2.56806 4672
2.56857 5115
2.5691 5520
2.56958 5895
2.57005 6246
2.57006 6577
2.57059 6892
2.57112 2880
2.57163 3600
2.57213 4176
2.57263 4672
2.57316 5115
2.57366 5520
2.57412 5895
2.57458 6246
2.57459 6577
2.5751 6892
2.57511 7192
2.57563 7480
2.57564 7757
2.57616 8024
2.57617 8282
2.57669 2880
2.57712 3600
2.57757 4176
2.57806 4672
2.57859 5115
2.57912 5520
2.58011 2880
2.58064 3600
2.58115 4176
2.58162 4672
2.58208 5115
2.58255 5520
2.58308 5895
2.58413 2880
2.58496 3600
2.58541 4176
2.58593 4672
2.58645 5115
2.58696 5520
2.58749 5895
2.58801 6246
2.58802 6577
2.58845 6892
2.58846 7192
2.58886 7480
2.58887 7757
2.58929 8024
2.5893 8282
2.58971 8532
2.58972 8775
2.59015 9011
2.59016 9241
2.59017 9465
2.59059 9684
2.5906 9898
2.59061 10107
2.59109 10312
2.5911 10513
2.59111 10710
2.59162 10903
2.59163 11093
2.59164 11279
2.59215 11462
2.59215 11642
2.59216 11820
2.59262 11995
2.59263 12167
2.59264 12337
2.59264 12505
2.59304 12670
2.59305 12833
2.59306 12994
2.59306 13153
2.59347 13310
2.59348 13465
2.59349 13618
2.59349 13770
2.5939 13920
2.59391 14068
2.59392 14215
2.59392 14360
2.59439 14504
2.5944 14646
2.59441 14787
2.59442 14927
2.59486 15065
2.59486 15202
2.59487 15338
2.59488 15473
2.59489 15607
2.59536 15739
2.59537 15870
2.59538 16000
2.59539 16129
2.59539 16257
2.5959 16384
2.5959 16510
2.59591 16635
2.59592 7200
2.59645 7488
2.59687 7764
2.59688 8031
2.59731 8289
2.59732 8539
2.59776 8781
2.59777 9017
2.59826 9246
2.59827 9470
2.59828 9688
2.5988 9902
2.5988 10111
2.59881 10316
2.5993 10517
2.59931 10714
2.59931 10907
2.59979 11097
2.5998 11283
2.5998 11466
2.60031 11646
2.60032 11824
2.60033 11999
2.60084 12171
2.60084 12341
2.60085 12509
2.60137 12674
2.60138 5040
2.60183 5451
2.60224 5831
2.60267 6186
2.60268 6521
2.60315 6838
2.60316 7141
2.60363 7431
2.60364 7710
2.60415 7978
2.60416 8237
2.60466 8488
2.60467 8732
2.60519 8969
2.6052 9200
2.60521 9425
2.60573 9645
2.60574 9859
2.60574 10069
2.6062 10274
2.60621 10475
2.60621 10672
2.60664 10866
2.60664 11056
2.60665 11243
2.60711 11427
2.60712 11608
2.60713 11786
2.60764 11961
2.60764 12134
2.60765 12304
2.60766 12472
2.60817 12638
2.60817 12802
2.60818 12963
2.60819 13122
2.60869 13280
2.6087 13436
2.60871 13590
2.60872 13742
2.60922 13892
2.60923 14041
2.60924 14188
2.60924 14334
2.60974 14478
2.60975 14621
2.60976 14762
2.60977 14902
2.61023 15041
2.61024 15178
2.61025 15314
2.61026 15449
2.61026 15583
2.61074 15716
2.61075 15847
2.61076 15977
2.61077 16106
2.61078 16234
2.61123 16361
2.61124 16487
2.61125 16612
2.61126 16736
2.61126 16859
2.61175 16981
2.61176 17103
2.61177 17224
2.61177 17344
2.61178 17463
2.61228 17581
2.6123 7920
2.61326 8181
2.61369 8434
2.6137 8679
2.61414 8917
2.61415 9149
2.61416 9375
2.61463 9596
2.61464 9812
2.61464 10023
2.61516 10229
2.61517 10431
2.61517 10629
2.61569 10824
2.6157 11015
2.6157 11203
2.61615 11388
2.61616 11570
2.61617 11749
2.61662 11925
2.61663 12098
2.61664 12269
2.61664 12438
2.6171 12604
2.61711 12768
2.61712 12930
2.61713 13090
2.61764 13248
2.61765 5760
2.61817 6120
2.61864 6458
2.61865 6779
2.61911 7084
2.61911 7376
2.6196 7657
2.61961 7927
2.62013 8188
2.62014 8441
2.62065 8686
2.62066 8924
2.62113 9156
2.62114 9382
2.62115 9603
2.62163 9818
2.62164 10029
2.62165 10235
2.62217 10437
2.62217 10635
2.62218 10829
2.62269 11020
2.6227 11208
2.62271 11393
2.62321 11575
2.62322 11754
2.62322 11930
2.62364 12103
2.62365 12274
2.62366 12442
2.62367 12608
2.62408 12772
2.62408 12934
2.62409 13094
2.6241 13252
2.62457 13408
2.62457 13562
2.62458 13714
2.62459 13865
2.62508 14014
2.62509 14161
2.6251 14307
2.62511 14451
2.62562 14594
2.62563 6480
2.62616 6800
2.62666 7104
2.62667 7395
2.62719 7675
2.6272 7945
2.62772 8205
2.62822 2880
2.62869 3600
2.62917 4176
2.62971 4672
2.63024 5115
2.63076 5520
2.63127 5895
2.63181 6246
2.63234 2880
2.63285 3600
2.63331 4176
2.63377 4672
2.63429 5115
2.63481 5520
2.63534 5895
2.63579 6246
2.6358 6577
2.63623 6892
2.63624 7192
2.63671 7480
2.63672 7757
2.63724 8024
2.63725 8282
2.63778 2880
2.63827 3600
2.63871 4176
2.63919 4672
2.63973 5115
2.64125 2880
2.64175 3600
2.84229 4176
2.84384 2880
2.84438 3600
3.84438 1440
3.8449 2880
3.8449 3600
3.8454 4176
3.84592 4672
4.04645 5115
4.04795 2880
4.04902 3600
4.0505 2880
4.05104 3600
4.05253 2880
4.05298 3600
4.05346 4176
4.05398 4672
4.05451 5115
4.05501 5520
4.05549 5895
4.05598 6246
4.05599 6577
4.05651 6892
4.05651 7192
4.05704 7480
4.05705 7757
4.05754 8024
4.05755 8282
4.058 8532
4.05801 8775
4.05851 9011
4.05852 9241
4.05853 9465
4.05905 9684
4.05906 3600
4.05958 4176
4.06004 4672
4.06054 5115
4.061 5520
4.06153 5895
4.06206 6246
4.06207 6577
4.06258 6892
4.06259 7192
4.06304 7480
4.06305 7757
4.06355 8024
4.06356 8282
4.06408 8532
4.0646 2880
4.06508 3600
4.06556 4176
4.06606 4672
4.0666 5115
4.06711 5520
4.06756 5895
4.068 6246
4.06801 6577
4.06847 6892
4.06848 7192
4.06901 7480
4.06901 7757
4.06954 8024
4.06954 8282
4.07006 8532
4.07007 8775
4.07053 9011
4.07054 9241
4.07054 9465
4.07104 9684
4.07105 9898
4.07106 10107
4.07158 10312
4.07159 4320
4.07211 4800
4.07259 5232
4.0731 5628
4.0736 5996
4.07413 6341
4.07465 2880
4.07512 3600
4.07559 4176
4.07612 4672
4.07665 5115
4.07717 5520
4.07768 5895
4.07821 6246
4.07821 6577
4.07874 6892
4.07875 7192
4.07924 7480
4.07925 7757
4.07975 8024
4.07976 8282
4.08026 8532
4.08027 8775
4.0808 9011
4.08081 3600
4.08132 4176
4.08182 4672
4.08231 5115
4.08283 5520
4.08337 5895
4.08389 2880
4.08439 3600
4.08486 4176
4.08537 4672
4.0859 5115
4.08641 5520
4.08688 5895
4.08731 6246
4.08732 6577
4.0878 6892
4.08781 7192
4.08834 7480
4.08886 2880
4.08933 3600
4.08982 4176
4.09035 4672
4.09088 5115
4.0914 5520
4.09184 5895
4.09231 6246
4.09231 6577
4.0928 6892
4.09281 7192
4.09333 7480
4.09334 7757
4.09387 8024
4.09388 8282
4.09436 2880
4.09483 3600
4.09534 4176
4.09586 4672
4.09639 5115
4.09689 5520
4.0974 5895
4.09794 6246
4.09848 2880
4.09945 3600
4.09994 4176
4.30048 4672
4.30154 2880
4.30207 3600
4.30252 4176
4.30301 4672
4.30354 5115
4.30407 5520
4.30457 5895
4.30504 6246
4.30505 6577
4.3055 6892
4.30551 7192
4.30603 7480
4.30604 7757
4.30657 8024
4.30708 2880
4.30803 3600
4.30853 4176
4.30906 4672
4.30957 5115
4.31003 5520
4.31051 5895
4.31105 6246
4.31157 2880
4.3121 3600
4.31263 4176
4.31314 4672
4.31367 5115
4.31419 5520
4.31471 5895
4.3152 6246
4.3152 6577
4.31571 6892
4.31572 7192
4.31625 7480
4.31626 7757
4.31678 8024
4.31679 8282
4.3173 2880
4.31777 3600
4.3182 4176
4.31867 4672
4.31921 5115
4.31974 5520
4.32023 5895
4.32073 6246
4.32073 6577
4.32126 6892
4.32127 7192
4.32178 7480
4.32179 7757
4.3223 8024
4.3223 8282
4.32279 8532
4.3228 8775
4.32326 9011
4.32326 9241
4.32327 9465
4.32377 9684
4.32378 9898
4.32379 10107
4.3243 10312
4.32431 10513
4.32432 10710
4.32478 10903
4.32479 11093
4.32479 11279
4.32522 11462
4.32523 11642
4.32524 11820
4.32571 11995
4.32571 12167
4.32572 12337
4.32573 12505
4.32624 12670
4.32626 5040
4.32679 5451
4.32726 5831
4.32767 6186
4.32767 6521
4.32808 6838
4.32809 7141
4.32852 7431
4.32852 7710
4.32899 7978
4.32899 8237
4.32952 8488
4.32953 8732
4.33 3600
4.33053 4176
4.33106 4672
4.33159 5115
4.33208 5520
4.33255 5895
4.33304 6246
4.33305 6577
4.33358 6892
4.33411 2880
4.3346 3600
4.33505 4176
4.33553 4672
4.33606 5115
4.33659 5520
4.3371 5895
4.33754 6246
4.33755 6577
4.33803 6892
4.33804 7192
4.33857 7480
4.33858 7757
4.3391 8024
4.33911 8282
4.33963 2880
4.34011 3600
4.34058 4176
4.3411 4672
4.34163 5115
4.3421 5520
4.34258 5895
4.34309 6246
4.3431 6577
4.34363 6892
4.34415 2880
4.34466 3600
4.34513 4176
4.34563 4672
4.34617 5115
4.34668 5520
4.34713 5895
4.34758 6246
4.34758 6577
4.34807 6892
4.34808 7192
4.34861 7480
4.34862 7757
4.34913 8024
4.34914 8282
4.34959 8532
4.3496 8775
4.35002 9011
4.35003 9241
4.35003 9465
4.35047 9684
4.35048 9898
4.35049 10107
4.351 10312
4.35101 10513
4.35102 10710
4.35153 10903
4.35154 11093
4.35155 11279
4.35204 11462
4.35205 11642
4.35205 11820
4.3525 11995
4.35251 12167
4.35252 12337
4.35253 12505
4.35304 12670
4.35305 5040
4.35358 5451
4.35408 5831
4.35454 6186
4.35455 6521
4.355 6838
4.35501 7141
4.3555 7431
4.3555 7710
4.35603 7978
4.35604 8237
4.35653 2880
4.35697 3600
4.35739 4176
4.35785 4672
4.35838 5115
4.35891 5520
4.35937 5895
4.35979 6246
4.3598 6577
4.36025 6892
4.36026 7192
4.36076 7480
4.36077 7757
4.36129 8024
4.3613 8282
4.36182 2880
4.36235 3600
4.36288 4176
4.36339 4672
4.36382 5115
4.36428 5520
4.36475 5895
4.36528 6246
4.36529 6577
4.36581 6892
4.36582 7192
4.36634 7480
4.36635 7757
4.36683 8024
4.36684 8282
4.36732 8532
4.36733 8775
4.36784 9011
4.36785 9241
4.36786 9465
4.36838 9684
4.36839 3600
4.36891 4176
4.36939 4672
4.36989 5115
4.37042 5520
4.37095 5895
4.37149 2880
4.372 3600
4.37251 4176
4.37305 4672
4.37353 5115
4.37402 5520
4.37455 5895
4.37507 6246
4.37508 6577
4.3761 2880
4.37714 3600
4.37867 2880
4.3792 3600
4.38072 2880
4.38116 3600
4.38163 4176
4.38215 4672
4.38268 5115
4.38321 5520
4.38372 5895
4.38422 6246
4.38423 6577
4.38476 6892
4.38522 2880
4.3857 3600
4.3862 4176
4.38674 4672
4.38727 5115
4.38777 5520
4.3883 5895
4.38879 6246
4.3888 6577
4.38927 6892
4.38928 7192
4.38977 7480
4.38978 7757
4.3903 8024
4.39031 8282
4.39082 8532
4.39083 8775
4.39135 9011
4.39136 9241
4.39137 9465
4.39188 9684
4.39188 9898
4.39189 10107
4.39239 10312
4.3924 10513
4.39241 10710
4.3929 10903
4.39291 11093
4.39292 11279
4.39343 11462
4.39344 11642
4.39345 11820
4.39397 11995
4.39398 5040
4.39486 5451
4.39532 5831
4.39582 6186
4.39582 6521
4.39635 6838
4.39636 7141
4.39688 7431
4.39689 7710
4.3974 7978
4.39741 8237
4.39792 8488
4.39793 8732
4.39842 8969
4.39843 9200
4.39844 9425
4.39896 9645
4.39896 9859
4.39897 10069
4.39949 10274
4.3995 10475
4.39951 10672
4.4 10866
4.4 11056
4.40001 11243
4.40048 11427
4.40049 11608
4.4005 11786
4.401 11961
4.40101 12134
4.40102 12304
4.40102 12472
4.40153 12638
4.40154 12802
4.40155 12963
4.40156 13122
4.40207 13280
4.40208 13436
4.40208 13590
4.40209 13742
4.4026 5760
4.40312 6120
4.40361 6458
4.40362 6779
4.40415 7084
4.40468 2880
4.40516 3600
4.40564 4176
4.40611 4672
4.40664 5115
4.40717 5520
4.40769 5895
4.40821 6246
4.40821 6577
4.40874 6892
4.40875 7192
4.40925 7480
4.40926 7757
4.40977 8024
4.40978 8282
4.41028 8532
4.41029 8775
4.4108 9011
4.41081 9241
4.41082 9465
4.41134 9684
4.41135 3600
4.41187 4176
4.41237 4672
4.41286 5115
4.41338 5520
4.61339 5895
4.61435 2880
4.61542 3600
4.61678 2880
4.61725 3600
4.61778 4176
4.6183 4672
4.61883 5115
4.6193 5520
4.61982 5895
4.62035 6246
4.62086 2880
4.62136 3600
4.62185 4176
4.62239 4672
4.62292 5115
4.6234 5520
4.62385 5895
4.62434 6246
4.62434 6577
4.62487 6892
4.62541 2880
4.62589 3600
4.62636 4176
4.62683 4672
4.62736 5115
4.6279 5520
4.62884 2880
4.62931 3600
4.62981 4176
4.83035 4672
4.83137 2880
4.8319 3600
4.83238 4176
4.83284 4672
4.8333 5115
4.8338 5520
4.83434 5895
4.83485 2880
4.8353 3600
4.83577 4176
4.83627 4672
4.83681 5115
4.8382 2880
4.83871 3600
5.03924 4176
5.04083 2880
5.04131 3600
5.04182 4176
5.24235 4672
5.2439 2880
5.24494 3600
5.24648 2880
5.24693 3600
5.24741 4176
5.24795 4672
5.24848 5115
5.24899 5520
5.24953 5895
5.25004 2880
5.25057 3600
5.25107 4176
5.2516 4672
5.25213 5115
5.25265 5520
5.25316 5895
5.25364 6246
5.25365 6577
5.25413 6892
5.25414 7192
5.25466 7480
5.25467 7757
5.25519 8024
5.25519 8282
5.25566 8532
5.25567 8775
5.25613 9011
5.25613 9241
5.25614 9465
5.25666 9684
5.25666 9898
5.25667 10107
5.25719 10312
5.25719 10513
5.2572 10710
5.25771 10903
5.25772 11093
5.25773 11279
5.25816 11462
5.25817 11642
5.25817 11820
5.25862 11995
5.25863 12167
5.25864 12337
5.25865 12505
5.25913 12670
5.25914 12833
5.25915 12994
5.25915 13153
5.25966 13310
5.25967 13465
5.25968 13618
5.25968 13770
5.26017 13920
5.26017 14068
5.26018 14215
5.26019 14360
5.26068 14504
5.26069 14646
5.2607 14787
5.26071 14927
5.2612 15065
5.26121 15202
5.26121 15338
5.26122 15473
5.26123 15607
5.26174 15739
5.26175 6480
5.26224 6800
5.26267 7104
5.26268 7395
5.26314 7675
5.26315 7945
5.26367 8205
5.26368 8457
5.26421 8702
5.26473 3600
5.26576 4176
5.26627 4672
5.26678 5115
5.26731 5520
5.26784 5895
5.26833 6246
5.26834 6577
5.2688 6892
5.26881 7192
5.2693 7480
5.26931 7757
5.26983 8024
5.26984 8282
5.27036 8532
5.27037 8775
5.27089 9011
5.27089 9241
5.2709 9465
5.27142 9684
5.27143 9898
5.27144 10107
5.27195 10312
5.27196 10513
5.27197 10710
5.27247 10903
5.27248 11093
5.27248 11279
5.27294 11462
5.27295 11642
5.27295 11820
5.2734 11995
5.2734 12167
5.27341 12337
5.27342 12505
5.2739 12670
5.27391 12833
5.27391 12994
5.27392 13153
5.27442 13310
5.27443 13465
5.27444 13618
5.27444 13770
5.27494 13920
5.27495 14068
5.27496 14215
5.27497 14360
5.27546 14504
5.27547 14646
5.27548 14787
5.27548 14927
5.27595 15065
5.27596 15202
5.27597 15338
5.27598 15473
5.27599 15607
5.27649 15739
5.2765 15870
5.2765 16000
5.27651 16129
5.27652 16257
5.27702 16384
5.27703 16510
5.27703 16635
5.27704 16759
5.27705 16882
5.27753 17004
5.27754 17125
5.27755 17246
5.27756 17366
5.27756 17485
5.27801 17603
5.27802 17720
5.27803 17837
5.27804 17953
5.27805 18068
5.27805 18182
5.27853 18296
5.27854 18409
5.27855 18521
5.27856 18632
5.27856 18743
5.27857 18853
5.27907 18962
5.27907 19071
5.27908 19179
5.27909 19287
5.2791 19394
5.27911 19500
5.27959 8640
5.28009 8880
5.2801 9113
5.28055 9340
5.28056 9562
5.28056 9778
5.28107 9990
5.28108 10197
5.28109 10400
5.2816 10599
5.28161 10794
5.28162 10986
5.28213 11174
5.28213 11359
5.28214 11541
5.28263 11720
5.28264 11896
5.28264 12070
5.28265 12241
5.28312 12410
5.28313 12577
5.28314 12741
5.28315 12903
5.28365 13063
5.28366 13221
5.28367 13377
5.28368 13532
5.28419 13685
5.28419 13836
5.28421 5760
5.28468 6120
5.28512 6458
5.28513 6779
5.28559 7084
5.28561 7376
5.28612 7657
5.28614 7927
5.28665 8188
5.28667 8441
5.28717 8686
5.28719 8924
5.28767 9156
5.28768 9382
5.2877 9603
5.28817 9818
5.28818 10029
5.2882 10235
5.2887 10437
5.28871 10635
5.28873 10829
5.28922 11020
5.28922 11208
5.28925 11393
5.28974 11575
5.28975 11754
5.28977 11930
5.29019 12103
5.2902 12274
5.29021 12442
5.29023 12608
5.29064 12772
5.29065 12934
5.29066 13094
5.29069 13252
5.29116 13408
5.29117 13562
5.29117 13714
5.29121 13865
5.29169 14014
5.2917 14161
5.2917 14307
5.29173 14451
5.29216 14594
5.29217 14736
5.29217 14876
5.29221 15015
5.29221 15153
5.29262 15289
5.29263 15424
5.29264 15558
5.29267 15691
5.29268 15823
5.29311 15954
5.29311 16083
5.29312 16211
5.29316 16338
5.29317 16464
5.29364 16589
5.29365 16713
5.29369 7200
5.29421 7488
5.29465 7764
5.29466 8031
5.29506 8289
5.29506 8539
5.2955 8781
5.29551 9017
5.29598 9246
5.29598 9470
5.29599 9688
5.29651 9902
5.29653 3600
5.29705 4176
5.29757 4672
5.2981 5115
5.29912 2880
5.29959 3600
5.30011 4176
5.50065 4672
5.50158 2880
5.50211 3600
5.50265 4176
5.50317 4672
5.50369 5115
5.50421 5520
5.50475 5895
5.50528 2880
5.50575 3600
5.5062 4176
5.50665 4672
5.50719 5115
5.50872 2880
5.50924 3600
5.50977 4176
5.5103 4672
5.51078 5115
5.51122 5520
5.51173 5895
5.51226 6246
5.51227 6577
5.5128 6892
5.51281 7192
5.51331 7480
5.51332 7757
5.51385 8024
5.51385 8282
5.51437 2880
5.5149 3600
5.51542 4176
5.51592 4672
5.51645 5115
5.51697 5520
5.51749 5895
5.51801 6246
5.51801 6577
5.5185 6892
5.51851 7192
5.51901 7480
5.51902 7757
5.51954 8024
5.51955 8282
5.52006 2880
5.52054 3600
5.521 4176
5.52145 4672
5.52198 5115
5.5225 5520
5.52301 5895
5.52354 6246
5.52355 6577
5.52407 6892
5.52408 7192
5.52458 7480
5.52459 7757
5.52511 8024
5.52512 8282
5.5256 8532
5.52561 8775
5.52612 9011
5.52613 9241
5.52614 9465
5.52666 9684
5.52667 3600
5.52717 4176
5.52763 4672
5.5281 5115
5.52859 5520
5.52911 5895
5.52964 6246
5.53017 2880
5.53064 3600
5.53112 4176
5.53165 4672
5.53219 5115
5.53371 2880
5.53424 3600
5.53477 4176
5.53526 4672
5.5357 5115
5.53618 5520
5.53671 5895
5.53725 2880
5.53776 3600
5.53824 4176
5.53876 4672
5.53929 5115
5.53981 5520
5.54024 5895
5.54066 6246
5.54067 6577
5.54108 6892
5.54109 7192
5.54154 7480
5.54155 7757
5.54207 8024
5.54207 8282
5.54258 8532
5.54259 8775
5.54309 9011
5.5431 9241
5.54311 9465
5.54362 9684
5.54362 9898
5.54363 10107
5.54415 10312
5.54415 10513
5.54416 10710
5.54467 10903
5.54468 11093
5.54469 11279
5.5452 11462
5.54521 11642
5.54522 11820
5.5457 11995
5.54571 12167
5.54572 12337
5.54572 12505
5.54622 12670
5.54623 12833
5.54623 12994
5.54624 13153
5.54675 13310
5.54676 13465
5.54677 13618
5.54678 13770
5.54727 5760
5.54776 6120
5.54823 6458
5.54823 6779
5.54875 7084
5.54876 7376
5.54928 7657
5.54929 7927
5.54979 8188
5.5498 8441
5.55026 8686
5.55027 8924
5.5507 9156
5.55071 9382
5.55072 9603
5.5512 9818
5.55121 10029
5.55121 10235
5.55173 10437
5.55174 10635
5.55174 10829
5.55224 11020
5.55225 11208
5.55225 11393
5.5527 11575
5.5527 11754
5.55271 11930
5.55317 12103
5.55318 12274
5.55319 12442
5.55319 12608
5.5537 12772
5.55371 12934
5.55372 13094
5.55373 13252
5.55424 13408
5.55425 13562
5.55425 13714
5.55426 13865
5.55473 5760
5.55521 6120
5.55568 6458
5.55569 6779
5.55621 7084
5.55622 7376
5.55675 7657
5.55676 7927
5.55723 8188
5.55724 8441
5.55769 8686
5.5577 8924
5.55817 9156
5.55818 9382
5.55819 9603
5.55871 9818
5.55872 3600
5.55925 4176
5.55978 4672
5.56027 5115
5.56078 5520
5.56131 5895
5.56184 6246
5.56231 2880
5.56276 3600
5.56318 4176
5.56363 4672
5.56409 5115
5.56463 5520
5.56565 2880
5.56616 3600
5.56669 4176
5.76722 4672
5.76825 2880
5.76878 3600
5.76931 4176
5.96985 4672
5.97143 2880
5.97247 3600
5.97298 4176
5.97349 4672
5.97402 5115
5.97453 5520
5.97506 5895
5.97557 6246
5.97558 6577
5.97609 6892
5.9761 7192
5.97661 7480
5.97662 7757
5.97714 8024
5.97715 8282
5.97767 8532
5.97817 2880
5.97863 3600
5.9791 4176
5.97963 4672
5.98015 5115
5.98068 5520
5.98121 5895
5.98172 2880
5.98225 3600
5.98277 4176
5.9833 4672
5.98373 5115
5.98418 5520
5.98465 5895
5.98518 6246
5.98571 2880
5.98621 3600
5.98672 4176
5.98725 4672
5.98778 5115
5.9883 5520
5.9888 5895
5.9893 6246
5.9893 6577
5.98983 6892
5.99036 2880
5.99084 3600
5.9913 4176
5.99178 4672
5.99231 5115
5.99284 5520
5.99333 5895
5.99374 6246
5.99375 6577
5.99417 6892
5.99418 7192
5.99461 7480
5.99462 7757
5.99513 8024
5.99513 8282
5.99565 8532
5.99566 8775
5.99617 9011
5.99618 9241
5.99619 9465
5.99668 9684
5.99668 9898
5.99669 10107
5.99721 10312
5.99721 10513
5.99722 10710
5.99773 10903
5.99774 11093
5.99774 11279
5.99824 11462
5.99825 11642
5.99825 11820
5.9987 11995
5.99871 12167
5.99872 12337
5.99873 12505
5.9992 12670
5.99921 12833
5.99922 12994
5.99923 13153
5.99974 13310
5.99974 13465
5.99975 13618
5.99976 13770
6.00027 5760
6.00078 6120
6.00121 6458
6.00122 6779
6.00168 7084
6.00168 7376
6.00218 7657
6.00219 7927
6.00271 8188
6.00272 8441
6.00319 8686
6.0032 8924
6.00363 9156
6.00364 9382
6.00364 9603
6.00413 9818
6.00414 10029
6.00415 10235
6.00466 10437
6.00467 10635
6.00468 10829
6.00518 11020
6.00519 11208
6.00519 11393
6.00566 11575
6.00566 11754
6.00567 11930
6.00614 12103
6.00615 12274
6.00616 12442
6.00617 12608
6.00668 12772
6.00669 5040
6.00722 5451
6.0077 5831
6.00812 6186
6.00813 6521
6.00857 6838
6.00858 7141
6.00906 7431
6.00907 7710
6.00959 7978
6.0096 8237
6.01009 8488
6.0101 8732
6.01059 8969
6.0106 9200
6.0106 9425
6.01112 9645
6.01113 9859
6.01114 10069
6.01166 10274
6.01166 10475
6.01167 10672
6.01214 10866
6.01215 11056
6.01215 11243
6.01254 11427
6.01255 11608
6.01256 11786
6.01297 11961
6.01298 12134
6.01298 12304
6.01299 12472
6.01341 12638
6.01341 12802
6.01342 12963
6.01343 13122
6.01392 13280
6.01393 13436
6.01394 13590
6.01395 13742
6.01442 13892
6.01443 14041
6.01443 14188
6.01444 14334
6.01495 14478
6.01496 6480
6.0165 6800
6.01651 7104
6.01698 7395
6.01698 7675
6.01743 7945
6.01744 8205
6.01797 8457
6.01849 2880
6.01898 3600
6.01945 4176
6.01995 4672
6.02048 5115
6.02101 5520
6.02153 5895
6.02205 6246
6.02206 6577
6.02257 6892
6.02258 7192
6.02311 7480
6.02363 2880
6.02413 3600
6.02462 4176
6.02515 4672
6.02569 5115
6.02619 5520
6.02671 5895
6.02718 6246
6.02718 6577
6.02768 6892
6.02768 7192
6.02821 7480
6.02874 2880
6.02923 3600
6.02972 4176
6.03024 4672
6.03077 5115
6.03129 5520
6.03181 5895
6.0323 6246
6.03231 6577
6.03282 6892
6.03283 7192
6.03336 7480
6.03388 2880
6.03438 3600
6.03486 4176
6.0354 4672
6.03593 5115
6.03645 5520
6.03696 5895
6.03745 6246
6.03745 6577
6.03798 6892
6.0385 2880
6.03893 3600
6.03935 4176
6.03983 4672
6.04035 5115
6.04087 5520
6.04138 5895
6.04183 6246
6.04184 6577
6.04231 6892
6.04231 7192
6.04283 7480
6.04284 7757
6.04336 8024
6.04337 8282
6.04385 2880
6.04426 3600
6.04467 4176
6.04512 4672
6.04563 5115
6.04616 5520
6.04669 5895
6.04723 2880
6.04775 3600
6.04828 4176
6.0488 4672
6.04926 5115
6.04968 5520
6.05013 5895
6.05066 6246
6.05067 6577
6.0512 6892
6.0512 7192
6.05173 7480
6.05174 7757
6.05224 8024
6.05225 8282
6.05275 8532
6.05276 8775
6.05328 9011
6.05329 9241
6.0533 9465
6.05379 9684
6.0538 9898
6.05381 10107
6.05428 10312
6.05429 10513
6.0543 10710
6.05476 10903
6.05477 11093
6.05478 11279
6.05527 11462
6.05528 11642
6.05529 11820
6.0558 11995
6.05581 12167
6.05582 12337
6.05633 12505
6.05634 5040
6.05684 5451
6.05735 5831
6.05788 6186
6.05788 6521
6.05839 6838
6.0584 7141
6.0589 7431
6.0589 7710
6.05939 7978
6.0594 8237
6.05993 8488
6.06045 2880
6.06095 3600
6.06141 4176
6.06189 4672
6.06242 5115
6.06294 5520
6.06339 5895
6.06384 6246
6.06385 6577
6.06436 6892
6.06437 7192
6.06489 7480
6.0649 7757
6.06538 8024
6.06539 8282
6.06589 8532
6.0659 8775
6.06641 9011
6.06641 9241
6.06642 9465
6.06694 9684
6.06696 3600
6.06747 4176
6.06791 4672
6.06833 5115
6.06876 5520
6.06923 5895
6.06976 6246
6.06977 6577
6.07029 6892
6.0703 7192
6.07078 7480
6.07079 7757
6.07123 8024
6.07123 8282
6.0717 8532
6.07171 8775
6.07223 9011
6.07223 9241
6.07224 9465
6.07274 9684
6.07275 9898
6.07275 10107
6.07323 10312
6.07323 10513
6.07324 10710
6.07371 10903
6.07372 11093
6.07373 11279
6.07424 11462
6.07426 4320
6.07477 4800
6.07524 5232
6.07568 5628
6.07615 5996
6.07666 6341
6.07667 6668
6.0772 6978
6.07769 2880
6.07818 3600
6.07859 4176
6.07902 4672
6.0795 5115
6.08003 5520
6.08054 5895
6.08105 6246
6.08106 6577
6.08159 6892
6.08159 7192
6.08212 7480
6.08212 7757
6.08263 8024
6.08263 8282
6.08306 8532
6.08307 8775
6.0835 9011
6.08351 9241
6.08351 9465
6.084 9684
6.08401 9898
6.08402 10107
6.08453 10312
6.08455 10513
6.08455 10710
6.08504 10903
6.08506 11093
6.08507 11279
6.08554 11462
6.08555 11642
6.08556 11820
6.08605 11995
6.08607 12167
6.08608 12337
6.08608 12505
6.08659 12670
6.08661 12833
6.08662 5040
6.08714 5451
6.08762 5831
6.08804 6186
6.08805 6521
6.08851 6838
6.08852 7141
6.08903 7431
6.08904 7710
6.08957 7978
6.08957 8237
6.09008 2880
6.09061 3600
6.0911 4176
6.09162 4672
6.09215 5115
6.09268 5520
6.09313 5895
6.09357 6246
6.09358 6577
6.09404 6892
6.09405 7192
6.09455 7480
6.09456 7757
6.09509 8024
6.0951 8282
6.09561 2880
6.0961 3600
6.09657 4176
6.09708 4672
6.09761 5115
6.09904 2880
6.09958 3600
6.1001 4176
6.10058 4672
6.10103 5115
6.10148 5520
6.10198 5895
6.10251 6246
6.10252 6577
6.10302 6892
6.10302 7192
6.10348 7480
6.10349 7757
6.10398 8024
6.10399 8282
6.10451 8532
6.10451 8775
6.10504 9011
6.10505 3600
6.10557 4176
6.10601 4672
6.10647 5115
6.107 5520
6.10753 5895
6.10859 2880
6.10963 3600
6.11017 4176
6.11066 4672
6.11115 5115
6.11165 5520
6.11218 5895
6.11321 2880
6.11418 3600
6.11471 4176
6.31524 4672
7.31524 1440
7.51573 2880
7.51667 3600
7.51715 4176
7.51769 4672
7.5182 5115
7.51867 5520
7.51914 5895
7.51965 6246
7.51966 6577
7.52019 6892
7.52069 2880
7.5211 3600
7.52151 4176
7.52195 4672
7.52243 5115
7.52294 5520
7.52347 5895
7.524 6246
7.52401 6577
7.52454 6892
7.52502 2880
7.52546 3600
7.5259 4176
7.52634 4672
7.52686 5115
7.52738 5520
7.52791 5895
7.52842 6246
7.52843 6577
7.52896 6892
7.52945 2880
7.52995 3600
7.53047 4176
7.53099 4672
7.53152 5115
7.53205 5520
7.53256 5895
7.53308 6246
7.53309 6577
7.53359 6892
7.5336 7192
7.53412 7480
7.53413 7757
7.53466 8024
7.53466 8282
7.53517 2880
7.53561 3600
7.53605 4176
7.53655 4672
7.53708 5115
7.53758 5520
7.53808 5895
7.53857 6246
7.53858 6577
7.53911 6892
7.53964 2880
7.54011 3600
7.54055 4176
7.54103 4672
7.54156 5115
7.54209 5520
7.54259 5895
7.54305 6246
7.54305 6577
7.54352 6892
7.54353 7192
7.54405 7480
7.54406 7757
7.54458 8024
7.54458 8282
7.54508 8532
7.54509 8775
7.54554 9011
7.54555 9241
7.54556 9465
7.54604 9684
7.54605 9898
7.54606 10107
7.54656 10312
7.54657 10513
7.54658 10710
7.54709 10903
7.5471 11093
7.54711 11279
7.54759 11462
7.5476 11642
7.5476 11820
7.54803 11995
7.54803 12167
7.54804 12337
7.54805 12505
7.5485 12670
7.54851 12833
7.54852 12994
7.54853 13153
7.54904 13310
7.54905 13465
7.54905 13618
7.54906 13770
7.54956 5760
7.55004 6120
7.55046 6458
7.55048 6779
7.55095 7084
7.55097 7376
7.55148 7657
7.5515 7927
7.55201 8188
7.55203 8441
7.5525 8686
7.55252 8924
7.55298 9156
7.55299 9382
7.55301 9603
7.55352 9818
7.55355 3600
7.55408 4176
7.55459 4672
7.55503 5115
7.55554 5520
7.55607 5895
7.55661 2880
7.55711 3600
7.55754 4176
7.55799 4672
7.5585 5115
7.55902 5520
7.55953 5895
7.56 6246
7.56001 6577
7.56046 6892
7.56047 7192
7.561 7480
7.56101 7757
7.56153 8024
7.56154 8282
7.56203 8532
7.56205 8775
7.56246 9011
7.56247 9241
7.56248 9465
7.56293 9684
7.56295 9898
7.56296 10107
7.56347 10312
7.56349 10513
7.564 4320
7.56501 4800
7.56555 5232
7.56706 2880
7.56805 3600
7.56858 4176
7.76911 4672
7.77 2880
7.77049 3600
7.77103 4176
7.97156 4672
7.9726 2880
7.97314 3600
7.97362 4176
7.97405 4672
7.97452 5115
7.97504 5520
7.97557 5895
7.97609 6246
7.9761 6577
7.97661 6892
7.97662 7192
7.97713 7480
7.97714 7757
7.97767 8024
7.9782 2880
7.97914 3600
7.97966 4176
7.98019 4672
7.98071 5115
7.98124 5520
7.98175 5895
7.98222 6246
7.98223 6577
7.98274 6892
7.98275 7192
7.98326 7480
7.98327 7757
7.98379 8024
7.98381 8282
7.98433 2880
7.98486 3600
7.98537 4176
7.98588 4672
7.98642 5115
7.98692 5520
7.9874 5895
7.98793 6246
7.98794 6577
7.98846 6892
7.98847 7192
7.98896 7480
7.98897 7757
7.98942 8024
7.98943 8282
7.98988 8532
7.98989 8775
7.99039 9011
7.9904 9241
7.99041 9465
7.99093 9684
7.99094 3600
7.9914 4176
7.99183 4672
7.99228 5115
7.99279 5520
7.99332 5895
7.99385 2880
7.99434 3600
7.99482 4176
7.99532 4672
7.99585 5115
7.99633 5520
7.99679 5895
7.99721 6246
7.99721 6577
7.99768 6892
7.99769 7192
7.99822 7480
7.99823 7757
7.99874 8024
7.99875 8282
7.99924 8532
7.99925 8775
7.99972 9011
7.99973 9241
7.99974 9465
8.00025 9684
8.00026 9898
8.00027 10107
8.00079 10312
8.0008 4320
8.00133 4800
8.0018 5232
8.00225 5628
8.00276 5996
8.00328 6341
8.00329 6668
8.00381 6978
8.00382 7275
8.00432 7560
8.00433 7834
8.0048 8098
8.00481 8354
8.00526 8602
8.00527 8843
8.00579 9077
8.0058 3600
8.00631 4176
8.00681 4672
8.00729 5115
8.00781 5520
8.20781 5895
8.20937 2880
8.2108 3600
8.21133 4176
8.21178 4672
8.2122 5115
8.21265 5520
8.21316 5895
8.21369 6246
8.21422 2880
8.21472 3600
8.21525 4176
8.21579 4672
8.21632 5115
8.21679 5520
8.21726 5895
8.21772 6246
8.21773 6577
8.21826 6892
8.21879 2880
8.21933 3600
8.21985 4176
8.22035 4672
8.22086 5115
8.22139 5520
8.22191 5895
8.22242 6246
8.22242 6577
8.22295 6892
8.22296 7192
8.22348 7480
8.22349 7757
8.22401 8024
8.22402 8282
8.22453 8532
8.22454 8775
8.22502 9011
8.22503 9241
8.22503 9465
8.22548 9684
8.22548 9898
8.22549 10107
8.22601 10312
8.22601 10513
8.22602 10710
8.22653 10903
8.22654 11093
8.22655 11279
8.22704 11462
8.22705 11642
8.22705 11820
8.22754 11995
8.22755 12167
8.22756 12337
8.22757 12505
8.22808 12670
8.22809 12833
8.2281 5040
8.22862 5451
8.22913 5831
8.22963 6186
8.22964 6521
8.2301 6838
8.23011 7141
8.2306 7431
8.2306 7710
8.23112 7978
8.23113 8237
8.23165 8488
8.23166 8732
8.23213 8969
8.23214 9200
8.23215 9425
8.23258 9645
8.23259 9859
8.2326 10069
8.23305 10274
8.23306 10475
8.23307 10672
8.23356 10866
8.23357 11056
8.23358 11243
8.23409 11427
8.23409 11608
8.2341 11786
8.23458 11961
8.23459 12134
8.23459 12304
8.2346 12472
8.23504 12638
8.23505 12802
8.23505 12963
8.23506 13122
8.23556 13280
8.23557 13436
8.23558 13590
8.23559 13742
8.23609 13892
8.2361 14041
8.2361 14188
8.23611 14334
8.23659 14478
8.2366 14621
8.23661 14762
8.23662 14902
8.23703 15041
8.23704 15178
8.23705 15314
8.23705 15449
8.23706 15583
8.23748 15716
8.23749 15847
8.2375 15977
8.2375 16106
8.23751 16234
8.23799 16361
8.238 16487
8.23801 16612
8.23801 16736
8.23802 16859
8.23852 16981
8.23854 7200
8.23902 7488
8.23945 7764
8.23946 8031
8.23989 8289
8.2399 8539
8.24037 8781
8.24038 9017
8.2409 9246
8.24141 3600
8.24242 4176
8.24295 4672
8.24348 5115
8.244 5520
8.24447 5895
8.24492 6246
8.24493 6577
8.24541 6892
8.24542 7192
8.24594 7480
8.24595 7757
8.24647 8024
8.24648 8282
8.24698 8532
8.24699 8775
8.2475 9011
8.24751 9241
8.24752 9465
8.24803 9684
8.24803 9898
8.24804 10107
8.24855 10312
8.24856 10513
8.24857 10710
8.24908 10903
8.24909 11093
8.2491 11279
8.24961 11462
8.24962 11642
8.24963 11820
8.25012 11995
8.25013 12167
8.25014 12337
8.25014 12505
8.25064 12670
8.25065 12833
8.25065 12994
8.25066 13153
8.25116 13310
8.25117 13465
8.25118 13618
8.25119 13770
8.25169 13920
8.2517 14068
8.25171 14215
8.25171 14360
8.25221 14504
8.25222 14646
8.25222 14787
8.25223 14927
8.25274 15065
8.25275 6480
8.25379 6800
8.25432 7104
8.25432 7395
8.25485 7675
8.25485 7945
8.25534 8205
8.25535 8457
8.25587 8702
8.25588 8940
8.25632 9171
8.25633 9397
8.25634 9617
8.25676 9832
8.25677 10042
8.25678 10248
8.25722 10450
8.25722 10648
8.25723 10842
8.25773 11033
8.25774 11220
8.25775 11404
8.25827 11585
8.25828 5040
8.25879 5451
8.25928 5831
8.25978 6186
8.25979 6521
8.26031 6838
8.26032 7141
8.26085 7431
8.26136 2880
8.26183 3600
8.26231 4176
8.26285 4672
8.26337 5115
8.26386 5520
8.26429 5895
8.26473 6246
8.26474 6577
8.26524 6892
8.26525 7192
8.26578 7480
8.26579 7757
8.26625 8024
8.26626 8282
8.26673 8532
8.26674 8775
8.26724 9011
8.26725 9241
8.26726 9465
8.26778 9684
8.26779 3600
8.26831 4176
8.26881 4672
8.2693 5115
8.26982 5520
8.27035 5895
8.27087 6246
8.27088 6577
8.27139 6892
8.2714 7192
8.27191 7480
8.27192 7757
8.27244 8024
8.27245 8282
8.27297 2880
8.2734 3600
8.27381 4176
8.27424 4672
8.27472 5115
8.2752 5520
8.27573 5895
8.27625 6246
8.27626 6577
8.27676 6892
8.27677 7192
8.27725 7480
8.27725 7757
8.27777 8024
8.27778 8282
8.2783 8532
8.27831 8775
8.27883 9011
8.27884 3600
8.27935 4176
8.2798 4672
8.28031 5115
8.28085 5520
8.28186 2880
8.28237 3600
8.28288 4176
8.28341 4672
8.28395 5115
8.28538 2880
8.28591 3600
8.28645 4176
8.28697 4672
8.28744 5115
8.28791 5520
8.28844 5895
8.28897 6246
8.28946 2880
8.28991 3600
8.29036 4176
8.29085 4672
8.29138 5115
8.29188 5520
8.29239 5895
8.29287 6246
8.29287 6577
8.29339 6892
8.2934 7192
8.29392 7480
8.29393 7757
8.29445 8024
8.29446 8282
8.29496 2880
8.29538 3600
8.2958 4176
8.29627 4672
8.29677 5115
8.29729 5520
8.29782 5895
8.29835 6246
8.29883 2880
8.29926 3600
8.29971 4176
8.30015 4672
8.30064 5115
8.30117 5520
8.3017 5895
8.30224 2880
8.30276 3600
8.30328 4176
8.30378 4672
8.30428 5115
8.30481 5520
8.30532 5895
8.30577 6246
8.30578 6577
8.3062 6892
8.30621 7192
8.30667 7480
8.30668 7757
8.3072 8024
8.30721 8282
8.30773 8532
8.30774 8775
8.30825 9011
8.30826 9241
8.30827 9465
8.30873 9684
8.30874 9898
8.30875 10107
8.30925 10312
8.30926 10513
8.30927 10710
8.30977 10903
8.30978 11093
8.30979 11279
8.3103 11462
8.31031 11642
8.31032 11820
8.31083 11995
8.31084 12167
8.31085 12337
8.3113 12505
8.31132 5040
8.31176 5451
8.31224 5831
8.31277 6186
8.31278 6521
8.31329 6838
8.3133 7141
8.3138 7431
8.31381 7710
8.3143 7978
8.31431 8237
8.31483 8488
8.31484 8732
8.31536 8969
8.31538 3600
8.31589 4176
8.31631 4672
8.31677 5115
8.31725 5520
8.31779 5895
8.31884 2880
8.31985 3600
8.32038 4176
8.52091 4672
8.52193 2880
8.52246 3600
8.52298 4176
8.52349 4672
8.52399 5115
8.5245 5520
8.52503 5895
8.52556 6246
8.52602 2880
8.52649 3600
8.52694 4176
8.52745 4672
8.52799 5115
8.5295 2880
8.53003 3600
8.73057 4176
8.73212 2880
8.73266 3600
8.73405 2880
8.73455 3600
8.93456 4176
8.93613 2880
8.93666 3600
8.93715 4176
8.93769 4672
8.93822 5115
8.93971 2880
8.94019 3600
8.94072 4176
8.94126 4672
8.94174 5115
8.94226 5520
8.94279 5895
8.94333 6246
8.94385 2880
8.94436 3600
8.9448 4176
8.94531 4672
8.94585 5115
8.94637 5520
8.94688 5895
8.9474 6246
8.94741 6577
8.94793 6892
8.94793 7192
8.94845 7480
8.94846 7757
8.94899 8024
8.9495 2880
8.95051 3600
8.95104 4176
8.95158 4672
8.95211 5115
8.95262 5520
8.95311 5895
8.95358 6246
8.95359 6577
8.9541 6892
8.95411 7192
8.95464 7480
8.95514 2880
8.95567 3600
8.9562 4176
8.9567 4672
8.95724 5115
8.95776 5520
8.95828 5895
8.95879 6246
8.9588 6577
8.95932 6892
8.95933 7192
8.95986 7480
8.95987 7757
8.96039 8024
8.9604 8282
8.96093 2880
8.96142 3600
8.96195 4176
8.96246 4672
8.96299 5115
8.96351 5520
8.96404 5895
8.96452 6246
8.96452 6577
8.96504 6892
8.96505 7192
8.96558 7480
8.96558 7757
8.96611 8024
8.96612 8282
8.96663 2880
8.96714 3600
8.96765 4176
8.96818 4672
8.96871 5115
8.96921 5520
8.9697 5895
8.97016 6246
8.97017 6577
8.9707 6892
8.97122 2880
8.97171 3600
8.97222 4176
8.97275 4672
8.97327 5115
8.97378 5520
8.97425 5895
8.97471 6246
8.97472 6577
8.97518 6892
8.97519 7192
8.97571 7480
8.97573 7757
8.97623 8024
8.97624 8282
8.97675 8532
8.97677 8775
8.97725 9011
8.97726 9241
8.97727 9465
8.97776 9684
8.97777 9898
8.97778 10107
8.97829 10312
8.9783 10513
8.97831 10710
8.9788 10903
8.97881 11093
8.97882 11279
8.97927 11462
8.97928 11642
8.97928 11820
8.97975 11995
8.97975 12167
8.97976 12337
8.97977 12505
8.98026 12670
8.98027 12833
8.98028 12994
8.98028 13153
8.9808 13310
8.98081 5760
8.98183 6120
8.98228 6458
8.98229 6779
8.98278 7084
8.98279 7376
8.9833 7657
8.98331 7927
8.98383 8188
8.98383 8441
8.98434 8686
8.98434 8924
8.98475 9156
8.98475 9382
8.98476 9603
8.9852 9818
8.9852 10029
8.98521 10235
8.98571 10437
8.98572 10635
8.98573 10829
8.98624 11020
8.98625 11208
8.98626 11393
8.98675 11575
8.98676 11754
8.98676 11930
8.98725 12103
8.98726 12274
8.98727 12442
8.98728 12608
8.98779 12772
8.9878 12934
8.9878 13094
8.98781 13252
8.98831 13408
8.98832 13562
8.98833 13714
8.98834 13865
8.9888 14014
8.98881 14161
8.98882 14307
8.98883 14451
8.98927 14594
8.98928 14736
8.98929 14876
8.9893 15015
8.98931 15153
8.98981 15289
8.98982 15424
8.98982 15558
8.98983 15691
8.98984 15823
8.99034 15954
8.99035 16083
8.99035 16211
8.99036 16338
8.99037 16464
8.99087 16589
8.99088 16713
8.99088 16837
8.99089 16960
8.9909 17082
8.99135 17203
8.99136 17323
8.99137 17442
8.99137 17560
8.99138 17678
8.99186 17795
8.99187 17911
8.99188 18026
8.99189 18141
8.9919 18255
8.9919 18368
8.99238 18480
8.99239 18592
8.99239 18703
8.9924 18813
8.99241 18923
8.99242 19032
8.99291 19140
8.99292 19248
8.99292 19355
8.99293 19462
8.99294 19568
8.99295 19673
8.99341 19778
8.99342 19882
8.99343 19986
8.99344 20089
8.99345 20192
8.99345 20294
8.99391 20396
8.99392 20497
8.99392 20598
8.99393 20698
8.99394 20798
8.99395 20897
8.99396 20996
8.99439 21094
8.99439 21192
8.9944 21289
8.99441 21386
8.99442 21482
8.99443 21578
8.99443 21674
8.99489 21769
8.9949 21864
8.99491 21958
8.99492 22052
8.99492 22146
8.99493 22239
8.99494 22332
8.99542 22424
8.99543 22516
8.99544 22608
8.99545 22699
8.99545 22790
8.99546 22880
8.99547 22970
8.99595 23060
8.99596 23149
8.99597 23238
8.99598 23327
8.99598 23415
8.99599 23503
8.996 23591
8.99644 23678
8.99645 23765
8.99645 23852
8.99646 23938
8.99647 24024
8.99648 24110
8.99649 24196
8.99649 24281
8.99689 24366
8.9969 24451
8.9969 24535
8.99691 24619
8.99692 24703
8.99693 24786
8.99694 24869
8.99694 24952
8.99736 25035
8.99737 25117
8.99738 25199
8.99739 25281
8.99739 25363
8.9974 25444
8.99741 25525
8.99742 25606
8.9979 25686
8.99791 11520
8.99843 11700
8.99843 11877
8.9989 12051
8.99891 12223
8.99892 12392
8.99893 12559
8.99936 12724
8.99937 12886
8.99938 13046
8.99939 13204
8.99986 13361
8.99986 13516
8.99987 13669
8.99988 13820
9.00039 13970
9.00039 14118
9.0004 14264
9.00041 14409
9.0009 14552
9.00091 14694
9.00092 14835
9.00093 14974
9.00094 15112
9.00137 15249
9.00137 15384
9.00139 15518
9.00139 15651
9.0014 15783
9.00181 15914
9.00182 16044
9.00183 16173
9.00184 16301
9.00185 16428
9.00228 16554
9.00229 16679
9.00231 16803
9.00231 16926
9.00232 17048
9.00278 17169
9.00279 17289
9.0028 17408
9.00281 17527
9.00282 17645
9.00332 17762
9.00333 7920
9.00435 8181
9.00487 8434
9.00488 8679
9.00538 8917
9.00539 9149
9.0054 9375
9.00592 9596
9.00592 9812
9.00593 10023
9.00641 10229
9.00642 10431
9.00643 10629
9.00691 10824
9.00692 11015
9.00692 11203
9.00743 11388
9.00744 11570
9.00745 11749
9.00796 11925
9.00797 12098
9.00798 12269
9.00846 12438
9.00847 5040
9.00897 5451
9.00945 5831
9.00998 6186
9.00999 6521
9.01052 6838
9.01105 2880
9.01151 3600
9.01197 4176
9.01244 4672
9.01298 5115
9.01437 2880
9.01483 3600
9.21536 4176
10.2154 1440
10.2159 2880
10.2159 3600
10.2164 4176
10.2169 4672
10.2174 5115
10.2179 5520
10.2185 5895
10.219 2880
10.2194 3600
10.2199 4176
10.2205 4672
10.221 5115
10.2215 5520
10.222 5895
10.2225 6246
10.2225 6577
10.223 6892
10.2236 2880
10.2241 3600
10.2246 4176
10.2251 4672
10.2256 5115
10.2262 5520
10.2267 5895
10.2272 6246
10.2272 6577
10.2277 6892
10.2283 2880
10.2288 3600
10.2293 4176
10.2298 4672
10.2304 5115
10.2319 2880
10.2324 3600
10.4329 4176
10.4344 2880
10.435 3600
10.4354 4176
10.436 4672
10.4365 5115
10.437 5520
10.438 2880
10.4385 3600
10.4391 4176
10.6396 4672
10.6406 2880
10.6411 3600
10.6416 4176
10.642 4672
10.6426 5115
10.6431 5520
10.6436 5895
10.644 6246
10.6441 6577
10.6445 6892
10.6445 7192
10.645 7480
10.645 7757
10.6456 8024
10.6461 2880
10.6469 3600
10.6474 4176
10.6479 4672
10.6484 5115
10.6489 5520
10.6494 5895
10.6499 6246
10.6499 6577
10.6504 6892
10.6509 2880
10.6514 3600
10.6518 4176
10.6523 4672
10.6529 5115
10.6534 5520
10.6539 5895
10.6544 6246
10.6544 6577
10.6549 6892
10.6549 7192
10.6554 7480
10.6554 7757
10.6559 8024
10.6559 8282
10.6564 8532
10.6564 8775
10.6568 9011
10.6568 9241
10.6569 9465
10.6573 9684
10.6573 9898
10.6573 10107
10.6579 10312
10.6579 10513
10.6579 10710
10.6584 10903
10.6584 4320
10.6589 4800
10.6593 5232
10.6598 5628
10.6603 5996
10.6609 2880
10.6614 3600
10.6618 4176
10.6623 4672
10.6628 5115
10.6642 2880
10.6646 3600
10.6651 4176
10.6656 4672
10.6661 5115
10.6666 5520
10.6671 5895
10.6676 6246
10.6677 6577
10.6682 6892
10.6682 7192
10.6687 7480
10.6687 7757
10.6692 8024
10.6692 8282
10.6696 8532
10.6697 8775
10.6701 9011
10.6701 9241
10.6701 9465
10.6707 9684
10.6707 9898
10.6707 10107
10.6712 10312
10.6712 10513
10.6712 10710
10.6717 10903
10.6717 11093
10.6717 11279
10.6722 11462
10.6722 11642
10.6722 11820
10.6727 11995
10.6727 12167
10.6727 12337
10.6727 12505
10.6732 12670
10.6732 12833
10.6732 12994
10.6732 13153
10.6737 13310
10.6737 13465
10.6738 13618
10.6738 13770
10.6743 13920
10.6743 14068
10.6743 14215
10.6743 14360
10.6747 14504
10.6747 14646
10.6747 14787
10.6747 14927
10.6752 15065
10.6752 15202
10.6752 15338
10.6752 15473
10.6752 15607
10.6757 15739
10.6757 15870
10.6757 16000
10.6757 16129
10.6757 16257
10.6762 16384
10.6762 16510
10.6762 16635
10.6763 7200
10.6767 7488
10.6771 7764
10.6771 8031
10.6776 8289
10.6776 8539
10.6781 8781
10.6781 9017
10.6786 9246
10.6791 3600
10.68 4176
10.6805 4672
10.681 5115
10.6824 2880
10.6829 3600
10.8834 4176
10.8849 2880
10.8854 3600
10.8859 4176
10.8865 4672
10.887 5115
10.8875 5520
10.888 5895
10.8885 2880
10.889 3600
10.8895 4176
10.89 4672
10.8905 5115
10.891 5520
10.8915 5895
10.892 6246
10.892 6577
10.8925 6892
10.8925 7192
10.893 7480
10.893 7757
10.8935 8024
10.8936 8282
10.8941 8532
10.8941 8775
10.8945 9011
10.8945 9241
10.8946 9465
10.895 9684
10.8951 9898
10.8951 10107
10.8956 10312
10.8956 10513
10.8956 10710
10.8961 10903
10.8961 11093
10.8961 11279
10.8966 11462
10.8966 11642
10.8966 11820
10.8971 11995
10.8971 12167
10.8971 12337
10.8971 12505
10.8976 12670
10.8977 12833
10.8977 12994
10.8977 13153
10.8982 13310
10.8982 13465
10.8982 13618
10.8982 13770
10.8987 13920
10.8987 14068
10.8987 14215
10.8987 14360
10.8992 14504
10.8992 14646
10.8992 14787
10.8992 14927
10.8996 15065
10.8997 15202
10.8997 15338
10.8997 15473
10.8997 15607
10.9002 15739
10.9002 15870
10.9002 16000
10.9002 16129
10.9002 16257
10.9007 16384
10.9007 16510
10.9007 16635
10.9007 16759
10.9007 16882
10.9012 17004
10.9012 17125
10.9012 17246
10.9012 17366
10.9013 17485
10.9017 17603
10.9017 17720
10.9018 17837
10.9018 17953
10.9018 18068
10.9018 18182
10.9022 18296
10.9022 18409
10.9022 18521
10.9022 18632
10.9023 18743
10.9023 18853
10.9027 18962
10.9027 19071
10.9027 19179
10.9027 19287
10.9028 19394
10.9028 19500
10.9033 19606
10.9033 19711
10.9033 8640
10.9038 8880
10.9043 9113
10.9043 9340
10.9043 9562
10.9048 9778
10.9048 9990
10.9048 10197
10.9053 10400
10.9053 10599
10.9054 10794
10.9059 10986
10.9059 11174
10.9059 11359
10.9064 11541
10.9064 5040
10.9069 5451
10.9073 5831
10.9078 6186
10.9078 6521
10.9083 6838
10.9083 7141
10.9088 7431
10.9088 7710
10.9093 7978
10.9093 8237
10.9098 8488
10.9098 8732
10.9103 8969
10.9104 9200
10.9104 9425
10.9108 9645
10.9108 9859
10.9108 10069
10.9114 10274
10.9114 10475
10.9114 10672
10.9119 10866
10.9119 11056
10.9119 11243
10.9124 11427
10.9124 11608
10.9124 11786
10.9129 11961
10.9129 12134
10.9129 12304
10.9129 12472
10.9134 12638
10.9134 12802
10.9134 12963
10.9134 13122
10.9139 13280
10.9139 13436
10.9139 13590
10.9139 13742
10.9144 13892
10.9144 14041
10.9145 14188
10.9145 14334
10.9149 14478
10.9149 14621
10.9149 14762
10.9149 14902
10.9154 15041
10.9154 15178
10.9154 15314
10.9154 15449
10.9154 15583
10.9159 15716
10.9159 15847
10.9159 15977
10.9159 16106
10.9159 16234
10.9164 16361
10.9164 16487
10.9164 16612
10.9164 7200
10.9169 7488
10.9173 7764
10.9173 8031
10.9177 8289
10.9177 8539
10.9181 8781
10.9181 9017
10.9186 9246
10.9186 9470
10.9187 9688
10.9192 9902
10.9192 10111
10.9192 10316
10.9197 10517
10.9197 10714
10.9197 10907
10.9202 11097
10.9202 11283
10.9202 11466
10.9207 11646
10.9207 11824
10.9207 11999
10.9213 12171
10.9213 5040
10.9222 5451
10.9227 5831
10.9232 6186
10.9232 6521
10.9237 6838
10.9243 2880
10.9247 3600
10.9252 4176
10.9257 4672
10.9262 5115
10.9267 5520
10.9272 5895
10.9277 6246
10.9277 6577
10.9282 6892
10.9282 7192
10.9288 7480
10.9288 7757
10.9293 8024
10.9293 8282
10.9297 8532
10.9298 8775
10.9303 9011
10.9303 9241
10.9303 9465
10.9308 9684
10.9308 3600
10.9313 4176
10.9318 4672
10.9322 5115
10.9327 5520
10.9332 5895
10.9337 6246
10.9337 6577
10.9343 6892
10.9343 7192
10.9348 7480
10.9348 7757
10.9353 8024
10.9353 8282
10.9358 8532
10.9358 8775
10.9363 9011
10.9363 9241
10.9364 9465
10.9368 9684
10.9368 9898
10.9368 10107
10.9373 10312
10.9373 10513
10.9373 10710
10.9378 10903
10.9378 11093
10.9378 11279
10.9383 11462
10.9383 11642
10.9383 11820
10.9388 11995
10.9394 5040
10.9414 5451
10.9419 2880
10.9424 3600
10.9428 4176
10.9433 4672
10.9439 5115
10.9444 5520
10.9449 5895
10.9453 6246
10.9453 6577
10.9458 6892
10.9458 7192
10.9464 7480
10.9469 2880
10.9473 3600
10.9477 4176
10.9482 4672
10.9487 5115
10.9492 5520
10.9497 5895
10.9502 6246
10.9502 6577
10.9508 6892
10.9508 7192
10.9513 7480
10.9513 7757
10.9518 8024
10.9518 8282
10.9523 8532
10.9523 8775
10.9528 9011
10.9528 9241
10.9528 9465
10.9533 9684
10.9533 9898
10.9533 10107
10.9538 10312
10.9538 10513
10.9538 10710
10.9543 10903
10.9543 11093
10.9544 11279
10.9549 11462
10.9549 11642
10.9549 11820
10.9554 11995
10.9554 12167
10.9554 12337
10.9554 12505
10.9559 12670
10.9559 12833
10.9559 12994
10.9559 13153
10.9564 13310
10.9564 13465
10.9564 13618
10.9564 13770
10.9569 13920
10.9569 14068
10.9569 14215
10.9569 14360
10.9574 14504
10.9574 14646
10.9574 14787
10.9574 14927
10.958 15065
10.958 15202
10.958 15338
10.958 6480
10.959 6800
10.9595 7104
10.9595 7395
10.9601 7675
10.9601 7945
10.9606 8205
10.9606 8457
10.9611 8702
10.9616 3600
10.9621 4176
10.9626 4672
10.9631 5115
10.9636 5520
10.9641 5895
10.9646 6246
10.9647 6577
10.9652 6892
10.9657 2880
10.9662 3600
10.9667 4176
10.9673 4672
10.9678 5115
10.9683 5520
10.9688 5895
10.9693 6246
10.9699 2880
10.9709 3600
10.9714 4176
10.9719 4672
10.9725 5115
10.973 5520
10.9735 5895
10.974 6246
10.974 6577
10.9745 6892
10.9745 7192
10.975 7480
10.975 7757
10.9756 8024
10.9756 8282
10.9761 2880
10.9766 3600
10.9771 4176
10.9776 4672
10.9782 5115
10.9797 2880
10.9803 3600
10.9808 4176
10.9813 4672
10.9817 5115
10.9823 5520
10.9828 5895
10.9833 6246
10.9839 2880
10.9844 3600
10.9849 4176
10.9854 4672
10.9859 5115
10.9865 5520
10.987 5895
10.9875 6246
10.9881 2880
10.9891 3600
10.9895 4176
10.9901 4672
10.9906 5115
10.992 2880
10.9925 3600
10.993 4176
10.9935 4672
10.994 5115
10.9946 5520
10.995 5895
10.9956 6246
10.9961 2880
10.9966 3600
10.9971 4176
10.9977 4672
10.9982 5115
10.9987 5520
10.9991 5895
10.9996 6246
10.9996 6577
11.0001 6892
11.0001 7192
11.0007 7480
11.0007 7757
11.0011 8024
11.0011 8282
11.0015 8532
11.0015 8775
11.0019 9011
11.0019 9241
11.0019 9465
11.0024 9684
11.0024 9898
11.0024 10107
11.0029 10312
11.0029 10513
11.0029 10710
11.0034 10903
11.0034 11093
11.0034 11279
11.004 11462
11.004 11642
11.004 11820
11.0045 11995
11.0045 12167
11.0045 12337
11.0045 12505
11.005 12670
11.005 12833
11.005 12994
11.005 13153
11.0055 13310
11.0055 13465
11.0055 13618
11.0056 13770
11.006 13920
11.006 14068
11.0061 14215
11.0061 14360
11.0065 14504
11.0065 14646
11.0065 14787
11.0065 14927
11.007 15065
11.007 15202
11.007 15338
11.007 15473
11.007 15607
11.0076 15739
11.0076 6480
11.0081 6800
11.0086 7104
11.0086 7395
11.0091 7675
11.0091 7945
11.0095 8205
11.0095 8457
11.01 8702
11.01 8940
11.0105 9171
11.0111 3600
11.0121 4176
11.0134 2880
11.0139 3600
11.0143 4176
11.0148 4672
11.0153 5115
11.0159 5520
11.0164 5895
11.0169 6246
11.0169 6577
11.0174 6892
11.0179 2880
11.0185 3600
11.019 4176
11.0194 4672
11.02 5115
11.0205 5520
11.021 5895
11.0214 6246
11.0214 6577
11.0219 6892
11.0219 7192
11.0225 7480
11.0225 7757
11.023 8024
11.023 8282
11.0235 2880
11.024 3600
11.0246 4176
11.0251 4672
11.0256 5115
11.0261 5520
11.0266 5895
11.0271 6246
11.0277 2880
11.0282 3600
11.0287 4176
11.0291 4672
11.0297 5115
11.0301 5520
11.0306 5895
11.0311 6246
11.0311 6577
11.0317 6892
11.0322 2880
11.0326 3600
11.0331 4176
11.0336 4672
11.0341 5115
11.0356 2880
11.0361 3600
11.0366 4176
11.0371 4672
11.0376 5115
11.0381 5520
11.0386 5895
11.0391 6246
11.0392 6577
11.0397 6892
11.0397 7192
11.0402 7480
11.0402 7757
11.0407 8024
11.0407 8282
11.0411 8532
11.0411 8775
11.0415 9011
11.0415 9241
11.0415 9465
11.042 9684
11.042 9898
11.042 10107
11.0425 10312
11.0425 10513
11.0425 10710
11.043 10903
11.043 11093
11.043 11279
11.0435 11462
11.0435 11642
11.0435 11820
11.044 11995
11.044 12167
11.044 12337
11.044 12505
11.0446 12670
11.0446 12833
11.0446 12994
11.0446 13153
11.045 13310
11.045 13465
11.045 13618
11.045 13770
11.0455 13920
11.0455 14068
11.0455 14215
11.0455 14360
11.0459 14504
11.0459 14646
11.0459 14787
11.0459 14927
11.0464 15065
11.0464 15202
11.0464 15338
11.0465 15473
11.0465 15607
11.0469 15739
11.047 15870
11.047 16000
11.047 16129
11.047 16257
11.0475 16384
11.0475 16510
11.0475 16635
11.0475 7200
11.048 7488
11.0485 7764
11.0485 8031
11.0489 8289
11.0489 8539
11.0494 8781
11.0494 9017
11.0499 9246
11.0499 9470
11.05 9688
11.0505 9902
11.0505 10111
11.0505 10316
11.0509 10517
11.0509 10714
11.051 10907
11.0514 11097
11.0514 11283
11.0514 11466
11.0519 11646
11.0519 11824
11.052 11999
11.0525 12171
11.0525 12341
11.0525 12509
11.0525 12674
11.053 12837
11.053 5040
11.0535 5451
11.0539 5831
11.0543 6186
11.0543 6521
11.0547 6838
11.0547 7141
11.0551 7431
11.0551 7710
11.0556 7978
11.0556 8237
11.056 8488
11.056 8732
11.0566 8969
11.0566 9200
11.0566 9425
11.0571 9645
11.0571 3600
11.0576 4176
11.058 4672
11.0584 5115
11.0588 5520
11.0593 5895
11.0598 6246
11.0598 6577
11.0603 6892
11.0603 7192
11.0609 7480
11.0609 7757
11.0614 8024
11.0614 8282
11.0618 8532
11.0618 8775
11.0623 9011
11.0623 9241
11.0623 9465
11.0627 9684
11.0628 9898
11.0628 10107
11.0633 10312
11.0633 10513
11.0633 10710
11.0638 10903
11.0638 11093
11.0638 11279
11.0643 11462
11.0643 11642
11.0643 11820
11.0648 11995
11.0648 12167
11.0648 12337
11.0648 12505
11.0653 12670
11.0653 5040
11.0658 5451
11.0663 5831
11.0668 6186
11.0668 6521
11.0674 6838
11.0679 2880
11.0684 3600
11.0688 4176
11.0693 4672
11.0699 5115
11.0712 2880
11.0717 3600
11.0721 4176
11.0726 4672
11.0731 5115
11.0737 5520
11.0742 5895
11.0746 6246
11.0747 6577
11.0751 6892
11.0751 7192
11.0756 7480
11.0756 7757
11.076 8024
11.076 8282
11.0765 8532
11.0765 8775
11.0771 9011
11.0771 9241
11.0771 9465
11.0776 9684
11.0776 9898
11.0776 10107
11.0781 10312
11.0781 10513
11.0781 10710
11.0786 10903
11.0786 11093
11.0786 11279
11.0791 11462
11.0791 11642
11.0791 11820
11.0796 11995
11.0796 12167
11.0796 12337
11.0801 12505
11.0801 5040
11.0807 5451
11.0811 5831
11.0815 6186
11.0815 6521
11.0819 6838
11.0819 7141
11.0824 7431
11.0824 7710
11.0828 7978
11.0828 8237
11.0833 8488
11.0833 8732
11.0838 8969
11.0838 9200
11.0838 9425
11.0843 9645
11.0843 3600
11.0848 4176
11.0853 4672
11.0857 5115
11.0861 5520
11.0866 5895
11.0871 6246
11.0871 6577
11.0876 6892
11.0876 7192
11.0882 7480
11.0887 2880
11.0892 3600
11.0897 4176
11.0903 4672
11.0908 5115
11.0912 5520
11.0918 5895
11.0922 6246
11.0922 6577
11.0927 6892
11.0927 7192
11.0932 7480
11.0932 7757
11.0937 8024
11.0937 8282
11.0942 8532
11.0942 8775
11.0947 9011
11.0948 9241
11.0948 9465
11.0953 9684
11.0953 9898
11.0953 10107
11.0958 10312
11.0958 10513
11.0958 10710
11.0963 10903
11.0963 11093
11.0963 11279
11.0968 11462
11.0968 11642
11.0968 11820
11.0972 11995
11.0972 12167
11.0972 12337
11.0972 12505
11.0976 12670
11.0976 12833
11.0976 12994
11.0976 13153
11.0981 13310
11.0981 13465
11.0981 13618
11.0981 13770
11.0986 13920
11.0986 14068
11.0986 14215
11.0986 14360
11.0991 14504
11.0991 14646
11.0991 14787
11.0991 14927
11.0996 15065
11.0996 15202
11.0996 15338
11.0996 6480
11.1002 6800
11.1006 7104
11.1006 7395
11.101 7675
11.1011 7945
11.1015 8205
11.1015 8457
11.1019 8702
11.1019 8940
11.1023 9171
11.1023 9397
11.1023 9617
11.1027 9832
11.1027 10042
11.1027 10248
11.1031 10450
11.1031 10648
11.1031 10842
11.1036 11033
11.1036 11220
11.1036 11404
11.1041 11585
11.1041 11763
11.1041 11939
11.1046 12112
11.1046 12283
11.1047 12451
11.1047 12617
11.1052 12781
11.1052 5040
11.1057 5451
11.1061 5831
11.1066 6186
11.1066 6521
11.1071 6838
11.1071 7141
11.1076 7431
11.1076 7710
11.1081 7978
11.1081 8237
11.1086 8488
11.1086 8732
11.1091 8969
11.1091 9200
11.1091 9425
11.1095 9645
11.1096 9859
11.1096 10069
11.11 10274
11.11 10475
11.11 10672
11.1104 10866
11.1104 11056
11.1104 11243
11.1109 11427
11.1109 11608
11.1109 11786
11.1114 11961
11.1115 12134
11.1115 12304
11.112 12472
11.112 5040
11.1125 5451
11.1129 5831
11.1133 6186
11.1133 6521
11.1137 6838
11.1137 7141
11.1141 7431
11.1141 7710
11.1145 7978
11.1145 8237
11.115 8488
11.115 8732
11.1155 8969
11.1155 9200
11.1155 9425
11.1161 9645
11.1161 9859
11.1161 10069
11.1166 10274
11.1166 10475
11.1166 10672
11.1171 10866
11.1171 11056
11.1171 11243
11.1176 11427
11.1176 11608
11.1176 11786
11.118 11961
11.118 12134
11.118 12304
11.118 12472
11.1184 12638
11.1185 12802
11.1185 12963
11.1185 13122
11.1189 13280
11.1189 13436
11.1189 13590
11.119 13742
11.1194 13892
11.1194 14041
11.1195 14188
11.1195 14334
11.1199 14478
11.12 14621
11.12 14762
11.12 14902
11.1205 15041
11.1205 15178
11.1205 15314
11.1205 15449
11.1205 15583
11.121 15716
11.121 15847
11.121 15977
11.121 16106
11.121 16234
11.1215 16361
11.1215 16487
11.1215 16612
11.1215 16736
11.1215 16859
11.122 16981
11.122 17103
11.122 17224
11.122 17344
11.122 17463
11.1224 17581
11.1224 17698
11.1224 17815
11.1224 17931
11.1224 18046
11.1224 18160
11.1228 18274
11.1228 18387
11.1228 18499
11.1229 18611
11.1229 18722
11.1229 18832
11.1233 18942
11.1233 19051
11.1233 19159
11.1233 19267
11.1233 19374
11.1233 19481
11.1238 19587
11.1238 19692
11.1238 19797
11.1238 19901
11.1238 20005
11.1238 20108
11.1243 20211
11.1243 20313
11.1243 20415
11.1243 20516
11.1243 20617
11.1243 20717
11.1248 20817
11.1248 20916
11.1248 21015
11.1248 21113
11.1248 21211
11.1248 21308
11.1248 21405
11.1253 21501
11.1253 21597
11.1253 21693
11.1253 21788
11.1253 21883
11.1253 21977
11.1254 22071
11.1258 22164
11.1258 22257
11.1259 22350
11.1259 22442
11.1259 10080
11.1263 10285
11.1267 10486
11.1267 10683
11.1267 10877
11.1271 11067
11.1271 11254
11.1271 11438
11.1275 11619
11.1275 11797
11.1275 11972
11.1279 12145
11.1279 12315
11.1279 12483
11.1279 12649
11.1283 12812
11.1283 12973
11.1283 13132
11.1283 13289
11.1287 13445
11.1287 13599
11.1287 13751
11.1287 13901
11.1291 14050
11.1291 14197
11.1291 14343
11.1291 14487
11.1295 14630
11.1295 14771
11.1295 14911
11.1295 15050
11.1296 15187
11.1299 15323
11.1299 15458
11.1299 15592
11.13 15724
11.13 15855
11.1303 15985
11.1303 16114
11.1304 16242
11.1304 16369
11.1304 16495
11.1307 16620
11.1308 16744
11.1308 16867
11.1308 16989
11.1308 17111
11.1312 17232
11.1312 17352
11.1312 17471
11.1312 17589
11.1312 17706
11.1316 17823
11.1316 17939
11.1316 18054
11.1316 18168
11.1316 18282
11.1316 18395
11.132 18507
11.132 18619
11.132 18730
11.132 18840
11.132 18950
11.132 19059
11.1324 19167
11.1324 19275
11.1324 19382
11.1324 19488
11.1324 19594
11.1324 19699
11.1328 19804
11.1328 19908
11.1328 20012
11.1328 20115
11.1328 20218
11.1328 20320
11.1332 20422
11.1332 20523
11.1332 20624
11.1332 20724
11.1332 20824
11.1333 20923
11.1333 21022
11.1336 21120
11.1336 21218
11.1336 21315
11.1337 21412
11.1337 21508
11.1337 21604
11.1337 21699
11.134 21794
11.134 21889
11.1341 21983
11.1341 22077
11.1341 22170
11.1341 22263
11.1341 22356
11.1344 22448
11.1345 22540
11.1345 22631
11.1345 22722
11.1345 22813
11.1345 22903
11.1345 22993
11.1349 23083
11.1349 23172
11.1349 23261
11.1349 23350
11.1349 23438
11.1349 23526
11.1349 23614
11.1353 23701
11.1353 23788
11.1353 23875
11.1353 23961
11.1353 24047
