1 7480
1.00954 7757
1.0209 8024
1.03225 8282
1.04361 8532
1.06046 2880
1.08329 3600
1.09464 4176
1.10612 4672
1.11759 5115
1.12894 5520
1.14066 5895
1.15249 6246
1.16432 6577
1.17018 6892
1.18177 7192
1.1936 7480
1.20484 7757
1.21607 8024
1.22743 8282
1.2389 8532
1.25038 8775
1.26723 3600
1.2897 4176
1.30093 4672
1.31217 5115
1.3234 5520
1.33464 5895
1.34587 6246
1.35711 6577
1.36834 6892
1.37958 7192
1.39081 7480
1.40205 7757
1.41328 8024
1.42452 8282
1.43575 8532
1.4526 2880
1.47507 3600
1.48631 4176
1.49754 4672
1.50878 5115
1.52001 5520
1.53125 5895
1.54248 6246
1.55372 6577
1.56495 6892
1.57619 7192
1.58742 7480
1.59866 7757
1.60989 8024
1.62101 8282
1.632 8532
1.64862 2880
1.67061 3600
1.6816 4176
1.6926 4672
1.7036 5115
1.71459 5520
1.72547 5895
1.73623 6246
1.74698 6577
1.75774 6892
1.7685 7192
1.77925 7480
1.79001 7757
1.80077 8024
1.81152 8282
1.82228 8532
1.83304 8775
1.84917 3600
1.87069 4176
1.88144 4672
1.8922 5115
1.90308 5520
1.91383 5895
1.92459 6246
1.93535 6577
1.9461 6892
1.95686 7192
1.96762 7480
1.97837 7757
1.98913 8024
1.99989 8282
2.01064 8532
2.02152 8775
2.03777 3600
2.05941 4176
2.07028 4672
2.08116 5115
2.09192 5520
2.10291 5895
2.11379 6246
2.12467 6577
2.13566 6892
2.14666 7192
2.15765 7480
2.16889 7757
2.18012 8024
2.19136 8282
2.19709 8532
2.20821 8775
2.22494 3600
2.25195 4176
2.26295 4672
2.27383 5115
2.2847 5520
2.29546 5895
2.30622 6246
2.31697 6577
2.32773 6892
2.33849 7192
2.34924 7480
2.36 7757
2.37076 8024
2.38151 8282
2.39227 8532
2.40303 8775
2.41916 3600
2.44068 4176
2.45143 4672
2.46219 5115
2.47295 5520
2.4837 5895
2.49446 6246
2.50522 6577
2.51597 6892
2.52673 7192
2.53749 7480
2.54836 7757
2.55936 8024
2.57036 8282
2.58135 8532
2.59235 8775
2.60884 3600
2.63083 4176
2.64183 4672
2.65282 5115
2.66382 5520
2.67505 5895
2.68629 6246
2.69752 6577
2.70876 6892
2.71999 7192
2.73123 7480
2.74246 7757
2.7537 8024
2.76493 8282
2.77617 8532
2.79302 2880
2.81525 3600
2.82625 4176
2.83724 4672
2.84824 5115
2.85924 5520
2.87023 5895
2.88123 6246
2.89234 6577
2.90334 6892
2.91421 7192
2.92497 7480
2.93573 7757
2.94648 8024
2.95724 8282
2.968 8532
2.97899 8775
2.99513 3600
3.01712 4176
3.02812 4672
3.03911 5115
3.05035 5520
3.06134 5895
3.07246 6246
3.08345 6577
3.09457 6892
3.10569 7192
3.11668 7480
3.12792 7757
3.13903 8024
3.15015 8282
3.16138 8532
3.17811 2880
3.2007 3600
3.21218 4176
3.22389 4672
3.22927 5115
3.2411 5520
3.2521 5895
3.26309 6246
3.27409 6577
3.2852 6892
3.29656 7192
3.30767 7480
3.31867 7757
3.32967 8024
3.34066 8282
3.35166 8532
3.36265 8775
3.37915 3600
3.40126 4176
3.41225 4672
3.42325 5115
3.43425 5520
3.44524 5895
3.45624 6246
3.46723 6577
3.47823 6892
3.48923 7192
3.50022 7480
3.51122 7757
3.52221 8024
3.53321 8282
3.5442 8532
3.5552 8775
3.57169 3600
3.59381 4176
3.6048 4672
3.6158 5115
3.62679 5520
3.63779 5895
3.64878 6246
3.65978 6577
3.67078 6892
3.68177 7192
3.69277 7480
3.70376 7757
3.71476 8024
3.72576 8282
3.73675 8532
3.74775 8775
3.76424 3600
3.78623 4176
3.79723 4672
3.80822 5115
3.81922 5520
3.83022 5895
3.84121 6246
3.85221 6577
3.8632 6892
3.87444 7192
3.88555 7480
3.89691 7757
3.90814 8024
3.91938 8282
3.93061 8532
3.94758 2880
3.97005 3600
3.98129 4176
3.99252 4672
4.00376 5115
4.01499 5520
4.02623 5895
4.03746 6246
4.04882 6577
4.06005 6892
4.07129 7192
4.08264 7480
4.094 7757
4.10535 8024
4.11659 8282
4.12806 8532
4.14503 2880
4.16774 3600
4.17909 4176
4.19045 4672
4.20192 5115
4.2134 5520
4.22475 5895
4.23646 6246
4.24818 6577
4.26001 6892
4.26587 7192
4.27806 7480
4.28929 7757
4.30053 8024
4.31176 8282
4.32312 8532
4.33471 8775
4.35168 3600
4.37415 4176
4.38539 4672
4.39674 5115
4.40798 5520
4.41921 5895
4.43045 6246
4.44168 6577
4.45291 6892
4.46415 7192
4.47538 7480
4.48662 7757
4.49785 8024
4.50909 8282
4.52032 8532
4.53718 2880
4.55965 3600
4.57088 4176
4.58212 4672
4.59335 5115
4.60459 5520
4.61582 5895
4.62694 6246
4.63853 6577
4.64976 6892
4.661 7192
4.67223 7480
4.68347 7757
4.6947 8024
4.70594 8282
4.71717 8532
4.73403 2880
4.7565 3600
4.76773 4176
4.77897 4672
4.7902 5115
4.80144 5520
4.81267 5895
4.8239 6246
4.83514 6577
4.84637 6892
4.85761 7192
4.86884 7480
4.88008 7757
4.89131 8024
4.90255 8282
4.91378 8532
4.93076 2880
4.95323 3600
4.96446 4176
4.9757 4672
4.98693 5115
4.99828 5520
5.00952 5895
5.02075 6246
5.03199 6577
5.04322 6892
5.05446 7192
5.06569 7480
5.07693 7757
5.08816 8024
5.09952 8282
5.11075 8532
5.12772 2880
5.15043 3600
5.16179 4176
5.17302 4672
5.18438 5115
5.19573 5520
5.20697 5895
5.21844 6246
5.22979 6577
5.24115 6892
5.2525 7192
5.2641 7480
5.27533 7757
5.28693 8024
5.29876 8282
5.31047 8532
5.32218 2880
5.34561 3600
5.35684 4176
5.36808 4672
5.37931 5115
5.39115 5520
5.4025 5895
5.41374 6246
5.42497 6577
5.43621 6892
5.44744 7192
5.45868 7480
5.46991 7757
5.48115 8024
5.49238 8282
5.50362 8532
5.52047 2880
5.54294 3600
5.55417 4176
5.56541 4672
5.57664 5115
5.58788 5520
5.59911 5895
5.61035 6246
5.62158 6577
5.63282 6892
5.64417 7192
5.65541 7480
5.66664 7757
5.67788 8024
5.68923 8282
5.70046 8532
5.71732 2880
5.73979 3600
5.75102 4176
5.76226 4672
5.77349 5115
5.78473 5520
5.79596 5895
5.8072 6246
5.81843 6577
5.82967 6892
5.8409 7192
5.85214 7480
5.86337 7757
5.87449 8024
5.88572 8282
5.89707 8532
5.91393 2880
5.9364 3600
5.94763 4176
5.95887 4672
5.9701 5115
5.98146 5520
5.99269 5895
6.00393 6246
6.01516 6577
6.0264 6892
6.03763 7192
6.04898 7480
6.06022 7757
6.07145 8024
6.08269 8282
6.09392 8532
6.11078 2880
6.13325 3600
6.1446 4176
6.15596 4672
6.16719 5115
6.17843 5520
6.18978 5895
6.20113 6246
6.21249 6577
6.22372 6892
6.23508 7192
6.24643 7480
6.25767 7757
6.26914 8024
6.2805 8282
6.29185 8532
6.30894 2880
6.33177 3600
6.34348 4176
6.3552 4672
6.36703 5115
6.37288 5520
6.38508 5895
6.39643 6246
6.40766 6577
6.4189 6892
6.43025 7192
6.44185 7480
6.4532 7757
6.46444 8024
6.47567 8282
6.48691 8532
6.50376 2880
6.52623 3600
6.53746 4176
6.5487 4672
6.55993 5115
6.57117 5520
6.5824 5895
6.59364 6246
6.60487 6577
6.61611 6892
6.62722 7192
6.6387 7480
6.64993 7757
6.66117 8024
6.6724 8282
6.68364 8532
6.70049 2880
6.72296 3600
6.73419 4176
6.74555 4672
6.75678 5115
6.76802 5520
6.77925 5895
6.79049 6246
6.80172 6577
6.81296 6892
6.82419 7192
6.83543 7480
6.84666 7757
6.8579 8024
6.86913 8282
6.88037 8532
6.89722 2880
6.91969 3600
6.93092 4176
6.94216 4672
6.95339 5115
6.96463 5520
6.97586 5895
6.9871 6246
6.99833 6577
7.00957 6892
7.0208 7192
7.03216 7480
7.04339 7757
7.05463 8024
7.06586 8282
7.0771 8532
7.09395 2880
7.11654 3600
7.12789 4176
7.13913 4672
7.15036 5115
7.1616 5520
7.17283 5895
7.18407 6246
7.1953 6577
7.20666 6892
7.21789 7192
7.22913 7480
7.24048 7757
7.25183 8024
7.26307 8282
7.27442 8532
7.2914 2880
7.31398 3600
7.32546 4176
7.33681 4672
7.34817 5115
7.35952 5520
7.37112 5895
7.38235 6246
7.39406 6577
7.4059 6892
7.41761 7192
7.4292 7480
7.4353 7757
7.44713 8024
7.45836 8282
7.4696 8532
7.48083 8775
7.49243 9011
7.5039 9241
7.51514 9465
7.52637 9684
7.53761 9898
7.55446 3600
7.57693 4176
7.58816 4672
7.5994 5115
7.61063 5520
7.62187 5895
7.6331 6246
7.64446 6577
7.65569 6892
7.66693 7192
7.67816 7480
7.6894 7757
7.70063 8024
7.71187 8282
7.7231 8532
7.73995 2880
7.76242 3600
7.77366 4176
7.78489 4672
7.79625 5115
7.80748 5520
7.81872 5895
7.82995 6246
7.84119 6577
7.85242 6892
7.86366 7192
7.87477 7480
7.88601 7757
7.89736 8024
7.9086 8282
7.91983 8532
7.93668 2880
7.95915 3600
7.97039 4176
7.98162 4672
7.99286 5115
8.00409 5520
8.01533 5895
8.02656 6246
8.0378 6577
8.04903 6892
8.06027 7192
8.0715 7480
8.08274 7757
8.09409 8024
8.10533 8282
8.11656 8532
8.13341 2880
8.15612 3600
8.16736 4176
8.17859 4672
8.18983 5115
8.20106 5520
8.2123 5895
8.22353 6246
8.23477 6577
8.246 6892
8.25736 7192
8.26859 7480
8.27983 7757
8.29106 8024
8.30253 8282
8.31377 8532
8.33074 2880
8.35345 3600
8.36468 4176
8.37604 4672
8.38763 5115
8.39899 5520
8.41022 5895
8.42182 6246
8.43317 6577
8.44476 6892
8.4566 7192
8.46819 7480
8.4799 7757
8.486 8024
8.49783 8282
8.50907 8532
8.5203 8775
8.53727 3600
8.56022 4176
8.57145 4672
8.58269 5115
8.59392 5520
8.60516 5895
8.61639 6246
8.62751 6577
8.63898 6892
8.65022 7192
8.66145 7480
8.67269 7757
8.68392 8024
8.69516 8282
8.70639 8532
8.72324 2880
8.74571 3600
8.75695 4176
8.76818 4672
8.77942 5115
8.79065 5520
8.80189 5895
8.81312 6246
8.82436 6577
8.83559 6892
8.84695 7192
8.85818 7480
8.86942 7757
8.88065 8024
8.89189 8282
8.90312 8532
8.91997 2880
8.94244 3600
8.95368 4176
8.96491 4672
8.97615 5115
8.98738 5520
8.99862 5895
9.00985 6246
9.02109 6577
9.03232 6892
9.04356 7192
9.05479 7480
9.06603 7757
9.07726 8024
9.0885 8282
9.09973 8532
9.11659 2880
9.13929 3600
9.15053 4176
9.16176 4672
9.173 5115
9.18423 5520
9.19547 5895
9.20682 6246
9.21806 6577
9.22929 6892
9.24053 7192
9.25176 7480
9.263 7757
9.27423 8024
9.28547 8282
9.2967 8532
9.31367 2880
9.33614 3600
9.3475 4176
9.35885 4672
9.37009 5115
9.38144 5520
9.39292 5895
9.40427 6246
9.4155 6577
9.42686 6892
9.43821 7192
9.44969 7480
9.46092 7757
9.47252 8024
9.48387 8282
9.49522 8532
9.51291 2880
9.53622 3600
9.54232 4176
9.55415 4672
9.56538 5115
9.57662 5520
9.58785 5895
9.59945 6246
9.61092 6577
9.62215 6892
9.63339 7192
9.64462 7480
9.65586 7757
9.66709 8024
9.67833 8282
9.68956 8532
9.70642 2880
9.72889 3600
9.74012 4176
9.75136 4672
9.76259 5115
9.77383 5520
9.78506 5895
9.7963 6246
9.80753 6577
9.81877 6892
9.83 7192
9.84123 7480
9.85247 7757
9.8637 8024
9.87494 8282
9.88617 8532
9.90327 2880
9.92574 3600
9.93697 4176
9.94821 4672
9.95944 5115
9.97068 5520
9.98191 5895
9.99314 6246
10.0044 6577
10.0156 6892
10.0268 7192
10.0381 7480
10.0493 7757
10.0606 8024
10.0718 8282
10.083 8532
10.0999 2880
10.1223 3600
10.1336 4176
10.1449 4672
10.1562 5115
10.1674 5520
10.1786 5895
10.1899 6246
10.2012 6577
10.2125 6892
10.2237 7192
10.2349 7480
10.2462 7757
10.2574 8024
10.2688 8282
10.28 8532
10.2968 2880
10.3193 3600
10.3305 4176
10.3418 4672
10.353 5115
10.3644 5520
10.3755 5895
10.387 6246
10.3982 6577
10.4097 6892
10.4209 7192
10.4323 7480
10.4436 7757
10.455 8024
10.4662 8282
10.4776 8532
10.4947 2880
10.5172 3600
10.5288 4176
10.5402 4672
10.5518 5115
10.5636 5520
10.5752 5895
10.5869 6246
10.593 6577
10.6048 6892
10.6161 7192
10.6272 7480
10.6384 7757
10.6501 8024
10.6615 8282
10.6729 8532
10.6841 8775
10.6953 9011
10.7122 3600
10.7346 4176
10.7459 4672
10.7571 5115
10.7684 5520
10.7796 5895
10.7908 6246
10.8021 6577
10.8133 6892
10.8245 7192
10.8358 7480
10.847 7757
10.8582 8024
10.8695 8282
10.8808 8532
10.8977 2880
10.9201 3600
10.9314 4176
10.9426 4672
10.954 5115
10.9652 5520
10.9764 5895
10.9877 6246
10.9989 6577
11.0098 6892
11.0204 7192
11.0307 7480
11.0405 7757
11.0505 8024
11.0604 8282
11.0702 8532
11.0799 8775
11.0903 9011
11.1006 9241
11.1111 9465
11.1208 9684
11.1312 9898
11.141 10107
11.1557 4320
11.1802 4800
11.19 5232
11.1998 5628
11.2103 5996
11.2208 6341
11.2313 6668
11.2419 6978
11.2524 7275
11.2629 7560
11.2734 7834
11.2839 8098
11.2944 8354
11.305 8602
11.3155 8843
11.3314 3600
11.3577 4176
11.3682 4672
11.3787 5115
11.3892 5520
11.3997 5895
11.4103 6246
11.4208 6577
11.4313 6892
11.4418 7192
11.4524 7480
11.463 7757
11.4736 8024
11.4841 8282
11.4946 8532
11.5052 8775
11.5209 3600
11.5421 4176
11.5526 4672
11.5632 5115
11.5739 5520
11.5845 5895
11.5952 6246
11.6057 6577
11.6164 6892
11.6219 7192
11.6334 7480
11.6439 7757
11.6546 8024
11.6651 8282
11.6757 8532
11.6866 8775
11.7024 3600
11.7288 4176
11.7393 4672
11.7498 5115
11.7603 5520
11.7708 5895
11.7814 6246
11.7919 6577
11.8024 6892
11.8129 7192
11.8234 7480
11.834 7757
11.8445 8024
11.8551 8282
11.8656 8532
11.8761 8775
11.8919 3600
11.913 4176
11.9235 4672
11.934 5115
11.9445 5520
11.955 5895
11.9655 6246
11.9761 6577
11.9866 6892
11.9971 7192
12.0076 7480
12.0181 7757
12.0288 8024
12.0393 8282
12.0498 8532
12.0603 8775
12.0765 3600
12.0983 4176
12.1092 4672
12.1197 5115
12.1302 5520
12.1408 5895
12.1513 6246
12.1618 6577
12.1723 6892
12.1828 7192
12.1937 7480
12.2042 7757
12.2147 8024
12.2253 8282
12.2358 8532
12.2463 8775
12.2621 3600
12.2831 4176
12.2936 4672
12.3043 5115
12.3148 5520
12.3253 5895
12.3359 6246
12.3465 6577
12.357 6892
12.3675 7192
12.378 7480
12.3885 7757
12.399 8024
12.4096 8282
12.4201 8532
12.4306 8775
12.4465 3600
12.4677 4176
12.4782 4672
12.4887 5115
12.4992 5520
12.5097 5895
12.5202 6246
12.5309 6577
12.5414 6892
12.5522 7192
12.5627 7480
12.5734 7757
12.5841 8024
12.5947 8282
12.6053 8532
12.6108 8775
12.6276 3600
12.654 4176
12.6646 4672
12.6754 5115
12.6859 5520
12.6964 5895
12.7069 6246
12.7176 6577
12.7281 6892
12.7386 7192
12.7491 7480
12.7596 7757
12.7702 8024
12.7807 8282
12.7912 8532
12.8017 8775
12.8176 3600
12.8386 4176
12.8492 4672
12.8597 5115
12.8702 5520
12.8807 5895
12.8912 6246
12.9017 6577
12.9123 6892
12.9228 7192
12.9333 7480
12.9438 7757
12.9543 8024
12.9649 8282
12.9754 8532
12.9859 8775
13.0017 3600
13.0281 4176
13.0386 4672
13.0491 5115
13.06 5520
13.0709 5895
13.0817 6246
13.0926 6577
13.1033 6892
13.1138 7192
13.1243 7480
13.1348 7757
13.1453 8024
13.1558 8282
13.1664 8532
13.1769 8775
13.193 3600
13.2141 4176
13.2246 4672
13.2351 5115
13.2456 5520
13.2561 5895
13.2666 6246
13.2772 6577
13.2877 6892
13.2984 7192
13.309 7480
13.3196 7757
13.3301 8024
13.3406 8282
13.3511 8532
13.3617 8775
13.3774 3600
13.3985 4176
13.409 4672
13.4195 5115
13.4301 5520
13.4407 5895
13.4513 6246
13.4618 6577
13.4723 6892
13.4829 7192
13.4934 7480
13.5039 7757
13.5145 8024
13.525 8282
13.5357 8532
13.5462 8775
13.5621 3600
13.5833 4176
13.5939 4672
13.5993 5115
13.6104 5520
13.621 5895
13.6315 6246
13.6421 6577
13.6529 6892
13.6634 7192
13.674 7480
13.6845 7757
13.695 8024
13.7056 8282
13.7162 8532
13.7267 8775
13.7425 3600
13.7635 4176
13.7744 4672
13.7849 5115
13.7954 5520
13.806 5895
13.8166 6246
13.8271 6577
13.8376 6892
13.8481 7192
13.8586 7480
13.8691 7757
13.8797 8024
13.8902 8282
13.9007 8532
13.9112 8775
13.927 3600
13.9533 4176
13.9638 4672
13.9743 5115
13.9848 5520
13.9954 5895
14.006 6246
14.0165 6577
14.027 6892
14.0377 7192
14.0484 7480
14.0597 7757
14.0702 8024
14.0811 8282
14.0916 8532
14.1021 8775
14.1179 3600
14.1389 4176
14.1494 4672
14.1599 5115
14.1708 5520
14.1813 5895
14.1918 6246
14.2024 6577
14.2129 6892
14.2234 7192
14.2339 7480
14.2443 7757
14.2551 8024
14.2656 8282
14.2763 8532
14.2869 8775
14.3028 3600
14.3238 4176
14.3343 4672
14.3448 5115
14.3553 5520
14.3659 5895
14.3764 6246
14.3869 6577
14.3974 6892
14.4081 7192
14.4186 7480
14.4291 7757
14.4397 8024
14.4502 8282
14.4608 8532
14.4713 8775
14.4869 3600
14.5082 4176
14.5187 4672
14.5293 5115
14.5398 5520
14.5504 5895
14.561 6246
14.5716 6577
14.5823 6892
14.5881 7192
14.5991 7480
14.6097 7757
14.6202 8024
14.6307 8282
14.6416 8532
14.6521 8775
14.6626 9011
14.6732 9241
14.6837 9465
14.6996 3600
14.7259 4176
14.7365 4672
14.747 5115
14.7578 5520
14.7683 5895
14.7788 6246
14.7894 6577
14.8 6892
14.8105 7192
14.821 7480
14.8315 7757
14.842 8024
14.8526 8282
14.8631 8532
14.8736 8775
14.8894 3600
14.9104 4176
14.9209 4672
14.9314 5115
14.942 5520
14.9525 5895
14.963 6246
14.9735 6577
14.984 6892
14.9947 7192
15.0052 7480
15.0157 7757
15.0265 8024
15.0371 8282
15.0483 8532
15.0588 8775
15.075 3600
15.096 4176
15.1065 4672
15.1171 5115
15.1276 5520
15.1381 5895
15.1486 6246
15.1595 6577
15.17 6892
15.1805 7192
15.191 7480
15.2016 7757
15.2123 8024
15.2228 8282
15.2335 8532
15.244 8775
15.2599 3600
15.281 4176
15.2917 4672
15.3022 5115
15.3127 5520
15.3232 5895
15.3337 6246
15.3443 6577
15.3548 6892
15.3653 7192
15.3758 7480
15.3863 7757
15.397 8024
15.4075 8282
15.418 8532
15.4286 8775
15.4444 3600
15.4655 4176
15.476 4672
15.4865 5115
15.497 5520
15.5075 5895
15.518 6246
15.5286 6577
15.5392 6892
15.5498 7192
15.5605 7480
15.5712 7757
15.5772 8024
15.5877 8282
15.5984 8532
15.6089 8775
15.625 3600
15.6513 4176
15.6618 4672
15.6725 5115
15.683 5520
15.6935 5895
15.704 6246
15.7147 6577
15.7252 6892
15.7357 7192
15.7464 7480
15.757 7757
15.7675 8024
15.7781 8282
15.7886 8532
15.7992 8775
15.8149 3600
15.836 4176
15.8465 4672
15.857 5115
15.8675 5520
15.878 5895
15.8886 6246
15.8991 6577
15.9096 6892
15.9201 7192
15.9307 7480
15.9413 7757
15.9518 8024
15.9623 8282
15.9729 8532
15.9835 8775
15.9992 3600
16.0206 4176
16.0319 4672
16.0424 5115
16.0533 5520
16.0638 5895
16.0743 6246
16.0848 6577
16.0953 6892
16.1058 7192
16.1164 7480
16.1269 7757
16.1378 8024
16.1483 8282
16.1588 8532
16.1695 8775
16.1853 3600
16.2065 4176
16.217 4672
16.2276 5115
16.2381 5520
16.2489 5895
16.2594 6246
16.2699 6577
16.2806 6892
16.2911 7192
16.3016 7480
16.3121 7757
16.3226 8024
16.3332 8282
16.3437 8532
16.3542 8775
16.37 3600
16.3911 4176
16.4015 4672
16.4123 5115
16.4228 5520
16.4333 5895
16.4438 6246
16.4544 6577
16.4649 6892
16.4754 7192
16.4859 7480
16.4964 7757
16.5069 8024
16.5175 8282
16.5281 8532
16.5387 8775
16.5548 3600
16.5713 4176
16.5819 4672
16.5924 5115
16.6029 5520
16.6138 5895
16.6243 6246
16.6348 6577
16.6454 6892
16.656 7192
16.6666 7480
16.6771 7757
16.6877 8024
16.6982 8282
16.7088 8532
16.7193 8775
16.7354 3600
16.7564 4176
16.767 4672
16.7775 5115
16.7881 5520
16.7986 5895
16.8091 6246
16.8196 6577
16.8301 6892
16.8406 7192
16.8512 7480
16.8617 7757
16.8722 8024
16.8827 8282
16.8932 8532
16.9039 8775
16.9197 3600
16.9407 4176
16.9512 4672
16.9618 5115
16.9724 5520
16.9829 5895
16.9934 6246
17.004 6577
17.015 6892
17.0259 7192
17.0365 7480
17.0473 7757
17.0578 8024
17.0683 8282
17.0789 8532
17.0894 8775
17.1051 3600
17.1265 4176
17.1372 4672
17.1478 5115
17.1583 5520
17.1689 5895
17.1795 6246
17.19 6577
17.2005 6892
17.2112 7192
17.2217 7480
17.2323 7757
17.243 8024
17.2535 8282
17.2641 8532
17.2746 8775
17.2904 3600
17.3114 4176
17.322 4672
17.3325 5115
17.343 5520
17.3535 5895
17.364 6246
17.3747 6577
17.3852 6892
17.3958 7192
17.4063 7480
17.4169 7757
17.4274 8024
17.4379 8282
17.4484 8532
17.4589 8775
17.4747 3600
17.4957 4176
17.5064 4672
17.5169 5115
17.5274 5520
17.538 5895
17.5437 6246
17.5547 6577
17.5653 6892
17.5758 7192
17.5863 7480
17.5972 7757
17.6077 8024
17.6184 8282
17.629 8532
17.6395 8775
17.6502 9011
17.6659 3600
17.687 4176
17.6976 4672
17.7081 5115
17.7189 5520
17.7294 5895
17.7399 6246
17.7506 6577
17.7611 6892
17.7716 7192
17.7821 7480
17.7926 7757
17.8031 8024
17.8137 8282
17.8242 8532
17.8347 8775
17.8505 3600
17.8715 4176
17.882 4672
17.8927 5115
17.9032 5520
17.9137 5895
17.9242 6246
17.9347 6577
17.9454 6892
17.9559 7192
17.9664 7480
17.9769 7757
17.9876 8024
17.9983 8282
18.0094 8532
18.0201 8775
18.0361 3600
18.0571 4176
18.0676 4672
18.0782 5115
18.0887 5520
18.0993 5895
18.1102 6246
18.1207 6577
18.1312 6892
18.1419 7192
18.1524 7480
18.163 7757
18.1735 8024
18.1841 8282
18.1947 8532
18.2052 8775
18.2212 3600
18.2423 4176
18.2529 4672
18.2634 5115
18.2739 5520
18.2845 5895
18.295 6246
18.3055 6577
18.316 6892
18.3265 7192
18.3369 7480
18.3476 7757
18.3582 8024
18.3688 8282
18.3793 8532
18.39 8775
18.4058 3600
18.4268 4176
18.4373 4672
18.4478 5115
18.4584 5520
18.4689 5895
18.4794 6246
18.4899 6577
18.5005 6892
18.5111 7192
18.5216 7480
18.5271 7757
18.5382 8024
18.5487 8282
18.5593 8532
18.5701 8775
18.5862 3600
18.6127 4176
18.6233 4672
18.6338 5115
