1 0.0520146
1.0002 0.0525128
1.01131 0.0529487
1.02279 0.0533301
1.0339 0.0536638
1.04514 0.0539558
1.05697 0.0542114
1.06761 0.0544349
1.07884 0.0546306
1.09032 0.0549267
1.18103 0.0533109
1.19227 0.051772
1.21378 0.0516755
1.2243 0.0505911
1.24489 0.0507672
1.25528 0.0496713
1.27539 0.0498374
1.27563 0.0474827
1.28675 0.0454224
1.3079 0.0437446
1.30814 0.0424015
1.32045 0.0413513
1.34328 0.0406824
1.35093 0.0408471
1.35942 0.0421162
1.37854 0.0441017
1.38619 0.043964
1.39467 0.0439685
1.4138 0.0452224
1.42157 0.0449446
1.42993 0.0447015
1.44906 0.0459888
1.45408 0.0453652
1.46244 0.0448196
1.47296 0.0445921
1.48443 0.0433931
1.49555 0.043094
1.50786 0.0433322
1.51993 0.0437907
1.53117 0.0441919
1.54252 0.0445429
1.55352 0.046225
1.56463 0.0475719
1.57599 0.0486254
1.58698 0.0494222
1.59774 0.0501195
1.60933 0.0508545
1.62033 0.0514977
1.63132 0.0520605
1.6428 0.0525529
1.65355 0.0529838
1.66431 0.0532358
1.67459 0.0533314
1.68618 0.0535399
1.6967 0.0535974
1.70746 0.0536478
1.71845 0.0536918
1.73029 0.0539803
1.7414 0.0541078
1.75264 0.0543443
1.84335 0.0526763
1.85232 0.0509667
1.87383 0.0513459
1.88315 0.0499277
1.90446 0.0501867
1.91438 0.0490384
1.93553 0.0494086
1.93577 0.0471075
1.94796 0.0453441
1.97115 0.044176
1.97677 0.043779
1.98334 0.0428067
2.00653 0.0418308
2.01226 0.041102
2.02302 0.0418392
2.04178 0.0438593
2.04848 0.0436269
2.06055 0.0441735
2.07704 0.0454019
2.08374 0.0449766
2.09581 0.0452295
2.1123 0.0460758
2.11899 0.0454414
2.12951 0.0455112
2.14146 0.0455723
2.15437 0.0451258
2.16561 0.04536
2.17732 0.04569
2.18855 0.0458538
2.20003 0.0458721
2.21091 0.045763
2.2213 0.0470427
2.2317 0.0479123
2.24365 0.0487983
2.25405 0.0494485
2.26433 0.0500174
2.2758 0.0505153
2.28692 0.0510759
2.29696 0.0513164
2.30748 0.0515268
2.31835 0.051836
2.32887 0.0519815
2.33879 0.0519838
2.3505 0.0522358
2.36078 0.0523313
2.37094 0.0522899
2.3823 0.0525037
2.39329 0.0528157
2.40369 0.0528388
2.41445 0.0529839
2.50122 0.0509859
2.51093 0.0491127
2.53352 0.0497236
2.54179 0.0485081
2.56414 0.0491946
2.57242 0.0479203
2.59704 0.0489303
2.59728 0.046939
2.60505 0.0451966
2.63242 0.043922
2.63636 0.0433068
2.64043 0.0422684
2.6678 0.0413599
2.67186 0.0405649
2.68095 0.0409943
2.70306 0.043745
2.70939 0.0435269
2.71931 0.044086
2.73831 0.0458253
2.74501 0.0453471
2.75457 0.0453037
2.77357 0.0463907
2.77907 0.0457169
2.78875 0.0453773
2.80082 0.0454551
2.80895 0.0441482
2.82007 0.0437547
2.83166 0.0436604
2.84301 0.0435778
2.85461 0.0438806
2.86596 0.0440205
2.87684 0.045518
2.88688 0.0467032
2.89787 0.0476153
2.90911 0.0485384
2.91939 0.0492211
2.93002 0.0498185
2.94078 0.0503411
2.95106 0.0507985
2.9611 0.0509487
2.97198 0.0510801
2.98237 0.0511951
2.99229 0.0512957
3.00317 0.0513837
3.01405 0.0515858
3.02445 0.0517626
3.03508 0.0519172
3.0468 0.0521776
3.05719 0.0524054
3.06807 0.0526047
3.15436 0.0506541
3.16383 0.0486974
3.1869 0.0492352
3.19446 0.0480808
3.21777 0.0488207
3.22521 0.0475931
3.25031 0.048644
3.25055 0.0466885
3.25796 0.0448524
3.2858 0.0436209
3.29202 0.0434182
3.29668 0.042866
3.32118 0.0420077
3.3274 0.0411318
3.33959 0.0418653
3.35644 0.0441321
3.36337 0.0438656
3.37544 0.0443824
3.3917 0.0453346
3.39887 0.0449178
3.41118 0.0453031
3.42696 0.0460152
3.43245 0.0453883
3.44309 0.0453397
3.45576 0.0451723
3.46831 0.0447757
3.47978 0.0450538
3.49126 0.045422
3.50309 0.0457443
3.51433 0.0457763
3.5258 0.0458042
3.5368 0.0472037
3.54695 0.0481782
3.55771 0.048906
3.56907 0.0496677
3.57946 0.0502092
3.5901 0.0506831
3.60086 0.0510977
3.6115 0.0514605
3.62177 0.0515279
3.63241 0.0517119
3.64341 0.0518729
3.65393 0.0520138
3.66408 0.0521371
3.67568 0.05237
3.68596 0.0524487
3.69683 0.0525176
3.70843 0.0528279
3.71942 0.0530994
3.73018 0.053337
3.81519 0.0511699
3.82463 0.0491486
3.84734 0.0497551
3.85514 0.0485357
3.87856 0.0492187
3.88552 0.0478164
3.9117 0.0488393
3.91194 0.0468594
3.91947 0.045252
3.94708 0.0440955
3.95186 0.0435835
3.95831 0.0430106
3.98245 0.0420093
3.98735 0.0412581
3.99799 0.0418509
4.01795 0.0439945
4.02273 0.0434952
4.03373 0.0438083
4.05321 0.0453322
4.05799 0.0446657
4.06899 0.0448325
4.08847 0.0461034
4.09253 0.0452155
4.10436 0.0454386
4.11727 0.0458837
4.12385 0.0445233
4.13556 0.0443329
4.14679 0.0440413
4.15875 0.0436611
4.16998 0.0439535
4.18098 0.0440843
4.19185 0.0455737
4.20177 0.046752
4.21241 0.047658
4.22364 0.0484508
4.23368 0.0490194
4.24337 0.049392
4.25412 0.049843
4.26512 0.0502376
4.27444 0.0503329
4.28484 0.0504163
4.29572 0.0506143
4.30611 0.0507875
4.31532 0.050689
4.32703 0.0509779
4.33838 0.0513557
4.3483 0.0515612
4.35978 0.0517411
4.37125 0.0522734
4.38153 0.0524893
4.46642 0.0504281
4.47634 0.0486246
4.49917 0.0492965
4.50673 0.0481344
4.53027 0.0488676
4.5384 0.0476342
4.56326 0.0488049
4.5635 0.0468293
4.57234 0.0452256
4.59864 0.0439474
4.60246 0.043329
4.60772 0.0422879
4.63402 0.0415019
4.63796 0.0406892
4.64597 0.040978
4.66927 0.0436058
4.67477 0.043155
4.68911 0.0442607
4.70477 0.0461031
4.71003 0.0454652
4.72437 0.046032
4.74003 0.046653
4.74553 0.0459464
4.75712 0.0460781
4.76967 0.0459433
4.77541 0.0445754
4.78688 0.0441285
4.79859 0.0437374
4.80505 0.0427703
4.8164 0.042549
4.82226 0.0417303
4.83385 0.0423891
4.84031 0.0423404
4.85166 0.0427979
4.85752 0.0425731
4.86911 0.0431265
4.87557 0.0429857
4.88692 0.0433625
4.89278 0.0430672
4.90437 0.0435588
4.91082 0.0432389
4.91572 0.0428341
4.9223 0.0419798
4.92815 0.0412323
4.93975 0.0404533
4.9462 0.0398966
4.95588 0.0399095
4.96616 0.0404209
4.97775 0.0414932
4.98851 0.0424316
4.99795 0.0435026
5.00967 0.0448148
5.02078 0.047338
5.03118 0.0495457
5.04277 0.0514775
5.05449 0.0532928
5.06584 0.0551312
5.07504 0.0564898
5.14834 0.0536786
5.15145 0.0514688
5.17897 0.0522852
5.18231 0.0499995
5.21055 0.0511246
5.21413 0.049234
5.24509 0.0509548
5.24533 0.0489604
5.24939 0.0472154
5.28047 0.0456884
5.28752 0.0452274
5.29684 0.045449
5.31596 0.0441428
5.32302 0.043125
5.33533 0.0437344
5.35122 0.0451426
5.35827 0.0448747
5.37058 0.0451404
5.3866 0.0458728
5.39365 0.0453887
5.40584 0.0455902
5.42186 0.0462664
5.42819 0.0457331
5.43979 0.0457664
5.45114 0.0457956
5.45724 0.0445712
5.46357 0.0433748
5.47516 0.0424529
5.48652 0.0415213
5.49261 0.0407062
5.49895 0.0399929
5.51042 0.0408688
5.52178 0.0415102
5.52787 0.0414464
5.53421 0.0415156
5.54568 0.0422012
5.55704 0.042801
5.56313 0.0427009
5.56947 0.0426133
5.58094 0.0430366
5.59229 0.043532
5.59851 0.0432155
5.60867 0.0434386
5.61799 0.0440088
5.62887 0.0445077
5.64034 0.0449442
5.65038 0.0458262
5.66042 0.0465979
5.67285 0.0476482
5.68385 0.0485671
5.69389 0.0491213
5.70512 0.0498561
5.71612 0.0518741
5.72675 0.0536398
5.7979 0.0510598
5.8016 0.0491774
5.82829 0.0500302
5.83211 0.0481514
5.85975 0.0493825
5.86405 0.0477097
5.89501 0.049621
5.89525 0.0479183
5.89943 0.0463036
5.93038 0.0448906
5.93768 0.0445293
5.94485 0.0445881
5.96576 0.0433896
5.97305 0.0424659
5.98453 0.0430327
6.00102 0.0447786
6.00831 0.0445563
6.01979 0.0447367
6.0364 0.0456446
6.04369 0.0451891
6.05504 0.0454154
6.07166 0.0462385
6.07763 0.0455837
6.08947 0.0456357
6.10106 0.0456813
6.11265 0.0450961
6.12425 0.0453341
6.1356 0.0454173
6.14695 0.0453652
6.15759 0.0453195
6.16739 0.0450296
6.17779 0.0460259
6.18926 0.0470226
6.19918 0.0477698
6.20958 0.0482986
6.22082 0.0488863
6.23086 0.0494005
6.24066 0.0496004
6.25142 0.0499004
6.26205 0.0502878
6.27137 0.0503768
6.28201 0.0505797
6.29361 0.0508823
6.30365 0.051022
6.31416 0.0511442
6.3254 0.0515012
6.33639 0.0518136
6.34596 0.0518369
6.35683 0.0519823
6.36795 0.0521095
6.44686 0.0498458
6.45224 0.0476151
6.47761 0.0487882
6.48286 0.0471897
6.50871 0.0482909
6.51433 0.0468796
6.54397 0.0486446
6.54719 0.0474391
6.5497 0.0458842
6.57935 0.0446486
6.58688 0.0439426
6.59452 0.0440747
6.61472 0.0429404
6.62225 0.0420729
6.63385 0.0426887
6.64998 0.0442277
6.65751 0.0440742
6.66911 0.0444399
6.68548 0.0453849
6.69277 0.0450868
6.70436 0.045326
6.72074 0.0460352
6.72636 0.0454058
6.73831 0.0454801
6.74954 0.0454201
6.75612 0.0442426
6.76735 0.0438372
6.77369 0.0427326
6.78492 0.041766
6.79149 0.0409203
6.80273 0.0401802
6.81277 0.0407827
6.82388 0.0419349
6.835 0.042943
6.84528 0.0443251
6.85592 0.0454095
6.86595 0.0463583
6.87695 0.0471885
6.88723 0.0479149
6.89787 0.0484256
6.9085 0.0489974
6.91807 0.0494977
6.92787 0.0496855
6.93946 0.0499748
6.95022 0.050353
6.95954 0.0504338
6.97053 0.0506296
6.98165 0.0510509
6.99217 0.0512945
7.00281 0.0513827
7.08659 0.0495849
7.09498 0.0477618
7.11721 0.0479165
7.12537 0.046802
7.14868 0.0477017
7.1574 0.046739
7.18286 0.0480216
7.18322 0.0463939
7.1929 0.0449697
7.21824 0.0438485
7.22601 0.0437424
7.23366 0.0433996
7.25362 0.0423497
7.26139 0.041431
7.27238 0.0420021
7.28887 0.0436268
7.29664 0.0435485
7.30764 0.0438549
7.32413 0.044873
7.3319 0.0446389
7.3429 0.0448091
7.35939 0.0457079
7.36489 0.0449944
7.37672 0.0449951
7.38843 0.0451207
7.40039 0.0446056
7.41222 0.0450299
7.42345 0.0452762
7.43505 0.0454917
7.44628 0.0455552
7.45788 0.0454858
7.46827 0.0468001
7.47807 0.0478251
7.48907 0.0485969
7.50007 0.0492723
7.51023 0.0497383
7.52039 0.050021
7.5315 0.0503934
7.54154 0.0505942
7.55122 0.0506449
7.56162 0.0506893
7.57285 0.0508531
7.58254 0.0508715
7.59305 0.0510126
7.60453 0.051261
7.61493 0.0514784
7.62544 0.0516686
7.6368 0.05196
7.64779 0.052215
7.65795 0.0523131
7.74057 0.050024
7.74822 0.047896
7.77084 0.048534
7.77849 0.0472172
7.80179 0.0479401
7.81028 0.0469476
7.83645 0.0483291
7.83669 0.046663
7.84566 0.0452051
7.87183 0.0439295
7.87876 0.0436883
7.88737 0.0434773
7.90721 0.0425426
7.91414 0.0417248
7.92705 0.0426342
7.94247 0.0441799
7.9494 0.0439074
7.96231 0.044419
7.97773 0.0451166
7.98466 0.044727
7.99757 0.0451362
8.01299 0.0457441
8.01812 0.0451511
8.03067 0.0452572
8.04275 0.0452251
8.05398 0.0446969
8.06593 0.0449848
8.078 0.0453617
8.08936 0.0455665
8.10095 0.0457457
8.11231 0.0459025
8.12294 0.0472897
8.13334 0.0482535
8.14529 0.0492218
8.15557 0.0499441
8.16573 0.050326
8.17756 0.0509103
8.18796 0.0512965
8.19764 0.0513844
8.20828 0.0515864
8.21928 0.0518881
8.22932 0.0519021
8.23971 0.0519143
8.25167 0.052175
8.26195 0.0522781
8.27282 0.0523684
8.28477 0.0526973
8.29529 0.0531102
8.30521 0.0532214
8.31609 0.0534437
8.39727 0.0512633
8.40827 0.0494803
8.42882 0.0497953
8.43937 0.0488209
8.46124 0.0493433
8.47296 0.0486754
8.49662 0.0497159
8.50176 0.0485015
8.50833 0.0469388
8.532 0.0454464
8.54347 0.0450156
8.55315 0.0450137
8.56738 0.043887
8.57897 0.0427761
8.5914 0.0434291
8.60323 0.0442504
8.61423 0.0445941
8.62666 0.0450199
8.63849 0.0452674
8.64949 0.045359
8.66192 0.0455641
8.67375 0.0457436
8.67925 0.0451506
8.69144 0.0447568
8.6973 0.0436622
8.70913 0.0427044
8.72096 0.0424914
8.73267 0.0423049
8.74415 0.0428918
8.75586 0.0432804
8.76721 0.0437453
8.77749 0.0454021
8.78861 0.0467269
8.80008 0.047886
8.80988 0.0486503
8.81968 0.049069
8.83104 0.0496854
8.84144 0.0500997
8.85112 0.0502122
8.86223 0.0505607
8.87263 0.0508656
8.88279 0.0508824
8.89295 0.0508971
8.90466 0.05116
8.9147 0.051265
8.92534 0.0514818
8.93681 0.0517966
8.94793 0.052197
8.95785 0.0522974
8.96884 0.0525102
9.05134 0.0504465
9.06031 0.0485156
9.08206 0.0490762
9.09081 0.0478167
9.114 0.0485896
9.12344 0.0476409
9.14902 0.0490608
9.14926 0.0473032
9.15882 0.0457653
9.1844 0.0444196
9.19312 0.0443672
9.20376 0.0444463
9.21978 0.0432655
9.2285 0.0422323
9.24009 0.0428283
9.25503 0.0439747
9.26376 0.0439779
9.27547 0.0443557
9.29041 0.0450612
9.29902 0.0449285
9.31073 0.0451875
9.32567 0.045789
9.33272 0.0453154
9.34467 0.045276
9.35627 0.0453665
9.36774 0.0449457
9.37993 0.0452025
9.39129 0.0454272
9.40276 0.0454988
9.41352 0.0455614
9.42368 0.0453662
9.43527 0.0466955
9.44639 0.0477335
9.45678 0.0485168
9.46754 0.0492022
9.47758 0.0498019
9.4881 0.0502017
9.49778 0.0503015
9.50842 0.0505138
9.51953 0.0506996
9.52862 0.0507371
9.54033 0.050895
9.55097 0.0511581
9.56148 0.0513883
9.57248 0.0515898
9.58312 0.0520161
9.59495 0.0522641
9.60499 0.0524811
9.61658 0.0527959
9.62782 0.0530714
9.70888 0.0508125
9.71784 0.0488359
9.73927 0.0493565
9.74871 0.0481869
9.77094 0.0487885
9.7811 0.04794
9.8056 0.0490725
9.80584 0.0473134
9.8166 0.0457742
9.84098 0.0444275
9.84994 0.044374
9.85843 0.0440773
9.87636 0.0430676
9.88532 0.0421842
9.89644 0.0427861
9.91162 0.0440629
9.92058 0.044055
9.93169 0.0442981
9.94687 0.0450109
9.95584 0.0448845
9.96695 0.0450239
9.98213 0.0457709
9.98835 0.0452996
10.0003 0.0452621
10.0118 0.0452294
10.0232 0.0447007
10.0351 0.0449881
10.0468 0.0451146
10.058 0.0453503
10.0685 0.0453065
10.0794 0.0451432
10.0908 0.0463753
10.1018 0.0474534
10.1124 0.0482717
10.1227 0.0489877
10.1339 0.0496143
10.1444 0.0501625
10.1551 0.0506422
10.165 0.0508119
10.1752 0.0510854
10.1853 0.0511997
10.1955 0.0511748
10.2075 0.0512779
10.2179 0.0514932
10.2282 0.0516815
10.2395 0.0519713
10.2502 0.0523499
10.2609 0.0524312
10.2714 0.0526273
10.2831 0.0529239
10.3644 0.0508084
10.3714 0.0488323
10.395 0.0494783
10.4021 0.0480435
10.4268 0.0489131
10.4346 0.0477989
10.4612 0.0491991
10.4615 0.0474242
10.47 0.0458712
10.4966 0.0445123
10.5051 0.0444482
10.5136 0.0443922
10.532 0.0432182
10.5405 0.0421909
10.5513 0.042667
10.5672 0.0440837
10.5757 0.0440732
10.5867 0.0443141
10.6025 0.0451498
10.6111 0.0450061
10.6221 0.0452553
10.6378 0.0459734
10.6449 0.0454767
10.6571 0.0455421
10.6685 0.0455994
10.6802 0.0452744
10.6918 0.0454901
10.703 0.0455539
10.715 0.0456096
10.7267 0.0456584
10.7372 0.0457011
10.7481 0.0471135
10.7593 0.0482243
10.7702 0.0491963
10.7807 0.0497967
10.7919 0.0503221
10.8027 0.0507819
10.8125 0.0510591
10.8221 0.0511767
10.8329 0.0512797
10.8431 0.0513697
10.8536 0.0513235
10.8646 0.051408
10.875 0.051607
10.8849 0.0516562
10.8962 0.0518241
10.9074 0.0520961
10.9177 0.0522091
10.928 0.052183
10.9394 0.0525351
11.0208 0.0503432
11.0291 0.0485503
11.0516 0.0488565
11.0607 0.0477495
11.0828 0.0484058
11.0926 0.04748
11.1174 0.04867
11.1177 0.0469613
11.128 0.0454661
11.1529 0.0441579
11.1606 0.0440131
11.1703 0.0438865
11.1883 0.0429007
11.196 0.0419131
11.2077 0.042549
11.2236 0.0438553
11.2312 0.0437484
11.2429 0.0441549
11.2588 0.0450105
11.2666 0.0447592
11.2782 0.0450393
11.2941 0.0459094
11.3013 0.0455457
11.3137 0.0457275
11.3254 0.0458866
11.3368 0.0454007
11.3485 0.0456006
11.3597 0.0456506
11.3711 0.0456942
11.3828 0.0457325
11.3941 0.0457659
11.4045 0.0470452
11.4153 0.0481645
11.4263 0.049019
11.4369 0.0496416
11.4473 0.0500614
11.4586 0.0505537
11.4678 0.0507345
11.4779 0.0507677
11.4887 0.0509217
11.499 0.0509315
11.5092 0.0509401
11.5194 0.0510726
11.5306 0.0513135
11.5414 0.0515243
11.5509 0.0515838
11.5624 0.0517608
11.5734 0.0520407
11.5841 0.0522856
11.5943 0.0523749
11.6767 0.050078
11.6841 0.0481933
11.7071 0.0489191
11.7145 0.0475542
11.7385 0.04836
11.7463 0.04719
11.7727 0.0485412
11.773 0.0467236
11.7818 0.0452581
11.8081 0.0441009
11.8171 0.0442132
11.8243 0.0440616
11.8435 0.0429289
11.8524 0.0419378
11.8655 0.0426956
11.8787 0.0441086
11.8877 0.044095
11.9007 0.0445832
11.9141 0.0451353
11.923 0.0449934
11.9362 0.0454942
11.9495 0.0459324
11.9561 0.0454409
11.9679 0.0453857
11.9794 0.0450875
11.9911 0.0447016
12.0029 0.0448639
12.0145 0.0451309
12.0262 0.0453645
12.0382 0.045569
12.0498 0.0457478
12.0597 0.0471544
12.0708 0.0482601
12.0819 0.0491026
12.0928 0.0497147
12.1032 0.0502504
12.1141 0.0508441
12.1243 0.0512386
12.1341 0.0514588
12.1454 0.0516514
12.1563 0.05182
12.1663 0.0518425
12.1775 0.0519872
12.1883 0.0522388
12.1986 0.0523339
12.2092 0.0524172
12.2204 0.052615
12.2316 0.0527882
12.2408 0.0526896
12.2515 0.0527284
12.3348 0.0506374
12.3414 0.0485577
12.3652 0.049363
12.3721 0.0479426
12.3978 0.0489498
12.4049 0.0477061
12.4332 0.0493678
12.4368 0.0480718
12.4441 0.0470629
12.4686 0.045555
12.4793 0.0452356
12.488 0.0450812
12.5039 0.043821
12.5147 0.0427184
12.5258 0.0431286
12.5392 0.0441125
12.5499 0.0443485
12.5612 0.0446799
12.5747 0.0452199
12.5852 0.0453174
12.5964 0.0455277
12.6099 0.0458368
12.6164 0.0453572
12.6281 0.0450625
12.6396 0.0448047
12.6515 0.0444541
12.6634 0.0447724
12.6746 0.0449258
12.6863 0.0451851
12.6971 0.0452869
12.7081 0.0452511
12.7192 0.0465947
12.7298 0.0476454
12.7394 0.0483147
12.75 0.0489004
12.7614 0.0494128
12.7711 0.0497362
12.7807 0.0498942
12.7914 0.0501574
12.8019 0.0502627
12.8118 0.0502299
12.8223 0.0503262
12.8336 0.0506604
12.8434 0.0508278
12.8542 0.0510994
12.8661 0.0515869
12.8767 0.0518886
12.8871 0.0521525
12.8979 0.0523834
12.9089 0.0525855
12.9887 0.0505123
12.997 0.0484483
13.0191 0.0491422
13.0277 0.0478745
13.0514 0.0487652
13.0613 0.0479195
13.0867 0.0493046
13.0887 0.0477665
13.0967 0.0461707
13.122 0.0448993
13.132 0.0446619
13.1404 0.0445792
13.1574 0.0433818
13.1673 0.0424591
13.1783 0.0430267
13.1927 0.0441483
13.2026 0.0442548
13.2137 0.0444729
13.2279 0.0450388
13.2378 0.045034
13.2491 0.0452797
13.2632 0.0458698
13.2683 0.045261
13.2808 0.0449784
13.2921 0.0447311
13.2986 0.0435147
13.3103 0.0433254
13.3161 0.0424097
13.3275 0.0414835
13.3339 0.0406731
13.3457 0.0399639
13.3555 0.0405934
13.3661 0.0417693
13.3767 0.0426731
13.3875 0.044089
13.3978 0.0450778
13.4079 0.0459431
13.4187 0.0467002
13.4282 0.0473627
13.4388 0.0478174
13.4489 0.0482152
13.4593 0.0486883
13.4689 0.0488522
13.4799 0.0491207
13.4906 0.0494806
13.5004 0.0497955
13.5112 0.0500711
13.5229 0.0505622
13.5339 0.0509919
13.5447 0.0513679
13.6325 0.049572
13.6416 0.0477505
13.6646 0.0484067
13.6722 0.0473558
13.6952 0.0481863
13.7032 0.047038
13.7272 0.0480333
13.7275 0.0460291
13.737 0.0445255
13.7622 0.0433348
13.7625 0.042293
13.7724 0.0413813
13.7976 0.0405837
13.8067 0.0410107
13.8177 0.0427594
13.8329 0.0449144
13.8421 0.0449251
13.853 0.0450595
13.8681 0.0458021
13.8773 0.0457018
13.8882 0.0457391
13.9034 0.0463967
13.9121 0.0460971
13.9216 0.045835
13.9339 0.0457306
13.9453 0.0452643
13.9572 0.0452312
13.9691 0.0455773
13.9804 0.0457552
13.9917 0.0457858
14.0034 0.0458125
14.0139 0.047086
14.0243 0.0480752
14.0362 0.0490658
14.0477 0.0499326
14.0564 0.050316
14.0673 0.0507765
14.0785 0.0511795
14.0877 0.051157
14.0988 0.0511374
14.1078 0.0511202
14.1183 0.0511052
14.1275 0.050842
14.1392 0.0509868
14.1507 0.0511134
14.1598 0.0512243
14.1709 0.0513212
14.182 0.0516561
14.1932 0.0519491
14.2041 0.0522054
14.2949 0.0505548
14.3027 0.0487354
14.3257 0.0495185
14.3333 0.0482037
14.3571 0.0490532
14.3637 0.0476716
14.3887 0.0485876
14.3889 0.0463892
14.3971 0.0448405
14.4236 0.0436105
14.4238 0.0425341
14.4324 0.0415924
14.459 0.0407683
14.47 0.0414223
14.478 0.0429945
14.4942 0.0453702
14.5052 0.0455739
14.5132 0.0453772
14.5297 0.046205
14.5405 0.0461794
14.5486 0.045782
14.565 0.0464342
14.5726 0.0460049
14.5828 0.0455043
14.595 0.0455663
14.6066 0.0451205
14.6184 0.0452304
14.6301 0.0455766
14.6414 0.0457546
14.6527 0.0457852
14.6641 0.0458121
14.6757 0.0472106
14.6862 0.0483092
14.6969 0.0491456
14.7088 0.0500024
14.7187 0.0505021
14.7286 0.0508143
14.7403 0.0512125
14.75 0.051561
14.7591 0.0514908
14.7695 0.0514295
14.7805 0.0515008
14.7898 0.0511882
14.8002 0.0510397
14.812 0.0512847
14.8223 0.0514991
14.8322 0.0515617
14.844 0.0518665
14.8552 0.0522582
14.8649 0.0522259
14.9567 0.0506977
14.9681 0.0494855
14.9876 0.0494248
14.9998 0.0486217
15.0179 0.048669
15.0303 0.0479604
15.0501 0.0483403
15.0503 0.0464228
15.063 0.0446199
15.0845 0.0432924
15.0847 0.0421309
15.0983 0.0413645
15.1199 0.040569
15.1317 0.0413728
15.1403 0.0432012
15.1551 0.0449261
15.167 0.0451853
15.1756 0.0450372
15.1905 0.0456575
15.2026 0.0458253
15.2109 0.0455972
15.2258 0.0461475
15.2308 0.0453791
15.2379 0.0440817
15.2463 0.0430715
15.2611 0.0421875
15.2732 0.0422891
15.285 0.043003
15.2964 0.0438776
15.308 0.0441429
15.3203 0.0445
15.3315 0.0461875
15.3429 0.0475391
15.3532 0.0487217
15.3636 0.0496315
15.3755 0.0503025
15.3864 0.0508897
15.396 0.0511535
15.4067 0.0513843
15.4171 0.0517113
15.4277 0.0517474
15.4379 0.0516539
15.4488 0.0518222
15.4594 0.0519694
15.4699 0.0519732
15.4813 0.0522266
15.4924 0.0525733
15.502 0.0526266
15.5133 0.0527983
15.5242 0.0530735
15.6152 0.0515643
15.6245 0.0498688
15.646 0.0506352
15.6559 0.0493058
15.6764 0.0496426
15.6869 0.0484372
15.7074 0.0488826
15.7077 0.0466473
15.72 0.0449413
15.7422 0.0436987
15.7425 0.0426113
15.755 0.0417849
15.7776 0.0409368
15.7873 0.0414447
15.7949 0.0427641
15.8129 0.0445436
15.8225 0.0446007
15.8302 0.0444006
15.8481 0.0456005
15.8578 0.0455254
15.8655 0.0452098
15.8834 0.0461835
15.8896 0.0455356
15.8999 0.0450936
15.9096 0.0449569
15.9188 0.0437123
15.925 0.0426233
15.9354 0.0417954
15.9449 0.0409459
15.9541 0.0403277
15.9604 0.0397867
15.9716 0.0406884
15.9828 0.0414773
15.9942 0.0425427
16.0053 0.0435998
16.0151 0.0450249
16.026 0.0461468
16.0374 0.0472534
16.0474 0.0479717
16.0575 0.0484753
16.0688 0.0490409
16.0789 0.0495357
16.0882 0.0497188
16.099 0.0498789
16.1101 0.0502691
16.1196 0.0503604
16.1305 0.0505654
16.1419 0.0508697
16.1521 0.051261
16.1625 0.0513534
16.2537 0.0500592
16.2651 0.0489268
16.2854 0.0489359
16.2955 0.048069
16.3169 0.0484353
16.3263 0.0475059
16.3474 0.0480677
16.3477 0.0459342
16.3572 0.0440674
16.3803 0.042684
16.3806 0.0414735
16.3913 0.0405393
16.4157 0.0398469
16.4183 0.039616
16.4268 0.040414
16.4509 0.0427373
16.4549 0.0422701
16.4666 0.0429864
16.4863 0.0451131
16.4915 0.0445989
16.504 0.0452741
16.5217 0.0464898
16.5256 0.0455536
16.5372 0.0456094
16.5444 0.0449082
16.5571 0.0437947
16.5694 0.0438203
16.5801 0.0437178
16.5923 0.0442531
16.6039 0.0444714
16.616 0.0447875
16.6275 0.0464391
16.6387 0.0478842
16.6498 0.0490237
16.6608 0.0500207
16.6711 0.0506431
16.682 0.0510627
16.6935 0.0515549
16.7033 0.0518605
16.7129 0.051878
16.7241 0.0520182
16.7344 0.0521409
16.744 0.0519983
16.7549 0.0518735
16.7655 0.0520143
16.7746 0.0517625
16.7848 0.0515422
16.7966 0.0515994
16.8072 0.0517745
16.8172 0.0518027
16.9089 0.0504524
16.9199 0.0492708
16.9395 0.049362
16.9508 0.0484417
16.9709 0.0487615
16.9818 0.0479163
17.0022 0.0484268
17.0025 0.0463734
17.0131 0.0445767
17.0352 0.0431297
17.0355 0.0418634
17.0482 0.0410055
17.0706 0.0402548
17.0736 0.039973
17.0835 0.0409764
17.1059 0.0429793
17.11 0.0426069
17.1219 0.043281
17.1411 0.0451209
17.1461 0.0446058
17.1583 0.0450301
17.1764 0.0462763
17.1806 0.0453668
17.1919 0.0453209
17.2009 0.0449058
17.2118 0.0436676
17.2229 0.0434591
17.2343 0.0434017
17.2469 0.0437265
17.2582 0.0441357
17.27 0.0444937
17.2819 0.046307
17.2934 0.0478936
17.3049 0.0491569
17.3157 0.0501373
17.3258 0.0508702
17.3369 0.0513864
17.3479 0.0517131
17.3573 0.051874
17.3674 0.0518897
17.3785 0.0520285
17.3883 0.0520249
17.3975 0.0517718
17.4084 0.0516753
17.4194 0.0517159
17.4281 0.0515014
17.4384 0.0513137
17.4502 0.0515245
17.4607 0.051584
17.4704 0.051511
17.5618 0.0501971
17.5729 0.0489225
17.5945 0.0491822
17.6032 0.0482844
17.6258 0.0488738
17.6343 0.0477646
17.6567 0.048419
17.6569 0.0462416
17.666 0.0443364
17.6894 0.0429194
17.6897 0.0416795
17.7002 0.0408445
17.7248 0.040114
17.729 0.0399747
17.7358 0.0407279
17.76 0.0431369
17.7644 0.0427448
17.771 0.0427767
17.7953 0.0449296
17.8012 0.0444384
17.8137 0.0450086
17.8307 0.0467575
17.8376 0.0461628
17.8486 0.0462675
17.86 0.046234
17.8661 0.0449548
17.873 0.0437104
17.884 0.0426216
17.8953 0.0417939
17.9071 0.0416947
17.9189 0.0422329
17.9301 0.0442037
17.9414 0.0459283
17.9526 0.0473122
17.9634 0.0483982
17.9746 0.0493484
17.984 0.0499299
17.9948 0.0503136
18.0058 0.0506494
18.0164 0.0509433
18.0257 0.0509503
18.0365 0.0510816
18.0471 0.0513214
18.0567 0.0512812
18.0658 0.050996
18.0767 0.0509965
18.0877 0.050997
18.0977 0.0508723
18.1088 0.0510133
18.1196 0.0513866
18.2098 0.0500883
18.2212 0.0489523
18.2424 0.0492082
18.2515 0.0483072
18.2753 0.0490188
18.2837 0.0480165
18.3064 0.0488894
18.3067 0.0466532
18.3154 0.0448216
18.3393 0.0433439
18.3395 0.0420509
18.3493 0.0410445
18.3747 0.040289
18.3774 0.0400028
18.3846 0.0406275
18.4099 0.043049
18.416 0.0429179
18.4256 0.0435532
18.4452 0.045734
18.4518 0.0452673
18.4635 0.0454839
18.4806 0.0466734
18.4828 0.0454642
18.4961 0.0454062
18.5075 0.0452304
18.516 0.0439516
18.5263 0.0439577
18.5364 0.0434629
18.5488 0.0431551
18.5609 0.0433857
18.5727 0.0437125
18.5842 0.0454984
18.5959 0.0471861
18.6074 0.0486629
18.6186 0.04983
18.6288 0.0506012
18.6397 0.0511511
18.6505 0.0516322
18.6613 0.0519282
18.6716 0.0520622
18.6823 0.0523044
18.6933 0.0525163
18.7026 0.0524518
18.7128 0.0522703
18.7236 0.0522365
18.7337 0.052082
18.7428 0.0516967
18.754 0.0517346
18.7653 0.0518928
18.775 0.0517812
18.8652 0.0504335
18.8767 0.0492544
18.8988 0.0495976
18.9071 0.0486479
18.9305 0.0493169
18.939 0.0481523
18.9612 0.0488832
18.9615 0.0466478
18.9703 0.0448169
18.9926 0.0430897
18.9928 0.0415785
19.0032 0.0405062
19.025 0.0394429
19.0252 0.0386376
19.0367 0.0393079
19.0574 0.0411444
19.0576 0.0401263
19.0684 0.0404855
19.089 0.0420499
19.0892 0.0407936
19.0987 0.0408194
19.1195 0.042092
19.1197 0.0405805
19.12 0.0392579
19.13 0.0383507
19.1503 0.0374319
19.1505 0.0366279
19.1507 0.0359244
19.1624 0.0354338
19.185 0.0353796
19.1853 0.0353322
19.1855 0.0352906
19.1977 0.0367543
19.2203 0.03941
19.2227 0.0391088
19.2266 0.0393452
19.233 0.040302
19.2556 0.0425143
19.2587 0.04195
19.2637 0.0418312
19.269 0.0418523
19.2735 0.0417458
19.2908 0.0409026
