1 3600
1.0424 4176
1.07467 4672
1.10754 5115
1.1673 5520
1.22587 5895
1.28144 6246
1.34001 6577
1.39618 6892
1.45475 7192
1.51092 7480
1.5659 7757
1.62446 8024
1.6902 8282
1.77864 2880
1.86649 3600
1.93043 4176
1.99438 4672
2.02725 5115
2.0882 5520
2.14617 5895
2.20294 6246
2.26091 6577
2.31947 6892
2.37505 7192
2.43182 7480
2.49397 7757
2.55194 8024
2.6105 8282
2.69237 2880
2.77962 3600
2.84118 4176
2.87404 4672
2.90691 5115
2.96249 5520
3.01747 5895
3.07663 6246
3.1388 6577
3.19799 6892
3.25476 7192
3.31332 7480
3.37488 7757
3.43703 8024
3.49619 8282
3.58165 2880
3.67786 3600
3.71132 4176
3.74419 4672
3.77706 5115
3.83563 5520
3.89359 5895
3.95574 6246
4.02028 6577
4.08184 6892
4.14219 7192
4.19837 7480
4.25753 7757
4.32028 8024
4.38183 8282
4.46788 2880
4.56111 3600
4.59398 4176
4.62685 4672
4.65971 5115
4.71947 5520
4.77565 5895
4.8378 6246
4.90294 6577
4.96449 6892
5.05652 2880
5.11389 3600
5.14736 4176
5.18022 4672
5.21309 5115
5.27464 5520
5.33381 5895
5.39177 6246
5.45512 6577
5.51607 6892
5.57404 7192
5.63022 7480
5.68878 7757
5.75272 8024
5.81607 8282
5.90929 2880
5.99415 3600
6.02702 4176
6.05989 4672
6.09276 5115
6.1567 5520
6.21646 5895
6.27383 6246
6.33598 6577
6.39992 6892
6.46088 7192
6.52243 7480
6.5792 7757
6.63956 8024
6.69872 8282
6.78776 2880
6.87322 3600
6.90609 4176
6.93896 4672
7.0029 5115
7.06266 5520
7.12302 5895
7.18098 6246
7.24493 6577
7.30827 6892
7.37281 7192
7.43078 7480
7.48815 7757
7.54791 8024
7.61126 8282
7.69791 2880
7.78038 3600
7.84551 4176
7.90766 4672
7.97101 5115
8.02778 5520
8.08455 5895
8.14491 6246
8.20945 6577
8.27041 6892
8.32957 7192
8.38754 7480
8.45268 7757
8.51542 8024
8.60207 2880
8.69052 3600
8.75566 4176
8.78853 4672
8.82139 5115
8.88115 5520
8.93673 5895
8.99649 6246
9.06223 6577
9.12617 6892
9.21461 2880
9.27019 3600
9.33652 4176
9.39808 4672
9.43094 5115
9.48772 5520
9.54329 5895
9.60305 6246
9.66879 6577
9.72974 6892
9.78592 7192
9.84269 7480
9.90484 7757
9.96819 8024
10.0315 8282
10.1206 2880
10.2144 3600
10.2795 4176
10.3411 4672
10.374 5115
10.4319 5520
10.4899 5895
10.5556 6246
10.6154 6577
10.6745 6892
10.7307 7192
10.7893 7480
10.8538 7757
10.9148 8024
