1 13865
1.00995 14014
1.0223 14161
1.03491 14307
1.04766 14451
1.06015 14594
1.07236 14736
1.09109 6480
1.1466 6800
1.17024 7104
1.18246 7395
1.20623 7675
1.21844 7945
1.24208 8205
1.2543 8457
1.2782 8702
1.29016 8940
1.31034 9171
1.31061 9397
1.32058 9617
1.34211 9832
1.34238 10042
1.35327 10248
1.37531 10450
1.37571 10648
1.38687 10842
1.41117 11033
1.41276 11220
1.42312 11404
1.44703 11585
1.45194 11763
1.4627 11939
1.48288 12112
1.48965 12283
1.50307 12451
1.51382 12617
1.52551 12781
1.53892 12943
1.55021 13103
1.56123 13261
1.57385 13417
1.58713 13571
1.59882 13723
1.61143 13874
1.62431 14023
1.63587 14170
1.64795 14316
1.6603 14460
1.67239 14603
1.68447 14744
1.7028 6480
1.75871 6800
1.78195 7104
1.79456 7395
1.81794 7675
1.83055 7945
1.85392 8205
1.86641 8457
1.88991 8702
1.90226 8940
1.9259 9171
1.93148 9397
1.93825 9617
1.96189 9832
1.97437 10042
1.985 10248
1.99788 10450
2.01036 10648
2.02099 10842
2.03453 11033
2.04715 11220
2.06069 11404
2.07397 11585
2.08646 11763
2.09828 11939
2.11142 12112
2.12391 12283
2.13559 12451
2.14901 12617
2.16109 12781
2.17331 12943
2.18539 13103
2.19695 13261
2.2089 13417
2.22098 13571
2.2324 13723
2.24502 13874
2.25697 14023
2.26892 14170
2.28154 14316
2.29336 14460
2.30491 14603
2.317 14744
2.32762 14884
2.33891 15023
2.35166 15161
2.36321 15297
2.37503 15432
2.38778 15566
2.39933 15699
2.41155 15831
2.4239 15961
2.43639 16090
2.45511 7200
2.51142 7488
2.53479 7764
2.54727 8031
2.57104 8289
2.58313 8539
2.6069 8781
2.61899 9017
2.64276 9246
2.64873 9470
2.65497 9688
2.67875 9902
2.69003 10111
2.70132 10316
2.71473 10517
2.72602 10714
2.7401 10907
2.75311 11097
2.76546 11283
2.77835 11466
2.79083 11646
2.80331 11824
2.81606 11999
2.82854 12171
2.84103 12341
2.85298 12509
2.8656 12674
2.87795 12837
2.88976 12998
2.90158 13157
2.91247 13314
2.92376 13469
2.93611 13622
2.9466 13774
2.95789 13924
2.97077 14072
2.98233 14219
2.99348 14364
3.0061 14508
3.01725 14650
3.02881 14791
3.04129 14931
3.05244 15069
3.06426 15206
3.07688 15342
3.0891 15477
3.10092 15610
3.11367 15742
3.12628 15873
3.13876 16003
3.15165 16132
3.1705 7200
3.22562 7488
3.24912 7764
3.26147 8031
3.28511 8289
3.29746 8539
3.3211 8781
3.33332 9017
3.35709 9246
3.3628 9470
3.36931 9688
3.39308 9902
3.40463 10111
3.41778 10316
3.42907 10517
3.44062 10714
3.45377 10907
3.46612 11097
3.47807 11283
3.49055 11466
3.50277 11646
3.51459 11824
3.52707 11999
3.53902 12171
3.55005 12341
3.56346 12509
3.57528 12674
3.58617 12837
3.59932 12998
3.6106 13157
3.62083 13314
3.63212 13469
3.64407 13622
3.65443 13774
3.66572 13924
3.67714 14072
3.68803 14219
3.69852 14364
3.70967 14508
3.72043 14650
3.73278 14791
3.74473 14931
3.75628 15069
3.76837 15206
3.78032 15342
3.79267 15477
3.80516 15610
3.81777 15742
3.83012 15873
3.84274 16003
3.85522 16132
3.87408 7200
3.92906 7488
3.95296 7764
3.96412 8031
3.98882 8289
3.99997 8539
4.02388 8781
4.0349 9017
4.05973 9246
4.06611 9470
4.07832 9688
4.09572 9902
4.10223 10111
4.11431 10316
4.13171 10517
4.13822 10714
4.1507 10907
4.16757 11097
4.17421 11283
4.18656 11466
4.20342 11646
4.21006 11824
4.22241 11999
4.23928 12171
4.24645 12341
4.25814 12509
4.27142 12674
4.2839 12837
4.29439 12998
4.30568 13157
4.31776 13314
4.32825 13469
4.33994 13622
4.35203 13774
4.36199 13924
4.37221 14072
4.38217 14219
4.39399 14364
4.40435 14508
4.41643 14650
4.42932 14791
4.43954 14931
4.45163 15069
4.46464 15206
4.47633 15342
4.48854 15477
4.50156 15610
4.51378 15742
4.52599 15873
4.53954 16003
4.55083 16132
4.56955 7200
4.62427 7488
4.6483 7764
4.65932 8031
4.68416 8289
4.69518 8539
4.72001 8781
4.73117 9017
4.756 9246
4.76278 9470
4.7734 9688
4.79199 9902
4.79876 10111
4.80939 10316
4.82811 10517
4.84007 10714
4.85175 10907
4.86649 11097
4.87951 11283
4.89226 11466
4.90514 11646
4.91709 11824
4.92957 11999
4.94219 12171
4.95454 12341
4.96716 12509
4.97951 12674
4.99132 12837
5.00182 12998
5.01364 13157
5.02492 13314
5.03674 13469
5.04657 13622
5.05812 13774
5.06822 13924
5.07871 14072
5.09066 14219
5.10261 14364
5.1131 14508
5.12585 14650
5.13807 14791
5.14909 14931
5.16157 15069
5.1726 15206
5.18574 15342
5.19863 15477
5.21111 15610
5.22399 15742
5.23661 15873
5.24896 16003
5.26781 7200
5.32332 7488
5.34723 7764
5.35918 8031
5.38348 8289
5.3953 8539
5.41934 8781
5.43116 9017
5.4552 9246
5.46024 9470
5.46715 9688
5.49118 9902
5.50101 10111
5.5119 10316
5.52717 10517
5.537 10714
5.54816 10907
5.56303 11097
5.57286 11283
5.58401 11466
5.59888 11646
5.60871 11824
5.61987 11999
5.63474 12171
5.64151 12341
5.654 12509
5.66648 12674
5.6775 12837
5.68892 12998
5.70021 13157
5.7119 13314
5.72332 13469
5.73487 13622
5.7455 13774
5.75479 13924
5.76515 14072
5.77644 14219
5.78746 14364
5.79742 14508
5.81004 14650
5.82106 14791
5.83235 14931
5.84496 15069
5.85718 15206
5.86913 15342
5.88175 15477
5.89516 15610
5.90778 15742
5.92066 15873
5.93314 16003
5.95187 7200
6.01362 7488
6.03102 7764
6.0435 8031
6.06687 8289
6.08002 8539
6.10432 8781
6.11614 9017
6.14031 9246
6.14244 9470
6.15213 9688
6.1763 9902
6.18639 10111
6.19941 10316
6.21229 10517
6.22238 10714
6.2354 10907
6.24814 11097
6.25824 11283
6.27125 11466
6.284 11646
6.29409 11824
6.30711 11999
6.31986 12171
6.32636 12341
6.33885 12509
6.35106 12674
6.36328 12837
6.3751 12998
6.38732 13157
6.39821 13314
6.4083 13469
6.41999 13622
6.43141 13774
6.44124 13924
6.45279 14072
6.46421 14219
6.47364 14364
6.48559 14508
6.49701 14650
6.50737 14791
6.51706 14931
6.52995 15069
6.54216 15206
6.55279 15342
6.5662 15477
6.57842 15610
6.59064 15742
6.60378 15873
6.61733 16003
6.62981 16132
6.64814 7200
6.70431 7488
6.72782 7764
6.7403 8031
6.7646 8289
6.77629 8539
6.80046 8781
6.81228 9017
6.83671 9246
6.84083 9470
6.84827 9688
6.8727 9902
6.88147 10111
6.89647 10316
6.90869 10517
6.91746 10714
6.93246 10907
6.94561 11097
6.95876 11283
6.97177 11466
6.98452 11646
6.99714 11824
7.00949 11999
7.0221 12171
7.03472 12341
7.04707 12509
7.05849 12674
7.07057 12837
7.08292 12998
7.09328 13157
7.10364 13314
7.11573 13469
7.12648 13622
7.1379 13774
7.14906 13924
7.15875 14072
7.16885 14219
7.18027 14364
7.19222 14508
7.20218 14650
7.21506 14791
7.22701 14931
7.23764 15069
7.25065 15206
7.26353 15342
7.27588 15477
7.28837 15610
7.30204 15742
7.31546 15873
7.32834 16003
7.34653 7200
7.40868 7488
7.42621 7764
7.4387 8031
7.46247 8289
7.47455 8539
7.49832 8781
7.51041 9017
7.53418 9246
7.54201 9470
7.55397 9688
7.57017 9902
7.578 10111
7.58996 10316
7.60616 10517
7.61399 10714
7.62608 10907
7.64201 11097
7.64985 11283
7.66193 11466
7.67787 11646
7.6857 11824
7.69779 11999
7.71372 12171
7.71983 12341
7.73245 12509
7.7448 12674
7.75622 12837
7.76764 12998
7.7788 13157
7.78929 13314
7.80084 13469
7.8124 13622
7.82222 13774
7.83192 13924
7.84307 14072
7.85556 14219
7.86432 14364
7.87601 14508
7.88836 14650
7.89792 14791
7.90987 14931
7.92169 15069
7.93364 15206
7.94573 15342
7.95848 15477
7.97136 15610
7.98371 15742
7.99739 15873
8.00987 16003
8.02886 7200
8.09074 7488
8.10814 7764
8.12049 8031
8.14426 8289
8.15635 8539
8.18012 8781
8.1922 9017
8.21597 9246
8.22089 9470
8.22819 9688
8.25196 9902
8.26285 10111
8.27401 10316
8.28795 10517
8.29884 10714
8.31066 10907
8.3246 11097
8.33842 11283
8.3517 11466
8.36338 11646
8.376 11824
8.39008 11999
8.40203 12171
8.41557 12341
8.42752 12509
8.44054 12674
8.45262 12837
8.46458 12998
8.476 13157
8.48755 13314
8.50017 13469
8.51026 13622
8.51889 13774
8.53084 13924
8.5416 14072
8.55103 14219
8.56245 14364
8.57321 14508
8.58396 14650
8.59578 14791
8.6076 14931
8.61902 15069
8.63084 15206
8.64399 15342
8.65647 15477
8.66842 15610
8.68157 15742
8.69472 15873
8.70733 16003
8.71902 16132
8.73801 7200
8.79272 7488
8.81729 7764
8.82978 8031
8.85315 8289
8.86563 8539
8.889 8781
8.90162 9017
8.92486 9246
8.92765 9470
8.93761 9688
8.96085 9902
8.97307 10111
8.98621 10316
8.99684 10517
9.00906 10714
9.02446 10907
9.03734 11097
9.05022 11283
9.06324 11466
9.07572 11646
9.08794 11824
9.10095 11999
9.11344 12171
9.12592 12341
9.1384 12509
9.14916 12674
9.16085 12837
9.1728 12998
9.18302 13157
9.19431 13314
9.2064 13469
9.21702 13622
9.22672 13774
9.23827 13924
9.24956 14072
9.26005 14219
9.27266 14364
9.28395 14508
9.29431 14650
9.3064 14791
9.31821 14931
9.33017 15069
9.34292 15206
9.35566 15342
9.36815 15477
9.38076 15610
9.39351 15742
9.40666 15873
9.41901 16003
9.43787 7200
9.49962 7488
9.51702 7764
9.5303 8031
9.55287 8289
9.56615 8539
9.58873 8781
9.60201 9017
9.62458 9246
9.63268 9470
9.6453 9688
9.66057 9902
9.66894 10111
9.68129 10316
9.69656 10517
9.70493 10714
9.71887 10907
9.73242 11097
9.74078 11283
9.75473 11466
9.76827 11646
9.77664 11824
9.79058 11999
9.80413 12171
9.81011 12341
9.82285 12509
9.83454 12674
9.84609 12837
9.85765 12998
9.86894 13157
9.8789 13314
9.89032 13469
9.9016 13622
9.91249 13774
9.92312 13924
9.9348 14072
9.94569 14219
9.95526 14364
9.96747 14508
9.97929 14650
9.99032 14791
10.0025 14931
10.0148 15069
10.027 15206
10.04 15342
10.0531 15477
10.0657 15610
10.0794 15742
10.092 15873
10.1043 16003
10.1232 7200
10.1835 7488
10.2021 7764
10.215 8031
10.2381 8289
10.2509 8539
10.2742 8781
10.2869 9017
10.3101 9246
10.3149 9470
10.3296 9688
10.3461 9902
10.3603 10111
10.3722 10316
10.3821 10517
10.3964 10714
10.409 10907
10.4219 11097
10.4341 11283
10.4481 11466
10.4606 11646
10.4736 11824
10.4862 11999
10.4984 12171
10.5112 12341
10.5227 12509
10.5332 12674
10.5458 12837
10.5567 12998
10.5668 13157
10.579 13314
10.5904 13469
10.5997 13622
10.6112 13774
10.6232 13924
10.6336 14072
10.644 14219
10.6578 14364
10.6689 14508
10.6794 14650
10.6932 14791
10.7053 14931
10.7169 15069
10.7301 15206
10.7432 15342
10.756 15477
10.7689 15610
10.7819 15742
10.7946 15873
10.8138 7200
10.8714 7488
10.8926 7764
10.9027 8031
10.9291 8289
10.9388 8539
10.9653 8781
10.9748 9017
11.0012 9246
11.0036 9470
11.037 9688
11.0417 9902
11.0728 10111
11.0776 10316
11.0907 10517
11.1087 10714
11.1215 10907
11.1337 11097
11.1468 11283
11.1603 11466
11.1742 11646
11.1848 11824
11.1984 11999
11.2117 12171
11.222 12341
11.2349 12509
11.2482 12674
11.2596 12837
11.2729 12998
11.2839 13157
11.2937 13314
11.3067 13469
11.3167 13622
11.3276 13774
11.3415 13924
11.3507 14072
11.3625 14219
11.3746 14364
11.3864 14508
11.3992 14650
11.4111 14791
11.4244 14931
11.4369 15069
11.4498 15206
11.4628 15342
11.4754 15477
11.4884 15610
11.5074 6480
11.5632 6800
11.5867 7104
11.5996 7395
11.624 7675
11.6357 7945
11.66 8205
11.6715 8457
11.6958 8702
11.7074 8940
11.7317 9171
11.7371 9397
11.75 9617
11.7677 9832
11.78 10042
11.7938 10248
11.8037 10450
11.816 10648
11.8298 10842
11.8425 11033
11.8551 11220
11.8678 11404
11.8808 11585
11.8933 11763
11.9054 11939
11.9174 12112
11.9282 12283
11.9389 12451
11.9519 12617
11.9626 12781
11.9734 12943
11.984 13103
11.9953 13261
12.0059 13417
12.015 13571
12.0262 13723
12.0379 13874
12.0479 14023
12.0604 14170
12.073 14316
12.0843 14460
12.0966 14603
12.1098 14744
12.1217 14884
12.1346 15023
12.1475 15161
12.1604 15297
12.1731 15432
12.1926 6480
12.248 6800
12.2713 7104
12.2844 7395
12.3084 7675
12.3223 7945
12.3443 8205
12.3581 8457
12.3802 8702
12.394 8940
12.416 9171
12.4228 9397
12.43 9617
12.4521 9832
12.4588 10042
12.4659 10248
12.4881 10450
12.4948 10648
12.5019 10842
12.524 11033
12.5306 11220
12.5378 11404
12.5598 11585
12.5665 11763
12.5736 11939
12.5957 12112
12.6017 12283
12.6132 12451
12.6252 12617
12.6318 12781
12.6422 12943
12.6495 13103
12.6612 13261
12.6678 13417
12.6782 13571
12.6855 13723
12.6982 13874
12.7104 14023
12.7197 14170
12.7326 14316
12.7446 14460
12.7555 14603
12.7686 14744
12.7811 14884
12.7932 15023
12.8055 15161
12.8189 15297
12.8322 15432
12.8448 15566
12.8573 15699
12.8763 6480
12.9327 6800
12.9564 7104
12.9687 7395
12.9933 7675
13.0054 7945
13.0292 8205
13.0412 8457
13.065 8702
13.0771 8940
13.1009 9171
13.1071 9397
13.1192 9617
13.1369 9832
13.1492 10042
13.1616 10248
13.1728 10450
13.1853 10648
13.1977 10842
13.2103 11033
13.2229 11220
13.2354 11404
13.2489 11585
13.2614 11763
13.2728 11939
13.2859 12112
13.2973 12283
13.308 12451
13.3216 12617
13.3333 12781
13.3428 12943
13.3558 13103
13.3677 13261
13.3764 13417
13.388 13571
13.3999 13723
13.409 13874
13.4202 14023
13.4343 14170
13.4453 14316
13.4569 14460
13.47 14603
13.4824 14744
13.4942 14884
13.5094 15023
13.5222 15161
13.5368 15297
13.5472 15432
13.5597 15566
13.5746 15699
13.5918 6480
13.6465 6800
13.6698 7104
13.6841 7395
13.7058 7675
13.7201 7945
13.7416 8205
13.756 8457
13.7775 8702
13.7918 8940
13.8133 9171
13.8192 9397
13.8278 9617
13.8493 9832
13.8552 10042
13.8638 10248
13.8853 10450
13.8983 10648
13.9111 10842
13.9236 11033
13.9363 11220
13.9499 11404
13.9615 11585
13.9743 11763
13.9857 11939
13.9974 12112
14.0031 12283
14.0103 12451
14.0217 12617
14.0334 12781
14.0391 12943
14.0463 13103
14.0577 13261
14.0694 13417
14.0751 13571
14.0823 13723
14.0935 13874
14.1052 14023
14.1112 14170
14.1244 14316
14.1351 14460
14.1467 14603
14.1602 14744
14.1716 14884
14.1844 15023
14.1967 15161
14.2103 15297
14.2226 15432
14.2352 15566
14.2476 15699
14.2674 6480
14.3233 6800
14.3468 7104
14.3593 7395
14.3828 7675
14.3953 7945
14.4186 8205
14.4311 8457
14.4545 8702
14.467 8940
14.4904 9171
14.4942 9397
14.503 9617
14.5263 9832
14.5367 10042
14.55 10248
14.5623 10450
14.5727 10648
14.586 10842
14.599 11033
14.6117 11220
14.6242 11404
14.6366 11585
14.649 11763
14.6621 11939
14.6743 12112
14.6844 12283
14.697 12451
14.7091 12617
14.7198 12781
14.7299 12943
14.7421 13103
14.7521 13261
14.7625 13417
14.7755 13571
14.7857 13723
14.7963 13874
14.8101 14023
14.82 14170
14.8318 14316
14.8451 14460
14.857 14603
14.8692 14744
14.882 14884
14.8947 15023
14.9073 15161
14.9209 15297
14.9334 15432
14.9453 15566
14.965 6480
15.0214 6800
15.0448 7104
15.059 7395
15.0809 7675
15.0953 7945
15.1168 8205
15.1314 8457
15.1526 8702
15.1672 8940
15.1885 9171
15.1951 9397
15.2032 9617
15.2245 9832
15.2383 10042
15.2517 10248
15.2605 10450
15.2743 10648
15.2877 10842
15.3004 11033
15.3132 11220
15.325 11404
15.3381 11585
15.3506 11763
15.3626 11939
15.374 12112
15.3801 12283
15.3931 12451
15.4052 12617
15.41 12781
15.4161 12943
15.4291 13103
15.4412 13261
15.446 13417
15.4521 13571
15.4651 13723
15.4771 13874
15.4818 14023
15.4879 14170
15.501 14316
15.5129 14460
15.5177 14603
15.5238 14744
15.5368 14884
15.5488 15023
15.5547 15161
15.5678 15297
15.5804 15432
15.5929 15566
15.6056 15699
15.6181 15831
15.6304 15961
15.6435 16090
15.6557 16218
15.6679 16345
15.681 16471
15.6996 7200
15.7445 7488
15.7711 7764
15.7848 8031
15.8069 8289
15.8206 8539
15.8428 8781
15.8571 9017
15.8786 9246
15.8842 9470
15.8931 9688
15.9146 9902
15.9202 10111
15.9291 10316
15.9506 10517
15.9632 10714
15.9766 10907
15.9891 11097
16.0015 11283
16.0142 11466
16.0272 11646
16.0391 11824
16.0522 11999
16.0644 12171
16.0751 12341
16.0858 12509
16.0974 12674
16.1079 12837
16.1194 12998
16.1311 13157
16.1425 13314
16.1534 13469
16.1626 13622
16.1727 13774
16.1832 13924
16.1963 14072
16.2076 14219
16.2189 14364
16.2316 14508
16.2434 14650
16.2557 14791
16.268 14931
16.2802 15069
16.2931 15206
16.3064 15342
16.3187 15477
16.3311 15610
16.3506 6480
16.4059 6800
16.43 7104
16.4416 7395
16.4676 7675
16.4781 7945
16.5035 8205
16.514 8457
16.5393 8702
16.5498 8940
16.5752 9171
16.5809 9397
16.5858 9617
16.6112 9832
16.6239 10042
16.6376 10248
16.6472 10450
16.6599 10648
16.6736 10842
16.6865 11033
16.6996 11220
16.7124 11404
16.7254 11585
16.7379 11763
16.7502 11939
16.7616 12112
16.7729 12283
16.7854 12451
16.797 12617
16.8073 12781
16.8195 12943
16.8313 13103
16.8424 13261
16.8546 13417
16.8663 13571
16.8756 13723
16.8885 13874
16.9005 14023
16.9106 14170
16.9231 14316
16.9357 14460
16.9477 14603
16.96 14744
16.973 14884
16.9857 15023
16.9985 15161
17.0113 15297
17.0235 15432
17.0363 15566
17.0555 6480
17.1093 6800
17.1356 7104
17.1461 7395
17.1717 7675
17.1822 7945
17.2076 8205
17.2181 8457
17.2434 8702
17.2539 8940
17.2793 9171
17.2862 9397
17.2968 9617
17.3153 9832
17.3283 10042
17.3413 10248
17.3513 10450
17.3643 10648
17.3773 10842
17.3903 11033
17.4031 11220
17.4161 11404
17.4286 11585
17.4413 11763
17.4526 11939
17.4644 12112
17.4704 12283
17.4773 12451
17.4886 12617
17.5004 12781
17.5065 12943
17.5193 13103
17.5246 13261
17.5364 13417
17.5483 13571
17.5552 13723
17.5657 13874
17.5772 14023
17.5888 14170
17.6011 14316
17.6127 14460
17.6247 14603
17.6376 14744
17.6491 14884
17.6613 15023
17.6746 15161
17.6878 15297
17.7004 15432
17.713 15566
17.7316 6480
17.7882 6800
17.8113 7104
17.8243 7395
17.8483 7675
17.8604 7945
17.8842 8205
17.8963 8457
17.92 8702
17.9321 8940
17.9559 9171
17.9607 9397
17.9752 9617
17.9919 9832
18.004 10042
18.0183 10248
18.0279 10450
18.04 10648
18.0543 10842
18.0675 11033
18.0801 11220
18.0923 11404
18.105 11585
18.1175 11763
18.13 11939
18.1421 12112
18.1538 12283
18.166 12451
18.1775 12617
18.1879 12781
18.1993 12943
18.2118 13103
18.2208 13261
18.2317 13417
18.2439 13571
18.2539 13723
18.2624 13874
18.2742 14023
18.2867 14170
18.2963 14316
18.3093 14460
18.3219 14603
18.3323 14744
18.3457 14884
18.3585 15023
18.3702 15161
18.383 15297
18.3965 15432
18.4094 15566
18.4227 15699
18.4408 6480
18.4965 6800
18.5203 7104
18.5324 7395
18.5563 7675
18.5684 7945
18.5921 8205
18.6042 8457
18.628 8702
18.6402 8940
18.6639 9171
18.6694 9397
18.684 9617
18.6998 9832
18.7122 10042
18.7275 10248
18.7358 10450
18.7482 10648
18.7636 10842
18.7754 11033
18.789 11220
18.8029 11404
18.8151 11585
18.8279 11763
18.8403 11939
18.8516 12112
18.8627 12283
18.8757 12451
18.8871 12617
18.8978 12781
18.9095 12943
18.9214 13103
18.9309 13261
18.9417 13417
18.9543 13571
18.9641 13723
18.9749 13874
18.988 14023
18.9998 14170
19.0106 14316
19.0245 14460
19.0366 14603
19.0502 14744
19.0627 14884
19.0759 15023
19.0886 15161
19.101 15297
19.1133 15432
19.1326 6480
19.1832 6800
19.211 7104
19.221 7395
19.247 7675
19.2571 7945
19.2828 8205
19.2929 8457
19.3187 8702
19.3289 8940
19.3545 9171
19.3595 9397
19.3649 9617
19.3905 9832
19.4026 10042
19.4148 10248
19.4268 10450
19.4389 10648
19.4508 10842
19.464 11033
19.4766 11220
19.4888 11404
19.5016 11585
19.514 11763
19.5261 11939
19.5374 12112
19.5418 12283
19.55 12451
19.5621 12617
19.5734 12781
19.583 12943
19.5952 13103
19.6069 13261
19.616 13417
19.6253 13571
19.6374 13723
19.6486 13874
19.6583 14023
19.6707 14170
19.683 14316
19.6935 14460
19.7061 14603
19.7184 14744
19.731 14884
19.7435 15023
19.758 15161
19.7706 15297
19.7832 15432
19.796 15566
19.8086 15699
19.8208 15831
19.8386 6480
19.8846 6800
19.908 7104
19.9149 7395
19.9384 7675
19.9463 7945
19.9687 8205
19.9766 8457
19.999 8702
20.0071 8940
20.0305 9171
20.0308 9397
20.0381 9617
20.0625 9832
20.0628 10042
20.0693 10248
20.0935 10450
20.0937 10648
20.1016 10842
20.1238 11033
20.124 11220
20.1319 11404
20.1543 11585
20.1546 11763
20.1622 11939
20.1849 12112
20.1851 12283
20.1854 12451
20.1926 12617
20.2156 12781
20.2158 12943
20.2161 13103
20.223 13261
20.246 13417
20.2463 13571
