1 10080
1.54734 1440
1.61904 2880
1.71426 4320
1.76247 5760
1.76247 6120
1.81028 6458
1.8294 6779
1.85808 7084
1.89474 7376
1.93736 7657
1.98079 7927
2.02143 8188
2.06007 8441
2.09752 8686
2.13497 8924
2.17242 9156
2.20987 9382
2.24692 9603
2.30389 3600
2.39791 4176
2.44532 4672
2.49313 5115
2.54054 5520
2.58795 5895
2.63536 6246
2.65727 6577
2.68317 6892
2.7238 7192
2.76763 7480
2.80986 7757
2.8497 8024
2.88994 8282
2.92659 8532
2.96245 8775
3.00029 9011
3.03655 9241
3.07081 9465
3.10786 9684
3.16364 3600
3.25567 4176
3.30308 4672
3.35208 5115
3.39949 5520
3.4469 5895
3.49431 6246
3.51343 6577
3.54212 6892
3.58554 7192
3.62737 7480
3.6704 7757
3.70865 8024
3.74769 8282
3.78355 8532
3.82219 8775
3.85844 9011
3.89789 9241
3.93175 9465
3.9696 9684
4.02458 3600
4.12179 4176
4.1692 4672
4.217 5115
4.26521 5520
4.31262 5895
4.36003 6246
4.38114 6577
4.40784 6892
4.45007 7192
4.4915 7480
4.53612 7757
4.57676 8024
4.61261 8282
4.64967 8532
4.68632 8775
4.72377 9011
4.75962 9241
4.79628 9465
4.83412 9684
4.8903 3600
4.98352 4176
5.02894 4672
5.07675 5115
5.12416 5520
5.17157 5895
5.21898 6246
5.24447 6577
5.2875 6892
5.33172 7192
5.37156 7480
5.4114 7757
5.44885 8024
5.4863 8282
5.52415 8532
5.5624 8775
5.59706 9011
5.63331 9241
5.67156 9465
5.70901 9684
5.76558 3600
5.84606 4176
5.89347 4672
5.94127 5115
5.98868 5520
6.03609 5895
6.0835 6246
6.10621 6577
6.15163 6892
6.19545 7192
6.23609 7480
6.27354 7757
6.31099 8024
6.34844 8282
6.38509 8532
6.42254 8775
6.45879 9011
6.49465 9241
6.53091 9465
6.56756 9684
6.62333 3600
6.69624 4176
6.75241 4672
6.80022 5115
6.84763 5520
6.89504 5895
6.94245 6246
6.96476 6577
6.99026 6892
7.01257 7192
7.03807 7480
7.06038 7757
7.08587 8024
7.12332 8282
7.15918 8532
7.19783 8775
7.23527 9011
7.27233 9241
7.30738 9465
7.34483 9684
7.40061 3600
7.49503 4176
7.54244 4672
7.59025 5115
7.63806 5520
7.68586 5895
7.73327 6246
7.7504 6577
7.78108 6892
7.8273 7192
7.87112 7480
7.91335 7757
7.9512 8024
7.98865 8282
8.0253 8532
8.06355 8775
8.099 9011
8.13526 9241
8.17271 9465
8.20936 9684
8.26713 3600
8.35199 4176
8.40298 4672
8.45079 5115
8.4982 5520
8.54561 5895
8.59302 6246
8.61732 6577
8.64083 6892
8.66513 7192
8.68863 7480
8.71294 7757
8.73644 8024
8.77588 8282
8.81333 8532
8.85078 8775
8.88903 9011
8.92648 9241
8.96313 9465
9.00058 9684
9.05357 3600
9.15118 4176
9.19858 4672
9.24639 5115
9.2946 5520
9.34201 5895
9.38942 6246
9.40655 6577
9.43802 6892
9.48145 7192
9.52806 7480
9.5679 7757
9.60615 8024
9.6436 8282
9.68025 8532
9.7181 8775
9.75475 9011
9.7914 9241
9.82766 9465
9.86272 9684
9.91889 3600
10.0109 4176
10.0583 4672
10.1061 5115
10.1551 5520
10.2029 5895
10.2504 6246
10.2687 6577
10.2982 6892
10.3416 7192
10.3862 7480
10.4292 7757
10.4703 8024
10.5077 8282
10.5444 8532
10.5818 8775
10.6193 9011
10.6555 9241
10.6874 9465
10.7245 9684
10.7798 3600
10.8711 4176
10.9185 4672
10.9671 5115
11.0145 5520
11.0627 5895
11.1107 6246
11.1327 6577
11.1586 6892
11.2008 7192
11.2399 7480
11.2773 7757
11.3156 8024
11.353 8282
11.3873 8532
11.4255 8775
11.4626 9011
11.5008 9241
11.5331 9465
11.5706 9684
11.6287 3600
11.722 4176
11.7694 4672
11.816 5115
11.8634 5520
11.9108 5895
11.9582 6246
11.9686 6577
12.006 6892
12.0494 7192
12.0929 7480
12.1311 7757
12.1713 8024
12.2092 8282
12.2466 8532
12.2805 8775
12.3168 9011
12.3514 9241
12.3901 9465
12.4267 9684
12.4785 3600
12.5765 4176
12.6243 4672
12.6721 5115
12.7195 5520
12.767 5895
12.8144 6246
12.8251 6577
12.8622 6892
12.9072 7192
12.9506 7480
12.9928 7757
13.0303 8024
13.0677 8282
13.1032 8532
13.1379 8775
13.1737 9011
13.214 9241
13.2474 9465
13.2841 9684
13.3414 3600
13.4339 4176
13.4813 4672
13.5291 5115
13.5765 5520
13.6239 5895
13.6713 6246
13.6908 6577
13.7191 6892
13.7633 7192
13.808 7480
13.8502 7757
13.8873 8024
13.9235 8282
13.961 8532
13.9944 8775
14.0327 9011
14.0701 9241
14.0992 9465
14.1378 9684
14.2 3600
14.2892 4176
14.3366 4672
14.3845 5115
14.4319 5520
14.4793 5895
14.5267 6246
14.553 6577
14.5952 6892
14.6339 7192
14.6733 7480
14.7119 7757
14.7494 8024
14.7856 8282
14.8231 8532
14.8629 8775
14.8956 9011
14.9307 9241
14.9657 9465
15.006 9684
15.0673 3600
15.1534 4176
15.2008 4672
15.2486 5115
15.296 5520
15.3434 5895
15.3908 6246
15.4123 6577
15.4386 6892
15.4801 7192
15.5243 7480
15.5625 7757
15.6 8024
15.637 8282
15.6713 8532
15.7075 8775
15.7446 9011
15.7804 9241
15.8183 9465
15.8474 9684
15.9119 3600
15.9984 4176
16.0462 4672
16.094 5115
16.1414 5520
16.1888 5895
16.2362 6246
16.2581 6577
16.284 6892
16.3059 7192
16.3318 7480
16.3537 7757
16.3796 8024
16.4183 8282
16.4549 8532
16.4884 8775
16.5219 9011
16.5613 9241
16.5972 9465
16.6314 9684
16.6828 3600
16.7872 4176
16.8346 4672
16.8824 5115
16.9298 5520
16.9772 5895
17.0246 6246
17.047 6577
17.0725 6892
17.1183 7192
17.1617 7480
17.1995 7757
17.239 8024
17.2764 8282
17.3127 8532
17.3458 8775
17.3828 9011
17.4203 9241
17.4557 9465
17.4876 9684
17.5454 3600
17.6481 4176
17.6955 4672
17.7434 5115
17.7908 5520
17.8394 5895
17.8876 6246
17.9067 6577
17.9362 6892
17.9756 7192
18.0183 7480
18.0613 7757
18.1011 8024
18.1386 8282
18.176 8532
18.2135 8775
18.2477 9011
18.2852 9241
18.3214 9465
18.3549 9684
18.4174 3600
18.5083 4176
18.5557 4672
18.6039 5115
18.6513 5520
18.6987 5895
18.7461 6246
18.7633 6577
18.7939 6892
18.8322 7192
18.8748 7480
18.9174 7757
18.9549 8024
18.9915 8282
19.029 8532
19.066 8775
19.1035 9011
19.1374 9241
19.17 9465
19.2103 9684
19.2696 3600
19.3617 4176
19.4091 4672
19.4593 5115
19.5067 5520
19.5541 5895
19.6015 6246
19.6246 6577
19.6736 6892
19.7114 7192
19.7561 7480
19.7943 7757
19.8318 8024
19.8684 8282
19.9055 8532
19.9413 8775
19.9784 9011
20.0158 9241
20.0485 9465
20.0847 9684
20.1469 3600
20.2322 4176
20.2796 4672
20.3274 5115
20.3748 5520
20.4222 5895
20.4696 6246
20.4939 6577
20.5174 6892
20.5429 7192
20.5652 7480
20.5907 7757
20.613 8024
20.6505 8282
20.6887 8532
20.7262 8775
20.7632 9011
20.8023 9241
20.8357 9465
20.8732 9684
20.927 3600
21.0258 4176
21.0732 4672
21.1234 5115
21.1708 5520
21.2186 5895
21.266 6246
21.2815 6577
21.3138 6892
21.3568 7192
21.4015 7480
21.4389 7757
21.4803 8024
21.5178 8282
21.5548 8532
21.5923 8775
21.6281 9011
21.6652 9241
21.7026 9465
21.7297 9684
21.7963 3600
21.8975 4176
21.9449 4672
21.9935 5115
