1 0.0613344
1.00122 0.0621676
1.02345 0.0628966
1.04663 0.0635345
1.0691 0.0640927
1.09157 0.0645811
1.11404 0.0650085
1.13651 0.0652574
1.1585 0.0654752
1.18097 0.0655408
1.20344 0.0657232
1.22543 0.0686328
1.24814 0.0713037
1.27061 0.0736408
1.39396 0.0699357
1.42862 0.0685687
1.4628 0.0686226
1.49722 0.0686698
1.5087 0.0658361
1.53188 0.0618566
1.55722 0.0602495
1.58208 0.0590933
1.60479 0.0575816
1.6275 0.0591339
1.65069 0.0602422
1.67292 0.0612119
1.69562 0.0620604
1.71738 0.0626779
1.74009 0.0633431
1.76184 0.0636752
1.78455 0.0640908
1.80654 0.0643295
1.82877 0.0646633
1.851 0.0649554
1.87299 0.065086
1.89546 0.0653252
1.91793 0.0682846
1.93897 0.070624
1.96048 0.072796
1.98199 0.0744465
2.09936 0.0706407
2.13283 0.0703106
2.16749 0.0700218
2.20191 0.069894
2.21338 0.0669073
2.23657 0.0629189
2.26047 0.060929
2.28414 0.0593129
2.30709 0.0577738
2.33027 0.0593021
2.35322 0.0605143
2.37521 0.06145
2.39912 0.0623938
2.42159 0.0630945
2.44406 0.0638327
2.46653 0.0642286
2.48756 0.0644501
2.51003 0.0646438
2.53059 0.0645633
2.5521 0.0646179
2.57361 0.0644157
2.59585 0.0644887
2.61736 0.0673026
2.64007 0.0698898
2.66134 0.0721536
2.68262 0.0740094
2.79353 0.0701332
2.82819 0.0701165
2.86261 0.069977
2.89727 0.0698549
2.90923 0.066998
2.93193 0.0628732
2.94389 0.0592641
2.9666 0.0562311
2.98954 0.0549522
3.01249 0.0567082
3.0352 0.0582446
3.05815 0.0595891
3.08062 0.0606404
3.10356 0.0615604
3.12579 0.0622403
3.14826 0.0629603
3.17026 0.0634653
3.1932 0.0640321
3.21543 0.0644031
3.23743 0.0647277
3.26085 0.0650117
3.28308 0.0653853
3.30531 0.0684621
3.3285 0.0712793
3.35073 0.0736194
3.47192 0.069917
3.50635 0.0684274
3.54101 0.068624
3.57567 0.068671
3.58642 0.0657121
3.61033 0.0618731
3.63925 0.0607639
3.66339 0.0597934
3.68658 0.0581943
3.70929 0.05967
3.73224 0.0608362
3.75471 0.0617317
3.77718 0.0625152
3.79965 0.0630758
3.82116 0.0635664
3.84411 0.0639956
3.86514 0.0642461
3.88833 0.0645904
3.91223 0.0650166
3.93375 0.0653895
3.95741 0.0658408
3.9806 0.0661107
4.00235 0.0690969
4.02578 0.0719598
4.04801 0.0743398
4.17159 0.0707973
4.20649 0.0695726
4.24091 0.0695011
4.27581 0.0694384
4.29111 0.0671336
4.31047 0.0631169
4.32601 0.0596023
4.34513 0.056527
4.36067 0.0537111
4.38362 0.0541222
4.40657 0.054982
4.42904 0.0567342
4.45151 0.0581424
4.47374 0.0592496
4.49549 0.0600934
4.517 0.0608318
4.53995 0.0614778
4.56075 0.0619181
4.58441 0.0625533
4.6064 0.0631091
4.63126 0.0640955
4.65445 0.0648336
4.67668 0.0682294
4.69867 0.0712007
4.72114 0.0735506
4.84401 0.0699818
4.87986 0.0693591
4.91428 0.0694392
4.94895 0.0693843
4.9609 0.0664612
4.98361 0.0625286
5.00655 0.0604625
5.03022 0.0587797
5.05317 0.0573072
5.07516 0.0587688
5.09811 0.0599227
5.12058 0.0608074
5.14209 0.0615815
5.16528 0.0622588
5.18583 0.0626014
5.20878 0.0630263
5.23245 0.063523
5.25492 0.0642076
5.27739 0.0648066
5.30248 0.0654558
5.32591 0.0661488
5.34886 0.0667552
5.47316 0.0640358
5.50758 0.0634064
5.54224 0.0641056
5.57666 0.0647174
5.59029 0.0626277
5.61132 0.0591742
5.63547 0.0574024
5.66367 0.0567271
5.68686 0.0560112
5.70933 0.0582598
5.7318 0.0594774
5.75427 0.0605427
5.77674 0.0613499
5.79921 0.0621811
5.82096 0.0626585
5.84295 0.0630762
5.86423 0.0633166
5.88574 0.0635271
5.9094 0.0639612
5.93235 0.064466
5.95602 0.0652828
5.97896 0.0657474
6.00167 0.069029
6.02414 0.0719004
6.04613 0.0741628
6.17067 0.0706425
6.20701 0.0694372
6.24143 0.0696325
6.27585 0.0694285
6.29067 0.0668749
6.31051 0.0628905
6.32701 0.0596542
6.34517 0.0565724
6.36214 0.0538759
6.38509 0.0543914
6.40756 0.0553425
6.43003 0.0569247
6.4525 0.0581841
6.47497 0.0592861
6.49624 0.0601253
6.518 0.0607346
6.54047 0.0613928
6.56079 0.0617187
6.58517 0.0625039
6.60883 0.0631909
6.63202 0.064292
6.65568 0.0650055
6.67815 0.0685048
6.70134 0.0715667
6.72357 0.0739959
6.84572 0.0703714
6.87966 0.068825
6.91409 0.0688469
6.94851 0.068866
6.96452 0.0665077
6.98317 0.0625693
6.99966 0.0591231
7.01783 0.0559827
7.03432 0.0533599
7.05799 0.0539399
7.0807 0.0550724
7.10316 0.0568134
7.12563 0.0582117
7.14739 0.0593102
7.16938 0.0601464
7.19018 0.0607531
7.21312 0.061409
7.23344 0.0617329
7.25806 0.0625163
7.28173 0.0632017
7.30563 0.0643015
7.32882 0.0650138
7.35105 0.0685121
7.37376 0.0714481
7.39623 0.0738921
7.52077 0.0704056
7.55614 0.0694799
7.5908 0.0695449
7.6257 0.0694768
7.63885 0.0667922
7.66108 0.0629432
7.68618 0.0610753
7.70961 0.0594409
7.73208 0.0577607
7.75502 0.0591657
7.77773 0.0602699
7.8002 0.0612362
7.82219 0.0619567
7.8449 0.0625871
7.86498 0.0627637
7.8896 0.0632932
7.91207 0.0638816
7.93502 0.0647714
7.95749 0.065175
7.98092 0.0655281
8.00482 0.0659621
8.02729 0.0664668
8.15183 0.0637835
8.18649 0.0630605
8.22163 0.063928
8.25605 0.064687
8.2692 0.0626011
8.29071 0.059026
8.31605 0.0575227
8.34019 0.0565824
8.36314 0.0553846
8.38609 0.0572115
8.40903 0.0586851
8.43174 0.0598494
8.45421 0.0608683
8.47668 0.0616347
8.49796 0.0621804
8.52091 0.0626578
8.54242 0.0630756
8.56417 0.0635662
8.58927 0.0642454
8.61198 0.0648397
8.63612 0.0657347
8.65931 0.0662679
8.78337 0.0637344
8.81851 0.0631426
8.85293 0.0638748
8.88831 0.0646404
8.89835 0.0623104
8.92297 0.0587716
8.93325 0.0558001
8.95763 0.0532001
8.98058 0.0524251
9.00687 0.054997
9.0303 0.0572473
9.05492 0.0593414
9.07739 0.0607987
9.09986 0.0618239
9.12233 0.0625959
9.1448 0.0631464
9.16607 0.0636281
9.18758 0.0637996
9.21005 0.0640747
9.23324 0.0644403
9.25643 0.0650103
9.2789 0.065384
9.30232 0.068711
9.32623 0.0717471
9.34846 0.0742787
9.47348 0.0707439
9.51077 0.0694009
9.54543 0.0697258
9.57985 0.0696351
9.59371 0.0669307
9.61451 0.0629393
9.63339 0.0600719
9.64917 0.0569379
9.66805 0.0541957
9.69291 0.0547962
9.71514 0.0561967
9.73761 0.0577971
9.76056 0.0590725
9.78303 0.0601884
9.8055 0.0611649
9.8263 0.0617693
9.84853 0.0621731
9.86717 0.0621515
9.8906 0.0623825
9.91355 0.0627097
9.93649 0.063496
9.9592 0.064184
9.98311 0.067786
10.0058 0.0708127
10.0283 0.0734612
10.1531 0.0700285
10.193 0.0690249
10.2276 0.0696468
10.2621 0.069691
10.2766 0.0671046
10.2972 0.0630915
10.3156 0.0600801
10.3323 0.0569451
10.3503 0.0542019
10.3747 0.0548017
10.3971 0.0560765
10.4201 0.0578169
10.4423 0.0590898
10.4652 0.0602036
10.4877 0.0610531
10.5092 0.0617965
10.5305 0.0621969
10.553 0.0625473
10.5774 0.0632289
10.6003 0.0640753
10.6223 0.0648159
10.6469 0.0653389
10.6701 0.0687965
10.7954 0.065947
10.8303 0.0650786
10.8647 0.0655688
10.8991 0.0659977
10.9075 0.063123
10.9345 0.0596076
10.9579 0.0584066
10.9691 0.0554808
10.9928 0.0529207
11.012 0.0531806
11.0275 0.053783
11.0499 0.0541852
11.0624 0.051787
11.0856 0.0525636
11.1072 0.0532432
11.128 0.0547128
11.1471 0.0556237
11.1682 0.0562957
11.1878 0.0567588
11.2088 0.0572889
11.2315 0.0580028
11.2513 0.0587524
11.2738 0.0595334
11.2965 0.0630917
11.318 0.0660803
11.3381 0.0686952
11.3596 0.0708583
11.4751 0.067376
11.5064 0.066954
11.5348 0.0659598
11.5664 0.0652148
11.5669 0.0610629
11.6011 0.0578051
11.6254 0.0579544
11.6498 0.0567101
11.673 0.0556214
11.6948 0.0572937
11.7158 0.058382
11.7368 0.0589592
11.7579 0.0594643
11.7794 0.0600313
11.8007 0.0605274
11.8219 0.0609615
11.843 0.0612163
11.8638 0.0614392
11.8848 0.0616343
11.9058 0.061805
11.9278 0.0620794
11.9491 0.0624445
11.9701 0.0653889
11.9914 0.0679653
12.0124 0.0700946
12.0335 0.0718328
12.1475 0.0682287
12.1781 0.0677001
12.2073 0.0667376
12.2417 0.0662704
12.2529 0.0636116
12.2763 0.0600352
12.2995 0.0584058
12.3225 0.056855
12.3464 0.0556232
12.3677 0.0571703
12.3892 0.058399
12.4104 0.0590991
12.432 0.0597117
12.4525 0.0601228
12.474 0.0606074
12.4951 0.0610315
12.5163 0.0614025
12.5371 0.0616022
12.5579 0.0616519
12.5821 0.0621955
12.6036 0.062671
12.6246 0.0632121
12.6461 0.0664356
12.6672 0.0687562
12.6884 0.0707867
12.7095 0.0725633
12.8202 0.0686179
12.8503 0.0679157
12.8811 0.0670512
12.9155 0.0667948
12.9265 0.0640705
12.9502 0.0604366
12.9731 0.0587571
12.9849 0.0556624
13.0078 0.0529546
13.0307 0.0534603
13.0515 0.0551528
13.0733 0.0565087
13.0946 0.0574451
13.1156 0.0582644
13.1366 0.0588564
13.1574 0.0593743
13.1787 0.0598275
13.2002 0.0603491
13.2215 0.0608055
13.244 0.0613298
13.266 0.0617886
13.287 0.06219
13.3085 0.0652912
13.3295 0.0678798
13.3506 0.0700199
13.3716 0.0718924
13.4818 0.0679058
13.5127 0.0671676
13.5421 0.0663966
13.577 0.0660971
13.5913 0.0639599
13.6116 0.0603399
13.6381 0.0586724
13.6616 0.0575884
13.6728 0.0546398
13.696 0.0549349
13.7072 0.053818
13.7304 0.0543408
13.7416 0.0532982
13.7648 0.0537609
13.7761 0.0527908
13.7871 0.0519419
13.7995 0.0498242
13.8107 0.0478462
13.832 0.0474904
13.853 0.0483041
13.8758 0.0503911
13.8968 0.0520922
13.9178 0.0562057
13.9401 0.060055
13.9611 0.0632981
13.9821 0.0661358
14.1007 0.0634938
14.1342 0.0640571
14.1695 0.064675
14.1985 0.0645906
14.1989 0.0601418
14.2329 0.0568741
14.2334 0.0541398
14.2675 0.0517473
14.291 0.0524039
14.3165 0.0562284
14.3376 0.0579499
14.3598 0.0593311
14.3816 0.0600397
14.4026 0.0606598
14.4251 0.0613273
14.4459 0.0616614
14.4676 0.0620787
14.4891 0.0623189
14.5106 0.062654
14.5317 0.0628223
14.5537 0.0629695
14.5747 0.0630983
14.5957 0.065836
14.6187 0.0684815
14.6397 0.0706713
14.6608 0.0725874
14.7788 0.069139
14.8113 0.0688716
14.8441 0.0685127
14.8735 0.0676986
14.874 0.0628612
14.9082 0.0593786
14.9273 0.0587063
14.9431 0.055743
14.9619 0.0530251
14.9844 0.053522
15.0086 0.0549567
15.0305 0.0567121
15.0525 0.0581231
15.0736 0.0589827
15.0946 0.0596099
15.1156 0.0600337
15.1372 0.0605294
15.1592 0.0610883
15.1802 0.0615772
15.2027 0.0620051
15.2237 0.0622544
15.2447 0.0624726
15.2665 0.0654136
15.2875 0.0678619
15.3086 0.0700041
15.3296 0.0718786
15.4477 0.0685188
15.4795 0.0682039
15.5115 0.0676784
15.5414 0.0669686
15.5419 0.0623476
15.576 0.0589291
15.6007 0.058938
15.6248 0.0575707
15.6463 0.0561244
15.6695 0.0577338
15.6924 0.0590171
15.7144 0.06014
15.7367 0.0609975
15.7577 0.0614978
15.7802 0.0620606
15.8012 0.062428
15.8237 0.0628745
15.8445 0.0630152
15.866 0.0631383
15.8877 0.063246
15.9124 0.0638402
15.9334 0.0643602
15.9547 0.0674402
15.9757 0.0700102
15.9967 0.0717589
16.0178 0.073289
16.1347 0.0696279
16.1689 0.0694244
16.1983 0.0687464
16.2327 0.0681531
16.2365 0.0643839
16.2673 0.0607109
16.2881 0.0596221
16.3132 0.0579193
16.3369 0.0566794
16.3589 0.0583445
16.3814 0.0595514
16.4024 0.0603575
16.4234 0.0609378
16.4459 0.0613206
16.4677 0.0617805
16.4892 0.0623079
16.5097 0.0625194
16.5315 0.0627045
16.5527 0.0627415
16.5743 0.0630238
16.597 0.0632708
16.619 0.0636119
16.6405 0.0666605
16.6615 0.0692029
16.6823 0.0713025
16.7036 0.0730147
16.8121 0.0688879
16.8437 0.0681519
16.8743 0.0673829
16.9089 0.067085
16.9223 0.0646994
16.9436 0.060987
16.9706 0.0593636
16.9921 0.0580682
17.0162 0.0565596
17.0378 0.0578647
17.0588 0.0588816
17.0798 0.0593964
17.1009 0.0598468
17.1221 0.060366
17.1437 0.0608202
17.1652 0.0613427
17.1867 0.0616749
17.2091 0.0622155
17.2314 0.0626886
17.2524 0.0631025
17.2744 0.0633397
17.2954 0.0634222
17.3165 0.0661194
17.3375 0.0684795
17.3585 0.0704196
17.3796 0.0721171
17.4876 0.0681025
17.5177 0.0673397
17.5495 0.0666722
17.584 0.0665882
17.5962 0.0641397
17.6186 0.0604972
17.6442 0.0589351
17.6676 0.0576932
17.6789 0.0547315
17.702 0.0551401
17.7133 0.0539976
17.7365 0.0544979
17.7477 0.0533106
17.7709 0.0537718
17.7821 0.0528003
17.7931 0.0519503
17.8056 0.0498315
17.8168 0.0478526
17.8381 0.047496
17.8591 0.048309
17.8816 0.0503954
17.9031 0.0522209
17.9241 0.0564433
17.9468 0.0602629
17.9679 0.06348
17.9889 0.06617
18.1072 0.0635238
18.1392 0.0639583
18.1718 0.0639635
18.2014 0.0637181
18.2019 0.0595033
18.2361 0.0564404
18.2571 0.0563854
18.2707 0.0535872
18.2918 0.0511388
18.3135 0.0517464
18.336 0.0534031
18.3582 0.0551027
18.3807 0.0565899
18.4022 0.0578912
18.4232 0.0587798
18.4447 0.0594323
18.466 0.0600033
18.4875 0.0605028
18.5088 0.06094
18.5296 0.0611975
18.5511 0.0615478
18.5741 0.0621043
18.5953 0.0652163
18.6166 0.0679393
18.6376 0.0701968
18.6584 0.0719222
18.7763 0.068557
18.809 0.0684873
18.8423 0.0681764
18.8724 0.0675294
18.8729 0.0628382
18.907 0.0593584
18.9333 0.0595636
18.9546 0.0579932
18.9843 0.057119
19.0055 0.0589791
19.0266 0.0606067
19.0476 0.0609059
19.0686 0.0611677
19.0897 0.0613967
19.1107 0.0615971
19.1317 0.0617725
19.1528 0.0619259
19.174 0.0621852
19.1951 0.062412
19.2156 0.0624855
19.2367 0.0624248
19.2577 0.0623717
19.2799 0.0650753
19.3012 0.0676909
19.3223 0.0699795
19.3433 0.0719821
19.4585 0.0682343
19.4941 0.068205
19.5259 0.0680544
19.5584 0.0675476
19.5589 0.0632291
19.5931 0.0597005
19.6115 0.0588629
19.6282 0.0558801
19.6469 0.0532701
19.6734 0.0543613
19.6944 0.0558161
19.7155 0.0574641
19.7365 0.0581561
19.7575 0.0587616
19.7786 0.0592914
19.7996 0.059755
19.8207 0.0601606
19.8414 0.0605155
19.8639 0.0609511
19.8847 0.0613322
19.9065 0.0617907
19.9287 0.0621918
19.9507 0.0652929
19.9717 0.0680062
19.9928 0.0702555
20.0138 0.0720985
20.1295 0.0683362
20.1649 0.0681692
20.1964 0.068023
20.2287 0.0675202
20.2292 0.0632051
20.2634 0.0596795
20.2858 0.0592196
20.2992 0.0563171
20.3214 0.0537775
20.3465 0.0546803
20.3676 0.0563453
20.3886 0.0576771
20.4096 0.0583425
20.4307 0.0589247
20.4517 0.0594341
20.4727 0.0598798
20.4933 0.0602698
20.5148 0.0606111
20.5363 0.0610347
20.5576 0.0614054
20.5796 0.0618547
20.6016 0.0622479
20.6231 0.0653419
20.6444 0.0680491
20.6657 0.070293
20.6864 0.0721314
20.8009 0.068115
20.8354 0.0677256
20.8664 0.0675099
20.899 0.0669461
20.8994 0.0627029
20.9336 0.05924
20.9532 0.058585
20.9704 0.0558869
20.9884 0.053276
21.0123 0.0539915
21.0335 0.0551176
21.0548 0.0564779
21.0758 0.0572931
21.0974 0.0581315
21.1179 0.0587401
21.1394 0.0593976
21.1607 0.0598479
21.1822 0.0604919
21.2025 0.0608054
21.2248 0.0612047
21.2482 0.0618041
21.2687 0.0623286
21.2903 0.0655375
21.3108 0.0680953
21.3321 0.0700834
21.3527 0.071823
21.471 0.0683451
21.5054 0.068427
21.536 0.0679986
21.5683 0.0673738
21.5687 0.0630771
21.6029 0.0594424
21.6199 0.0583871
21.6376 0.0554637
21.6546 0.0529058
21.6768 0.0534175
21.699 0.0544903
21.7224 0.0561791
21.7435 0.0575317
21.7645 0.0584652
21.7879 0.0592821
21.8102 0.0602468
21.831 0.060966
21.8544 0.0617202
21.8771 0.0623802
21.8986 0.0630827
21.9192 0.0633223
21.9414 0.063407
21.9627 0.0661062
21.984 0.0684679
