1 7192
1.01196 7480
1.02801 7757
1.04406 8024
1.06813 2880
1.09221 3600
1.10843 4176
1.12448 4672
1.14053 5115
1.15658 5520
1.17263 5895
1.18868 6246
1.20473 6577
1.22078 6892
1.23683 7192
1.25288 7480
1.26893 7757
1.28498 8024
1.30939 2880
1.3333 3600
1.34849 4176
1.35617 4672
1.36386 5115
1.37854 5520
1.39288 5895
1.40723 6246
1.4214 6577
1.43506 6892
1.44872 7192
1.46186 7480
1.47552 7757
1.48918 8024
1.50284 8282
1.51582 8532
1.52931 8775
1.54263 9011
1.55594 9241
1.56892 9465
1.58173 9684
1.6017 3600
1.62817 4176
1.63585 4672
1.64353 5115
1.65822 5520
1.67256 5895
1.68622 6246
1.70005 6577
1.71268 6892
1.72549 7192
1.73812 7480
1.75076 7757
1.76357 8024
1.7762 8282
1.78884 8532
1.80164 8775
1.81428 9011
1.82708 9241
1.83989 9465
1.85252 9684
1.87147 3600
1.8976 4176
1.90528 4672
1.91296 5115
1.92697 5520
1.94165 5895
1.95514 6246
1.96811 6577
1.98058 6892
1.99287 7192
2.00551 7480
2.0178 7757
2.03026 8024
2.04256 8282
2.05485 8532
2.06732 8775
2.07961 9011
2.0919 9241
2.10437 9465
2.11683 9684
2.13527 3600
2.16635 4176
2.17898 4672
2.18666 5115
2.19947 5520
2.21245 5895
2.22559 6246
2.23823 6577
2.25052 6892
2.26299 7192
2.27579 7480
2.29082 7757
2.3055 8024
2.3195 8282
2.33333 8532
2.34699 8775
2.36065 9011
2.37431 9241
2.38814 9465
2.40863 3600
2.44312 4176
2.45695 4672
2.46463 5115
2.4788 5520
2.49332 5895
2.50937 6246
2.52473 6577
2.53993 6892
2.55547 7192
2.57083 7480
2.5862 7757
2.60157 8024
2.62462 2880
2.64767 3600
2.66303 4176
2.6784 4672
2.69411 5115
2.70982 5520
2.72553 5895
2.74123 6246
2.75694 6577
2.77265 6892
2.78836 7192
2.80407 7480
2.81995 7757
2.83565 8024
2.85939 2880
2.88329 3600
2.89934 4176
2.91556 4672
2.93161 5115
2.94766 5520
2.96371 5895
2.97976 6246
2.99598 6577
3.01203 6892
3.02808 7192
3.04379 7480
3.0595 7757
3.07521 8024
3.09877 2880
3.12233 3600
3.13804 4176
3.15375 4672
3.16963 5115
3.18533 5520
3.20104 5895
3.21675 6246
3.23246 6577
3.24817 6892
3.26388 7192
3.27958 7480
3.29529 7757
3.311 8024
3.33456 2880
3.35812 3600
3.37383 4176
3.38954 4672
3.40542 5115
3.42113 5520
3.43684 5895
3.45255 6246
3.46825 6577
3.48413 6892
3.49984 7192
3.51555 7480
3.53126 7757
3.54697 8024
3.57053 2880
3.59409 3600
3.61014 4176
3.62602 4672
3.64207 5115
3.65812 5520
3.67417 5895
3.68988 6246
3.70576 6577
3.72163 6892
3.73803 7192
3.75373 7480
3.76978 7757
3.78532 8024
3.80905 2880
3.83279 3600
3.8485 4176
3.8642 4672
3.87991 5115
3.89596 5520
3.91167 5895
3.92806 6246
3.9366 6577
3.95282 6892
3.96938 7192
3.98594 7480
4.00199 7757
4.01804 8024
4.03409 8282
4.05817 2880
4.09027 3600
4.10649 4176
4.12254 4672
4.13859 5115
4.15464 5520
4.17086 5895
4.18691 6246
4.20296 6577
4.21901 6892
4.23506 7192
4.25111 7480
4.26716 7757
4.2832 8024
4.30745 2880
4.33152 3600
4.34757 4176
4.36362 4672
4.37967 5115
4.39589 5520
4.41194 5895
4.42816 6246
4.44421 6577
4.46026 6892
4.47648 7192
4.49253 7480
4.50858 7757
4.52463 8024
4.54871 2880
4.57278 3600
4.58883 4176
4.60488 4672
4.62093 5115
4.63698 5520
4.65303 5895
4.66925 6246
4.6853 6577
4.70135 6892
4.7174 7192
4.73328 7480
4.7495 7757
4.76555 8024
4.78963 2880
4.8137 3600
4.82975 4176
4.8458 4672
4.86185 5115
4.8779 5520
4.89395 5895
4.91017 6246
4.92622 6577
4.94227 6892
4.95832 7192
4.97437 7480
4.99042 7757
5.00647 8024
5.03054 2880
5.05479 3600
5.07084 4176
5.08689 4672
5.10294 5115
5.1195 5520
5.13572 5895
5.15228 6246
5.16867 6577
5.18472 6892
5.20094 7192
5.21716 7480
5.2339 7757
5.24995 8024
5.27436 2880
5.29844 3600
5.31449 4176
5.33054 4672
5.34676 5115
5.36281 5520
5.37886 5895
5.39508 6246
5.4113 6577
5.42786 6892
5.43623 7192
5.45279 7480
5.46952 7757
5.48694 8024
5.51101 2880
5.53509 3600
5.55114 4176
5.56718 4672
5.58323 5115
5.59928 5520
5.61533 5895
5.63138 6246
5.64743 6577
5.66348 6892
5.6797 7192
5.69592 7480
5.71197 7757
5.72802 8024
5.7521 2880
5.77617 3600
5.79222 4176
5.80844 4672
5.82449 5115
5.84054 5520
5.85659 5895
5.87264 6246
5.88869 6577
5.90491 6892
5.92096 7192
5.93701 7480
5.95306 7757
5.96911 8024
5.99336 2880
6.0176 3600
6.03365 4176
6.0497 4672
6.06575 5115
6.0818 5520
6.09785 5895
6.1139 6246
6.12995 6577
6.146 6892
6.16222 7192
6.17827 7480
6.19432 7757
6.21037 8024
6.23444 2880
6.25852 3600
6.27457 4176
6.29062 4672
6.30667 5115
6.32255 5520
6.33877 5895
6.35482 6246
6.37087 6577
6.38692 6892
6.40314 7192
6.41919 7480
6.43524 7757
6.45129 8024
6.47536 2880
6.49944 3600
6.51549 4176
6.53154 4672
6.54759 5115
6.56364 5520
6.57968 5895
6.59573 6246
6.61213 6577
6.62835 6892
6.64491 7192
6.6613 7480
6.67769 7757
6.69374 8024
6.71799 2880
6.74291 3600
6.75896 4176
6.77536 4672
6.7914 5115
6.80745 5520
6.8235 5895
6.83972 6246
6.85577 6577
6.87182 6892
6.88787 7192
6.90427 7480
6.92032 7757
6.93705 8024
6.95378 2880
6.97922 3600
6.99595 4176
7.012 4672
7.02805 5115
7.0441 5520
7.06015 5895
7.0762 6246
7.09225 6577
7.1083 6892
7.12435 7192
7.1404 7480
7.15645 7757
7.1725 8024
7.19675 2880
7.22082 3600
7.23687 4176
7.25292 4672
7.26897 5115
7.28519 5520
7.30124 5895
7.31746 6246
7.33351 6577
7.34956 6892
7.36561 7192
7.38166 7480
7.39771 7757
7.41393 8024
7.438 2880
7.46208 3600
7.47813 4176
7.49435 4672
7.5104 5115
7.52645 5520
7.5425 5895
7.55855 6246
7.5746 6577
7.59065 6892
7.60687 7192
7.62292 7480
7.63897 7757
7.65502 8024
7.67926 2880
7.70334 3600
7.71939 4176
7.73544 4672
7.75149 5115
7.76754 5520
7.78359 5895
7.79964 6246
7.81569 6577
7.83174 6892
7.84779 7192
7.86384 7480
7.87989 7757
7.89593 8024
7.92018 2880
7.94425 3600
7.9603 4176
7.97635 4672
7.9924 5115
8.00845 5520
8.0245 5895
8.04055 6246
8.0566 6577
8.07265 6892
8.0887 7192
8.10475 7480
8.12114 7757
8.13753 8024
8.16212 2880
8.18654 3600
8.20276 4176
8.21881 4672
8.23537 5115
8.25193 5520
8.26798 5895
8.28437 6246
8.30042 6577
8.31647 6892
8.33252 7192
8.34874 7480
8.36479 7757
8.38084 8024
8.40509 2880
8.42933 3600
8.44589 4176
8.45358 4672
8.46997 5115
8.48687 5520
8.50446 5895
8.52051 6246
8.53656 6577
8.55244 6892
8.56866 7192
8.58471 7480
8.60076 7757
8.61681 8024
8.64088 2880
8.66496 3600
8.68101 4176
8.69723 4672
8.71328 5115
8.72933 5520
8.74538 5895
8.76143 6246
8.77748 6577
8.79353 6892
8.80958 7192
8.8258 7480
8.84185 7757
8.8579 8024
8.88214 2880
8.90622 3600
8.92244 4176
8.93849 4672
8.95454 5115
8.97059 5520
8.98663 5895
9.00286 6246
9.01891 6577
9.03495 6892
9.051 7192
9.06705 7480
9.0831 7757
9.09915 8024
9.12323 2880
9.1473 3600
9.16335 4176
9.17957 4672
9.19562 5115
9.21167 5520
9.22772 5895
9.24377 6246
9.25982 6577
9.27587 6892
9.29192 7192
9.30797 7480
9.32402 7757
9.34007 8024
9.36415 2880
9.38822 3600
9.40427 4176
9.42049 4672
9.43654 5115
9.45259 5520
9.46864 5895
9.48469 6246
9.50074 6577
9.51696 6892
9.53301 7192
9.54906 7480
9.56511 7757
9.58116 8024
9.60523 2880
9.62965 3600
9.64604 4176
9.6626 4672
9.67899 5115
9.69504 5520
9.71126 5895
9.72731 6246
9.74422 6577
9.76027 6892
9.77649 7192
9.79271 7480
9.80876 7757
9.82498 8024
9.84922 2880
9.8733 3600
9.88935 4176
9.90557 4672
9.92179 5115
9.93784 5520
9.95457 5895
9.96328 6246
9.97984 6577
9.99692 6892
10.0135 7192
10.0295 7480
10.0456 7757
10.0616 8024
10.0777 8282
10.1018 2880
10.1258 3600
10.1417 4176
10.1579 4672
10.174 5115
10.1902 5520
10.2062 5895
10.2223 6246
10.2383 6577
10.2544 6892
10.2704 7192
10.2865 7480
10.3025 7757
10.3188 8024
10.3428 2880
10.3669 3600
10.383 4176
10.399 4672
10.4151 5115
10.4313 5520
10.4473 5895
10.4636 6246
10.4796 6577
10.4958 6892
10.5119 7192
10.5279 7480
10.544 7757
10.56 8024
10.5841 2880
10.6082 3600
10.6242 4176
10.6403 4672
10.6563 5115
10.6724 5520
10.6886 5895
10.7046 6246
10.7207 6577
10.7367 6892
10.7528 7192
10.7688 7480
10.7849 7757
10.8009 8024
10.825 2880
10.8491 3600
10.8651 4176
10.8812 4672
10.8972 5115
10.9133 5520
10.9295 5895
10.9456 6246
10.9616 6577
10.9777 6892
10.9937 7192
11.0098 7480
11.0245 7757
11.038 8024
11.058 2880
11.0788 3600
11.0865 4176
11.0942 4672
11.1019 5115
11.1164 5520
11.1297 5895
11.143 6246
11.1567 6577
11.1702 6892
11.1837 7192
11.1977 7480
11.2117 7757
11.2269 8024
11.2419 8282
11.2569 8532
11.2718 8775
11.2863 9011
11.3008 9241
11.3153 9465
11.337 3600
11.366 4176
11.3737 4672
11.3814 5115
11.3961 5520
11.4108 5895
11.4251 6246
11.4394 6577
11.4538 6892
11.4681 7192
11.4833 7480
11.4983 7757
11.5134 8024
11.5286 8282
11.5436 8532
11.5584 8775
11.5731 9011
11.5948 3600
11.624 4176
11.6317 4672
11.6471 5115
11.6623 5520
11.6769 5895
11.6915 6246
11.7058 6577
11.7201 6892
11.7345 7192
11.7488 7480
11.7632 7757
11.7778 8024
11.7925 8282
11.8074 8532
11.8222 8775
11.8371 9011
11.852 9241
11.8666 9465
11.8887 3600
11.9175 4176
11.9329 4672
11.9476 5115
11.9626 5520
11.9769 5895
11.9913 6246
12.0056 6577
12.02 6892
12.0343 7192
12.0486 7480
12.0632 7757
12.0775 8024
12.0929 8282
12.1079 8532
12.1224 8775
12.1373 9011
12.1519 9241
12.1665 9465
12.1885 3600
12.2182 4176
12.2332 4672
12.2409 5115
12.2556 5520
12.2699 5895
12.2843 6246
12.2986 6577
12.313 6892
12.3273 7192
12.3416 7480
12.3565 7757
12.371 8024
12.3865 8282
12.4011 8532
12.4157 8775
12.4308 9011
12.4451 9241
12.46 9465
12.4816 3600
12.5117 4176
12.5264 4672
12.5342 5115
12.5484 5520
12.5629 5895
12.5773 6246
12.5916 6577
12.6061 6892
12.6206 7192
12.6351 7480
12.65 7757
12.6654 8024
12.6802 8282
12.6951 8532
12.7099 8775
12.7243 9011
12.7388 9241
12.7608 3600
12.7905 4176
12.8055 4672
12.8202 5115
12.8351 5520
12.8496 5895
12.8643 6246
12.8788 6577
12.8936 6892
12.9083 7192
12.9228 7480
12.938 7757
12.9531 8024
12.9679 8282
12.9828 8532
12.9976 8775
13.012 9011
13.0265 9241
13.0413 9465
13.0639 3600
13.0934 4176
13.1081 4672
13.1228 5115
13.1371 5520
13.1516 5895
13.166 6246
13.1803 6577
13.1952 6892
13.2097 7192
13.2247 7480
13.2397 7757
13.2546 8024
13.27 8282
13.2848 8532
13.2992 8775
13.3215 3600
13.3507 4176
13.3654 4672
13.3806 5115
13.3949 5520
13.4095 5895
13.4236 6246
13.4383 6577
13.4527 6892
13.4672 7192
13.482 7480
13.4971 7757
13.5119 8024
13.5269 8282
13.542 8532
13.5561 8775
13.572 9011
13.5863 9241
13.6085 3600
13.6383 4176
13.6533 4672
13.661 5115
13.6755 5520
13.6902 5895
13.7045 6246
13.7187 6577
13.7334 6892
13.7479 7192
13.7626 7480
13.7774 7757
13.7929 8024
13.8078 8282
13.8227 8532
13.8373 8775
13.852 9011
13.867 9241
13.8891 3600
13.9186 4176
13.9338 4672
13.9485 5115
13.9639 5520
13.9782 5895
13.9925 6246
14.0069 6577
14.0212 6892
14.0356 7192
14.0503 7480
14.0655 7757
14.0806 8024
14.0955 8282
14.1105 8532
14.1254 8775
14.1397 9011
14.1553 9241
14.1769 3600
14.2068 4176
14.2218 4672
14.2295 5115
14.2437 5520
14.258 5895
14.2724 6246
14.2867 6577
14.3011 6892
14.3156 7192
14.3299 7480
14.3453 7757
14.3602 8024
14.3755 8282
14.3902 8532
14.4051 8775
14.4196 9011
14.4346 9241
14.457 3600
14.4862 4176
14.5012 4672
14.516 5115
14.5304 5520
14.5447 5895
14.5591 6246
14.5734 6577
14.5877 6892
14.6031 7192
14.6175 7480
14.6323 7757
14.6475 8024
14.6625 8282
14.6772 8532
14.6921 8775
14.7068 9011
14.7218 9241
14.7368 9465
14.759 3600
14.7884 4176
14.8032 4672
14.8109 5115
14.8251 5520
14.8394 5895
14.8538 6246
14.8681 6577
14.8828 6892
14.8975 7192
14.912 7480
14.927 7757
14.9419 8024
14.9567 8282
14.9716 8532
14.9861 8775
15.0009 9011
15.0163 9241
15.0382 3600
15.0679 4176
15.0827 4672
15.0978 5115
15.1126 5520
15.127 5895
15.1413 6246
15.1556 6577
15.1705 6892
15.1853 7192
15.2007 7480
15.2152 7757
15.2303 8024
15.2451 8282
15.26 8532
15.2748 8775
15.2893 9011
15.3047 9241
15.3192 9465
15.3417 3600
15.3711 4176
15.3863 4672
15.4012 5115
15.4157 5520
15.43 5895
15.4445 6246
15.4594 6577
15.4742 6892
15.4893 7192
15.5041 7480
15.519 7757
15.5328 8024
15.5487 8282
15.5635 8532
15.5779 8775
15.5929 9011
15.6076 9241
15.6228 9465
15.6452 3600
15.6744 4176
15.682 4672
15.6897 5115
15.7039 5520
15.7182 5895
15.7326 6246
15.7476 6577
15.7626 6892
15.7777 7192
15.7922 7480
15.8075 7757
15.822 8024
15.8366 8282
15.8514 8532
15.8658 8775
15.8808 9011
15.8953 9241
15.9185 3600
15.9479 4176
15.9626 4672
15.9702 5115
15.9844 5520
15.9988 5895
16.0131 6246
16.028 6577
16.0432 6892
16.0578 7192
16.0727 7480
16.0874 7757
16.1021 8024
16.1166 8282
16.1309 8532
16.1524 2880
16.1746 3600
16.19 4176
16.205 4672
16.2127 5115
16.2272 5520
16.2416 5895
16.2559 6246
16.2702 6577
16.2846 6892
16.2989 7192
16.3138 7480
16.329 7757
16.344 8024
16.3587 8282
16.373 8532
16.3875 8775
16.4022 9011
16.4166 9241
16.4381 3600
16.4678 4176
16.4835 4672
16.4984 5115
16.5127 5520
16.527 5895
16.5414 6246
16.5557 6577
16.5701 6892
16.5844 7192
16.5993 7480
16.6141 7757
16.6295 8024
16.6442 8282
16.6587 8532
16.673 8775
16.6875 9011
16.702 9241
16.7236 3600
16.7533 4176
16.7686 4672
16.7835 5115
16.7978 5520
16.8122 5895
16.8267 6246
16.841 6577
16.8554 6892
16.8701 7192
16.8851 7480
16.9001 7757
16.9146 8024
16.9295 8282
16.9438 8532
16.9583 8775
16.973 9011
16.9874 9241
17.0092 3600
17.0391 4176
17.0468 4672
17.0545 5115
17.0695 5520
17.0838 5895
17.0982 6246
17.1125 6577
17.127 6892
17.1414 7192
17.1557 7480
17.1707 7757
17.1856 8024
17.2008 8282
17.2153 8532
17.2298 8775
17.2442 9011
17.2585 9241
17.2728 9465
17.2949 3600
17.3249 4176
17.3326 4672
17.3403 5115
17.3548 5520
17.3691 5895
17.3835 6246
17.3978 6577
17.4123 6892
17.4267 7192
17.441 7480
17.4562 7757
17.4711 8024
17.4859 8282
17.5003 8532
17.5146 8775
17.529 9011
17.5433 9241
17.5578 9465
17.5793 3600
17.6089 4176
17.6244 4672
17.6394 5115
17.6538 5520
17.6681 5895
17.6824 6246
17.6971 6577
17.7116 6892
17.726 7192
17.7408 7480
17.756 7757
17.7707 8024
17.7851 8282
17.7994 8532
17.8137 8775
17.8281 9011
17.8428 9241
17.8646 3600
17.8943 4176
17.902 4672
17.9097 5115
17.9244 5520
17.9387 5895
17.9531 6246
17.9674 6577
17.9823 6892
17.9971 7192
18.0123 7480
18.0267 7757
18.0417 8024
18.0564 8282
18.0712 8532
18.0856 8775
18.0999 9011
18.1143 9241
18.1286 9465
18.1501 3600
18.1796 4176
18.1942 4672
18.2094 5115
18.2244 5520
18.2387 5895
18.2532 6246
18.2678 6577
18.2826 6892
18.2975 7192
18.312 7480
18.3272 7757
18.3419 8024
18.3572 8282
18.3719 8532
18.3862 8775
18.4008 9011
18.4151 9241
18.4366 3600
18.4662 4176
18.4812 4672
18.4889 5115
18.5039 5520
18.5182 5895
18.5326 6246
18.5469 6577
18.5613 6892
18.5766 7192
18.591 7480
18.6058 7757
18.6205 8024
18.6355 8282
18.6502 8532
18.6651 8775
18.6794 9011
18.6938 9241
18.7084 9465
18.73 3600
18.7598 4176
18.7745 4672
18.7901 5115
18.8047 5520
18.8191 5895
18.8334 6246
18.8478 6577
18.8633 6892
18.8776 7192
18.8925 7480
18.9075 7757
18.9229 8024
18.9379 8282
18.9528 8532
18.9671 8775
18.9815 9011
18.9961 9241
19.0103 9465
19.033 3600
19.0627 4176
19.0704 4672
19.0781 5115
19.0924 5520
19.1068 5895
19.1211 6246
19.1356 6577
19.151 6892
19.1655 7192
19.1805 7480
19.1959 7757
19.2108 8024
19.2256 8282
19.2403 8532
19.2546 8775
19.269 9011
19.2837 9241
19.3054 3600
19.3344 4176
19.3497 4672
19.3646 5115
19.3801 5520
19.3945 5895
19.4088 6246
19.4232 6577
19.4382 6892
19.4525 7192
19.4676 7480
19.4824 7757
19.4974 8024
19.5125 8282
19.5268 8532
19.5411 8775
19.5555 9011
19.5773 3600
19.6069 4176
19.6146 4672
19.6296 5115
19.645 5520
19.6596 5895
19.6743 6246
19.6887 6577
19.703 6892
19.7177 7192
19.7324 7480
19.7472 7757
19.7621 8024
19.7773 8282
19.7921 8532
19.8065 8775
19.8208 9011
19.8352 9241
19.8497 9465
19.8712 3600
19.9009 4176
19.9164 4672
19.9241 5115
19.9388 5520
19.9535 5895
19.9678 6246
19.9822 6577
19.9965 6892
20.0115 7192
20.0261 7480
20.0416 7757
20.0563 8024
20.0711 8282
20.0856 8532
20.1 8775
20.1143 9011
20.1287 9241
20.1505 3600
20.1801 4176
20.1947 4672
20.2103 5115
20.2248 5520
20.2391 5895
20.2535 6246
20.2678 6577
20.2822 6892
20.2972 7192
20.3117 7480
20.3267 7757
20.3412 8024
20.3571 8282
20.3718 8532
20.3861 8775
20.4005 9011
20.4148 9241
20.4367 3600
20.4666 4176
20.4743 4672
20.4819 5115
20.497 5520
20.5123 5895
20.5268 6246
20.5414 6577
20.5557 6892
20.57 7192
20.5851 7480
20.5996 7757
20.6146 8024
20.63 8282
20.6443 8532
20.6588 8775
20.6732 9011
20.6875 9241
20.7019 9465
20.7237 3600
20.7531 4176
20.7681 4672
20.7758 5115
20.7905 5520
20.8053 5895
20.8198 6246
20.8342 6577
20.8485 6892
20.8632 7192
20.8779 7480
20.8927 7757
20.9083 8024
20.9226 8282
20.9373 8532
20.9516 8775
20.966 9011
20.9803 9241
20.9948 9465
21.0165 3600
21.0464 4176
21.0614 4672
21.0768 5115
21.0918 5520
21.1063 5895
21.1207 6246
21.135 6577
21.1497 6892
21.1646 7192
21.1794 7480
21.1946 7757
21.21 8024
21.2243 8282
21.2387 8532
21.2528 8775
21.2668 9011
21.281 9241
21.3017 3600
21.3309 4176
21.3386 4672
21.3466 5115
21.3588 5520
21.3697 5895
21.3803 6246
21.3899 6577
21.3983 6892
21.4058 7192
