1 10080
1.56012 1440
1.62743 2880
1.73021 4320
1.7836 5760
1.7836 6120
1.83699 6458
1.85611 6779
1.89077 7084
1.91029 7376
1.94455 7657
1.96407 7927
2.0063 8188
2.04375 8441
2.0828 8686
2.11985 8924
2.1569 9156
2.19435 9382
2.22981 9603
2.26606 9818
2.30112 10029
2.33976 10235
2.37602 10437
2.4294 4320
2.52024 4800
2.57442 5232
2.62781 5628
2.68119 5996
2.73458 6341
2.75529 6668
2.78836 6978
2.8298 7275
2.86924 7560
2.90669 7834
2.94493 8098
2.98198 8354
3.01664 8602
3.0517 8843
3.08318 9077
3.12023 9305
3.1517 9527
3.18517 9744
3.22381 9956
3.25449 10164
3.29433 10368
3.33337 10568
3.37082 10764
3.40867 10956
3.46285 4320
3.54213 4800
3.60349 5232
3.65966 5628
3.71305 5996
3.76643 6341
3.78516 6668
3.82022 6978
3.85886 7275
3.89711 7560
3.93456 7834
3.97161 8098
4.00507 8354
4.04173 8602
4.07758 8843
4.11145 9077
4.1477 9305
4.18435 9527
4.21662 9744
4.25606 9956
4.29391 10164
4.33136 10368
4.36961 10568
4.42658 4320
4.54929 4800
4.60347 5232
4.65685 5628
4.71024 5996
4.76362 6341
4.78593 6668
4.81741 6978
4.84171 7275
4.87119 7560
4.89549 7834
4.93255 8098
4.96999 8354
5.00744 8602
5.04171 8843
5.07756 9077
5.11023 9305
5.14489 9527
5.17796 9744
5.21342 9956
5.24967 10164
5.28473 10368
5.32377 10568
5.36401 10764
5.40146 10956
5.45923 4320
5.58034 4800
5.63452 5232
5.68791 5628
5.74209 5996
5.79548 6341
5.82257 6668
5.84926 6978
5.89468 7275
5.93611 7560
5.97356 7834
6.01101 8098
6.04846 8354
6.08312 8602
6.11539 8843
6.14846 9077
6.18073 9305
6.21858 9527
6.25204 9744
6.28631 9956
6.32654 10164
6.3628 10368
6.42136 4320
6.51618 4800
6.57116 5232
6.62614 5628
6.68032 5996
6.73371 6341
6.75841 6668
6.78749 6978
6.83092 7275
6.87474 7560
6.91219 7834
6.95243 8098
6.98988 8354
7.02494 8602
7.05641 8843
7.09665 9077
7.13091 9305
7.16677 9527
7.19665 9744
7.23449 9956
7.26955 10164
7.30461 10368
7.34684 10568
7.38668 10764
7.44286 4320
7.55799 4800
7.61019 5232
7.66357 5628
7.71696 5996
7.77034 6341
7.79942 6668
7.82413 6978
7.87273 7275
7.91018 7560
7.94763 7834
7.98508 8098
8.02253 8354
8.05998 8602
8.09384 8843
8.1289 9077
8.16316 9305
8.19782 9527
8.23328 9744
8.26834 9956
8.30579 10164
8.34324 10368
8.38308 10568
8.43965 4320
8.56873 4800
8.62013 5232
8.67431 5628
8.72809 5996
8.78148 6341
8.80498 6668
8.83526 6978
8.87749 7275
8.91534 7560
8.95279 7834
8.99024 8098
9.0249 8354
9.06115 8602
9.09502 8843
9.12769 9077
9.16195 9305
9.1994 9527
9.23127 9744
9.26952 9956
9.30776 10164
9.34641 10368
9.38426 10568
9.44123 4320
9.56672 4800
9.6213 5232
9.67469 5628
9.72807 5996
9.78146 6341
9.79859 6668
9.83684 6978
9.87947 7275
9.9213 7560
9.95875 7834
9.9954 8098
10.0321 8354
10.0675 8602
10.1042 8843
10.1404 9077
10.1723 9305
10.2089 9527
10.2444 9744
10.2787 9956
10.3197 10164
10.3567 10368
10.4169 4320
10.5109 4800
10.5623 5232
10.6153 5628
10.6695 5996
10.7229 6341
10.7384 6668
10.7767 6978
10.8217 7275
10.8727 7560
10.9117 7834
10.9492 8098
10.9866 8354
11.04 8602
11.0747 8843
11.0952 9077
11.1294 9305
11.16 9527
11.1883 9744
11.2182 9956
11.2473 10164
11.2752 10368
11.3043 10568
11.3333 10764
11.362 10956
11.3907 11145
11.4333 4320
11.5166 4800
11.5521 5232
11.5923 5628
11.6295 5996
11.6724 6341
11.6732 6668
11.7262 6978
11.7345 7275
11.7799 7560
11.8146 7834
11.8441 8098
11.8756 8354
11.903 8602
11.9353 8843
11.9628 9077
11.9939 9305
12.0226 9527
12.0512 9744
12.0787 9956
12.1066 10164
12.1349 10368
12.1628 10568
12.1915 10764
12.2206 10956
12.2489 11145
12.2931 4320
12.3732 4800
12.4066 5232
12.4443 5628
12.4829 5996
12.5233 6341
12.5241 6668
12.5767 6978
12.5775 7275
12.6305 7560
12.6624 7834
12.695 8098
12.7277 8354
12.7544 8602
12.7871 8843
12.8174 9077
12.8508 9305
12.8803 9527
12.911 9744
12.9397 9956
12.9703 10164
12.9986 10368
13.0265 10568
13.0552 10764
13.0831 10956
13.1122 11145
13.1536 4320
13.2345 4800
13.2616 5232
13.3006 5628
13.3395 5996
13.3837 6341
13.3845 6668
13.4375 6978
13.4458 7275
13.4912 7560
13.5187 7834
13.5558 8098
13.5888 8354
13.6163 8602
13.6486 8843
13.6773 9077
13.7076 9305
13.7378 9527
13.7669 9744
13.7952 9956
13.8231 10164
13.8514 10368
13.8793 10568
13.9068 10764
13.9351 10956
13.9617 11145
13.99 11331
14.0255 4320
14.0896 4800
14.1394 5232
14.1916 5628
14.245 5996
14.2984 6341
14.3135 6668
14.3522 6978
14.3841 7275
14.406 7560
14.4378 7834
14.4717 8098
14.502 8354
14.5311 8602
14.5605 8843
14.588 9077
14.6151 9305
14.643 9527
14.6689 9744
14.6968 9956
14.7255 10164
14.7546 10368
14.7825 10568
14.8095 10764
14.835 10956
14.8637 11145
14.8888 11331
14.9171 11514
14.9378 11694
14.9645 11871
14.9896 12045
15.0115 12217
15.0382 12386
15.0629 12553
15.0904 12718
15.1303 5040
15.2745 5451
15.3103 5831
15.3625 6186
15.3645 6521
15.4163 6838
15.4534 7141
15.4701 7431
15.5075 7710
15.5239 7978
15.5609 8237
15.5781 8488
15.6143 8732
15.6314 8969
15.6677 9200
15.6828 9425
15.7087 9645
15.7346 9859
15.7605 10069
15.7824 10274
15.8079 10475
15.8302 10672
15.8545 10866
15.8769 11056
15.9039 11243
15.9275 11427
15.9553 11608
15.9824 11786
16.0111 11961
16.041 12134
16.0701 12304
16.1123 5040
16.2079 5451
16.2486 5831
16.3023 6186
16.3211 6521
16.3561 6838
16.3749 7141
16.4099 7431
16.4286 7710
16.4637 7978
16.4968 8237
16.527 8488
16.5557 8732
16.5832 8969
16.6107 9200
16.6318 9425
16.6545 9645
16.6816 9859
16.7063 10069
16.735 10274
16.7597 10475
16.7892 10672
16.8135 10866
16.8414 11056
16.8705 11243
16.9019 11427
16.9302 11608
16.9609 11786
17.0039 5040
17.082 5451
17.1362 5831
17.19 6186
17.2039 6521
17.2438 6838
17.2728 7141
17.2975 7431
17.3274 7710
17.3513 7978
17.3816 8237
17.4103 8488
17.439 8732
17.4677 8969
17.4963 9200
17.5234 9425
17.5402 9645
17.5529 9859
17.584 10069
17.6031 10274
17.6318 10475
17.6505 10672
17.6772 10866
17.7027 11056
17.729 11243
17.7589 11427
17.7868 11608
17.8163 11786
17.8457 11961
17.892 5040
18.0099 5451
18.0629 5831
18.1163 6186
18.1318 6521
18.17 6838
18.1991 7141
18.2238 7431
18.2541 7710
18.2776 7978
18.3079 8237
18.3374 8488
18.3653 8732
18.3947 8969
18.4234 9200
18.4449 9425
18.4617 9645
18.4788 9859
18.5063 10069
18.5286 10274
18.5549 10475
18.5728 10672
18.6023 10866
18.625 11056
18.6545 11243
18.6832 11427
18.7115 11608
18.7405 11786
18.774 11961
18.8174 5040
18.935 5451
18.9872 5831
19.0405 6186
19.0601 6521
19.0943 6838
19.115 7141
19.1481 7431
19.1688 7710
19.2019 7978
19.2342 8237
19.2656 8488
19.2939 8732
19.3246 8969
19.3533 9200
19.3736 9425
19.3864 9645
19.4075 9859
19.4354 10069
19.4609 10274
19.4816 10475
19.5023 10672
19.5314 10866
19.5517 11056
19.5836 11243
19.611 11427
19.6373 11608
19.6736 11786
19.7035 11961
19.7461 5040
19.8676 5451
19.9214 5831
19.9748 6186
19.9883 6521
20.029 6838
20.0429 7141
20.0828 7431
20.1098 7710
20.1365 7978
20.1668 8237
20.1955 8488
20.2246 8732
20.2533 8969
20.2784 9200
20.2959 9425
20.3067 9645
20.3409 9859
20.3608 10069
20.3887 10274
20.4055 10475
20.4254 10672
20.4568 10866
20.4768 11056
20.5094 11243
20.5389 11427
20.562 11608
20.6015 11786
20.6329 11961
20.6616 12134
20.6903 12304
20.7361 5040
20.7975 5451
20.8485 5831
20.9019 6186
20.9194 6521
20.9564 6838
20.9855 7141
21.0102 7431
21.0393 7710
21.064 7978
21.0947 8237
21.1234 8488
21.1536 8732
21.1807 8969
21.2102 9200
21.2321 9425
21.2469 9645
21.2652 9859
21.2859 10069
21.3011 10274
21.319 10475
21.3397 10672
21.3548 10866
21.3791 11056
21.4078 11243
21.4325 11427
21.4632 11608
21.4899 11786
21.5206 11961
21.57 5040
21.6971 5451
21.7508 5831
21.8042 6186
21.8194 6521
21.858 6838
21.8803 7141
21.9118 7431
21.9341 7710
21.9656 7978
21.9951 8237
