1 8880
1.03524 3600
1.24619 4176
1.2946 4672
1.38902 5115
1.44698 5520
1.51571 5895
1.58383 6246
1.6179 6577
1.65256 6892
1.7177 7192
1.77925 7480
1.83841 7757
1.89578 8024
1.95375 8282
2.00992 8532
2.0655 8775
2.12167 9011
2.17725 9241
2.23223 9465
2.31828 3600
2.44079 4176
2.50892 4672
2.57764 5115
2.64577 5520
2.71389 5895
2.78202 6246
2.81967 6577
2.85074 6892
2.88839 7192
2.91947 7480
2.95712 7757
3.02046 8024
3.08022 8282
3.1364 8532
3.19197 8775
3.24635 9011
3.30313 9241
3.3599 9465
3.44296 3600
3.5828 4176
3.65093 4672
3.71129 5115
3.7824 5520
3.85112 5895
3.91925 6246
3.93778 6577
3.98797 6892
4.05431 7192
4.11467 7480
4.17682 7757
4.23538 8024
4.29215 8282
4.34653 8532
4.40331 8775
4.46008 9011
4.51565 9241
4.57123 9465
4.65669 3600
4.79832 4176
4.86645 4672
4.93218 5115
5.00688 5520
5.07501 5895
5.14313 6246
5.1521 6577
5.21186 6892
5.27759 7192
5.34154 7480
5.39771 7757
5.45628 8024
5.51185 8282
5.56743 8532
5.6242 8775
5.67798 9011
5.73535 9241
5.79153 9465
5.87579 3600
6.01921 4176
6.08674 4672
6.15248 5115
6.22359 5520
6.29172 5895
6.35985 6246
6.38255 6577
6.42857 6892
6.49311 7192
6.56004 7480
6.61622 7757
6.67598 8024
6.73036 8282
6.78593 8532
6.84271 8775
6.89888 9011
6.95505 9241
7.01242 9465
7.09668 3600
7.23712 4176
7.30226 4672
7.37158 5115
7.43971 5520
7.50783 5895
7.57596 6246
7.59867 6577
7.67695 6892
7.74209 7192
7.80305 7480
7.86161 7757
7.91838 8024
7.97097 8282
8.02774 8532
8.08332 8775
8.14009 9011
8.19627 9241
8.25184 9465
8.3373 3600
8.46877 4176
8.53511 4672
8.59845 5115
8.66658 5520
8.7347 5895
8.80283 6246
8.84466 6577
8.9098 6892
8.97733 7192
9.0335 7480
9.09386 7757
9.14944 8024
9.20561 8282
9.2594 8532
9.31557 8775
9.37174 9011
9.42852 9241
9.48469 9465
9.57015 3600
9.69086 4176
9.75779 4672
9.82652 5115
9.89464 5520
9.96277 5895
10.0309 6246
10.0638 6577
10.0996 6892
10.1325 7192
10.1683 7480
10.2012 7757
10.2383 8024
10.2938 8282
10.35 8532
10.4068 8775
10.4612 9011
10.5179 9241
10.5729 9465
10.6566 3600
10.8006 4176
10.8687 4672
10.9315 5115
10.9948 5520
11.0635 5895
11.1321 6246
11.1967 6577
11.2654 6892
11.3281 7192
11.3927 7480
11.4584 7757
11.5122 8024
11.5684 8282
11.6252 8532
11.6819 8775
11.7363 9011
11.7919 9241
11.8504 9465
11.9371 3600
12.0769 4176
12.1463 4672
12.2168 5115
12.2915 5520
12.3608 5895
12.4289 6246
12.4749 6577
12.5371 6892
12.6016 7192
12.6578 7480
12.717 7757
12.7696 8024
12.8245 8282
12.8819 8532
12.9387 8775
12.9925 9011
13.0492 9241
13.1066 9465
13.1921 3600
13.3164 4176
13.3827 4672
13.4514 5115
13.5195 5520
13.5883 5895
13.6564 6246
13.6964 6577
13.7598 6892
13.8231 7192
13.8817 7480
13.9379 7757
13.9946 8024
14.0496 8282
14.1064 8532
14.1614 8775
14.2175 9011
14.2725 9241
14.3299 9465
14.4153 3600
14.5223 4176
14.591 4672
14.6622 5115
14.7303 5520
14.799 5895
14.8671 6246
14.8988 6577
14.9359 6892
14.9687 7192
15.0046 7480
15.0374 7757
15.0733 8024
15.1295 8282
15.1856 8532
15.2418 8775
15.2974 9011
15.3536 9241
15.4109 9465
15.4928 3600
15.6362 4176
15.7044 4672
15.7695 5115
15.8376 5520
15.9058 5895
15.9739 6246
15.9828 6577
16.0426 6892
16.1131 7192
16.1735 7480
16.2386 7757
16.3032 8024
16.3593 8282
16.4143 8532
16.4693 8775
16.5267 9011
16.5822 9241
16.6372 9465
16.7227 3600
16.8685 4176
16.9366 4672
17.0047 5115
17.0729 5520
17.141 5895
17.2091 6246
17.2354 6577
17.2778 6892
17.3448 7192
17.4147 7480
17.4768 7757
17.536 8024
17.5922 8282
17.6448 8532
17.7003 8775
17.7583 9011
17.8139 9241
17.8695 9465
17.9537 3600
18.0936 4176
18.1617 4672
18.2304 5115
18.3027 5520
18.3709 5895
18.439 6246
18.4647 6577
18.5376 6892
18.6039 7192
18.6637 7480
18.7222 7757
18.7784 8024
18.834 8282
18.8902 8532
18.9463 8775
19.0037 9011
19.0587 9241
19.1173 9465
19.2027 3600
19.3354 4176
19.3969 4672
19.4668 5115
19.5386 5520
19.6067 5895
19.6748 6246
19.7208 6577
19.783 6892
19.8451 7192
19.9025 7480
19.9611 7757
20.0172 8024
20.0734 8282
20.1296 8532
20.187 8775
20.2407 9011
20.2963 9241
20.3543 9465
20.4391 3600
20.5616 4176
20.6238 4672
20.6925 5115
20.7606 5520
20.8288 5895
20.8969 6246
20.9351 6577
20.9656 6892
21.0051 7192
21.0666 7480
21.1276 7757
21.1832 8024
21.2375 8282
21.2937 8532
21.3511 8775
21.4067 9011
21.4628 9241
21.5184 9465
21.6051 3600
21.7377 4176
21.8017 4672
21.8716 5115
21.9397 5520
