1 0.0940811
1.00566 0.0959459
1.02837 0.0977027
1.18518 0.0941148
1.19737 0.0897255
1.24374 0.0857598
1.25593 0.0822898
1.30231 0.0793786
1.3145 0.0768313
1.36063 0.0803524
1.37282 0.0790583
1.41896 0.082176
1.43115 0.080779
1.47728 0.0838066
1.48732 0.0819558
1.51099 0.0815863
1.53585 0.078638
1.55784 0.0775583
1.58103 0.0767385
1.6035 0.0756462
1.6164 0.0735654
1.63409 0.0709947
1.65393 0.0711204
1.6678 0.0702303
1.68501 0.0700766
1.70461 0.070067
1.72039 0.0696836
1.73831 0.0698482
1.76174 0.0706171
1.76222 0.06904
1.77895 0.06766
1.79688 0.0664525
1.8203 0.0655209
1.84469 0.0675808
1.86285 0.0696332
1.88198 0.0715541
1.90349 0.0729848
1.92309 0.0737367
1.94365 0.0746446
1.96205 0.077814
1.98596 0.0810873
2.00628 0.0838264
2.02946 0.0865981
2.19392 0.0846483
2.20468 0.0813173
2.25297 0.0785276
2.26324 0.0760867
2.31153 0.0739508
2.33424 0.073582
2.36986 0.0776342
2.39256 0.0780549
2.42818 0.0800481
2.45089 0.0801671
2.48651 0.0818962
2.50037 0.0806592
2.52236 0.0795768
2.54531 0.0770047
2.55893 0.0746291
2.58093 0.0725505
2.60387 0.0707316
2.6175 0.0692652
2.63949 0.067982
2.6622 0.0697343
2.67583 0.0700175
2.69806 0.0713903
2.72244 0.0728415
2.73487 0.0727363
2.75638 0.0737693
2.78315 0.0751731
2.78793 0.0739015
2.81256 0.0744138
2.83407 0.0748621
2.85821 0.0748793
2.87733 0.0767694
2.90028 0.0781732
2.91893 0.0789016
2.93518 0.0786639
2.9567 0.0787059
2.97678 0.0783677
2.99279 0.0800717
3.01646 0.0823127
3.03749 0.0847736
3.05685 0.0866769
3.08171 0.0889673
3.1037 0.0917214
3.28155 0.0892562
3.28968 0.0853492
3.34011 0.0820555
3.36139 0.0807986
3.39844 0.0843238
3.41995 0.0836583
3.45677 0.085076
3.47852 0.0844415
3.51509 0.0858863
3.52346 0.0835255
3.53708 0.0804598
3.57366 0.0776524
3.59636 0.0770708
3.61836 0.077562
3.63222 0.0752417
3.65493 0.0730865
3.6774 0.0713257
3.69867 0.07241
3.71923 0.0742337
3.73596 0.0750795
3.757 0.0755696
3.77779 0.0759984
3.79501 0.0759986
3.8158 0.0764988
3.82656 0.0756864
3.83636 0.0736006
3.85381 0.0716505
3.87461 0.0700692
3.88584 0.0686856
3.89492 0.0673499
3.91237 0.0663061
3.93317 0.0653929
3.94441 0.0645938
3.96616 0.0655195
3.98146 0.0682046
4.00225 0.070929
4.02424 0.0734379
4.04145 0.0763832
4.0644 0.0790853
4.08759 0.0824496
4.10862 0.0853934
4.13301 0.0883442
4.3546 0.0904262
4.3675 0.0864979
4.41316 0.0830607
4.42607 0.0800531
4.47149 0.0830465
4.48439 0.0815407
4.52981 0.0842231
4.54272 0.0825702
4.58814 0.0852489
4.59842 0.0832178
4.62232 0.0828156
4.64718 0.0798386
4.67132 0.0789838
4.69331 0.0779858
4.70574 0.0754876
4.73037 0.0734266
4.75236 0.0716233
4.76861 0.0720454
4.78869 0.0734147
4.81212 0.0744879
4.82765 0.0745519
4.84702 0.0751079
4.87092 0.0759694
4.88598 0.0755982
4.89626 0.0747735
4.91658 0.0740518
4.92948 0.0721703
4.94454 0.070524
4.96367 0.0700835
4.97514 0.0686981
4.98805 0.0674858
5.00311 0.0664251
5.02223 0.065497
5.03371 0.0645598
5.05713 0.0667399
5.07578 0.0692724
5.09538 0.0721133
5.11809 0.0750992
5.13817 0.0788368
5.16159 0.0819822
5.18454 0.0853594
5.35497 0.0833145
5.37697 0.0820252
5.41354 0.079147
5.43553 0.0766286
5.47186 0.0789251
5.49386 0.0790594
5.53019 0.081052
5.55218 0.0810455
5.58852 0.0827898
5.59975 0.0810661
5.61075 0.0781828
5.64708 0.075785
5.66859 0.0749368
5.69035 0.0755697
5.70564 0.0733735
5.72716 0.0715768
5.74939 0.0700047
5.76923 0.0711291
5.78883 0.072613
5.80771 0.0735364
5.82755 0.0740943
5.84716 0.0745825
5.86652 0.0750097
5.8866 0.0755085
5.89664 0.0746949
5.92269 0.0747331
5.9411 0.0747664
5.96309 0.0750456
5.98795 0.0770399
6.00612 0.0779099
6.02404 0.0785462
6.04747 0.0792279
6.06492 0.0789494
6.08906 0.0794557
6.10914 0.0823988
6.13042 0.0853489
6.15456 0.0880553
6.31233 0.0855484
6.33312 0.0833548
6.37161 0.0803105
6.39193 0.0775217
6.43017 0.0752065
6.45049 0.0731807
6.4885 0.0761581
6.50882 0.0763883
6.54682 0.0788398
6.56714 0.0788598
6.60515 0.0811273
6.61519 0.0796114
6.63575 0.07816
6.66371 0.07564
6.67375 0.073435
6.69431 0.0716306
6.72228 0.0700518
6.74379 0.0700453
6.76578 0.0701646
6.78491 0.0726441
6.80522 0.0739386
6.82769 0.0751962
6.84347 0.0755467
6.86403 0.0761034
6.88602 0.0767154
6.9018 0.076376
6.90466 0.074454
6.92283 0.0723973
6.94458 0.0705976
6.96036 0.0691479
6.97781 0.0696294
7.00243 0.0709257
7.02299 0.07181
7.04355 0.0732088
7.06386 0.0748077
7.08131 0.0753317
7.10259 0.0784152
7.1253 0.0814883
7.14179 0.0835523
7.16569 0.0858583
7.32513 0.083876
7.33709 0.0807665
7.38322 0.0779207
7.39732 0.0756806
7.44226 0.0735955
7.45589 0.0716461
7.50059 0.0755653
7.51421 0.0751196
7.55891 0.0786047
7.57278 0.0777791
7.61724 0.0809317
7.62656 0.0793153
7.64712 0.0787758
7.6758 0.0761789
7.6978 0.0755315
7.71787 0.0748401
7.73437 0.0728601
7.75636 0.0711275
7.77644 0.0696116
7.79771 0.0709102
7.81803 0.0725464
7.83907 0.0738531
7.85843 0.0748715
7.87636 0.0753875
7.89739 0.0758391
7.91771 0.0761092
7.9256 0.0749705
7.93946 0.0734742
7.95691 0.0716649
7.97651 0.0700818
7.99683 0.0701966
8.01596 0.070922
8.03795 0.0721818
8.05779 0.073284
8.07835 0.0743735
8.0989 0.0754518
8.11826 0.0788954
8.13882 0.0816584
8.15986 0.0842011
8.17874 0.086176
8.3346 0.084279
8.35778 0.0827441
8.39436 0.0799011
8.41706 0.0774135
8.45292 0.0749868
8.47563 0.0728634
8.51125 0.0755055
8.53395 0.0761923
8.56981 0.0784183
8.59228 0.078741
8.62814 0.0807734
8.63817 0.0793017
8.65084 0.076639
8.6867 0.0743091
8.69674 0.0722705
8.72088 0.0719867
8.74526 0.0703633
8.76989 0.0706929
8.79164 0.0707313
8.81339 0.0735149
8.83347 0.0753255
8.85259 0.0762848
8.87602 0.0773742
8.89347 0.0777024
8.91092 0.0776146
8.93434 0.0781628
8.94869 0.0773925
8.96398 0.0764684
8.96948 0.0742848
8.99291 0.0722492
9.00725 0.0705931
9.02255 0.069144
9.03857 0.069126
9.06127 0.0691102
9.08135 0.0697214
9.0988 0.0705063
9.12032 0.073943
9.13944 0.0773251
9.15593 0.0794095
9.17888 0.0816083
9.19872 0.0839072
9.21808 0.0856688
9.24342 0.0879602
9.26422 0.0905902
9.48629 0.0911414
9.5121 0.0888737
9.54509 0.0851395
9.57067 0.0817471
9.60341 0.0829037
9.62899 0.0829157
9.66198 0.0839263
9.68732 0.0839355
9.7203 0.0849436
9.72963 0.0828256
9.74588 0.0797224
9.77887 0.0770071
9.8011 0.0763812
9.82572 0.0768336
9.84747 0.0758544
9.87329 0.0753726
9.88452 0.073326
9.90867 0.0745352
9.93233 0.0758433
9.94285 0.0749879
9.9689 0.0761144
9.99185 0.0769751
10.0017 0.0759782
10.0275 0.077106
10.0421 0.0767177
10.0605 0.075753
10.0813 0.0762839
10.1037 0.0762484
10.1228 0.0767173
10.142 0.0772527
10.163 0.0778461
10.1816 0.0778653
10.2058 0.0785072
10.2237 0.0789438
10.244 0.0819508
10.2684 0.0848319
10.2902 0.087853
10.3122 0.0902463
10.4678 0.0875905
10.4797 0.0840167
10.5263 0.0808896
10.5526 0.0799034
10.5849 0.0771655
10.6112 0.0748948
10.6432 0.076908
10.6695 0.0779195
10.7016 0.0794295
10.7279 0.0800008
10.7599 0.0812507
10.7726 0.0799694
10.7864 0.0773482
10.8184 0.0750547
10.8426 0.0744229
10.8634 0.074745
10.877 0.0727769
10.9012 0.0710548
10.922 0.0694229
10.9427 0.0706201
10.9595 0.0720425
10.98 0.0729122
11.0001 0.0736732
11.018 0.073964
11.024 0.0728435
11.04 0.0712381
11.0587 0.0695833
11.0819 0.0710104
11.1044 0.0728841
11.115 0.0730236
11.1411 0.0742706
11.1631 0.0752368
11.182 0.0754572
11.2018 0.0769001
11.2214 0.0772876
11.2429 0.0775016
11.2628 0.0779389
11.286 0.0811965
11.3077 0.084297
11.3316 0.0875099
11.3541 0.0905711
11.5087 0.0878747
11.5358 0.0861404
11.5673 0.0827478
11.5943 0.0797794
11.6259 0.0770569
11.6529 0.0746748
11.6842 0.0765905
11.7112 0.0777667
11.7428 0.0792958
11.7695 0.0800088
11.8013 0.0812577
11.813 0.0799755
11.8281 0.0773536
11.8599 0.0749344
11.8819 0.0740676
11.902 0.0739341
11.9185 0.0720674
11.9404 0.0704339
11.9605 0.0690047
11.9777 0.0698791
11.9988 0.0711442
12.0217 0.0723762
12.0368 0.0728292
12.0573 0.0737255
12.0805 0.0747598
12.0951 0.0746649
12.1059 0.0739567
12.1161 0.0720872
12.1398 0.0704513
12.1537 0.0688948
12.1749 0.068908
12.195 0.0701695
12.2156 0.0708983
12.2333 0.072036
12.2576 0.0734065
12.2792 0.0747307
12.2997 0.0783894
12.3236 0.0820907
12.3459 0.0858294
12.3652 0.0886007
12.5266 0.0861506
12.5388 0.0826318
12.5851 0.0796778
12.6095 0.0785931
12.6437 0.0760189
12.6681 0.0738916
12.702 0.0762801
12.7264 0.0771201
12.7603 0.0789801
12.7847 0.0793576
12.8187 0.0809379
12.8268 0.0790706
12.8433 0.0765618
12.8772 0.0743666
12.8995 0.0741958
12.9188 0.0742963
12.9358 0.0722593
12.958 0.0706018
12.9774 0.0691516
12.9984 0.0705077
13.0164 0.0718192
13.036 0.0724668
13.0568 0.0732835
13.0747 0.073623
13.0943 0.0741701
13.1153 0.0748989
13.1273 0.0744115
13.1426 0.0736101
13.1681 0.0736588
13.1913 0.0739515
13.2126 0.0753325
13.2351 0.077541
13.2513 0.0782233
13.2728 0.0785704
13.2956 0.0791241
13.3135 0.0789836
13.3364 0.0817357
13.3587 0.0848937
13.3783 0.087532
13.4019 0.0898405
13.5568 0.0871104
13.5697 0.0834716
13.6156 0.0804127
13.6293 0.0778611
13.6742 0.0755034
13.6878 0.0733155
13.7325 0.0770261
13.7461 0.0763978
13.7908 0.0797231
13.8045 0.0787577
13.8492 0.081788
13.8606 0.0803145
13.8819 0.0799002
13.9077 0.0771627
13.9307 0.0762673
13.952 0.0754839
13.9663 0.0734234
13.9892 0.0716205
14.0108 0.0700429
14.0308 0.0711626
14.0476 0.0723922
14.0691 0.0733432
14.0899 0.0740503
14.1059 0.074169
14.1277 0.0748979
14.1482 0.0754107
14.1594 0.0747343
14.1776 0.0743925
14.1986 0.0739685
14.2209 0.0737224
14.2419 0.0747571
14.2625 0.0760375
14.2799 0.0766578
14.3043 0.0775756
14.3265 0.0785036
14.3425 0.0786907
14.3674 0.0819793
14.3906 0.0856069
14.4092 0.088031
14.4353 0.0906522
14.5959 0.0884456
14.6172 0.0861399
14.6547 0.0827474
14.6758 0.079654
14.7133 0.0770723
14.7343 0.0748132
14.7716 0.0774616
14.7931 0.0777789
14.8299 0.0799315
14.8515 0.0799401
14.8883 0.0818226
14.9002 0.0804697
14.9227 0.079286
14.9468 0.0766253
14.9676 0.0754221
14.9817 0.0733693
15.0054 0.0715732
15.0267 0.0700015
15.0403 0.0686263
15.0637 0.070298
15.085 0.0715108
15.0986 0.0715719
15.1223 0.0728754
15.1436 0.073766
15.1579 0.0735453
15.1806 0.0746021
15.1923 0.0740268
15.2021 0.0721485
15.2165 0.0705049
15.2392 0.0690668
15.2597 0.0688085
15.2839 0.0703324
15.2989 0.0717908
15.3183 0.072692
15.3436 0.0741055
15.3644 0.0749673
15.3831 0.0780964
15.4051 0.0817093
15.4278 0.0851207
15.4481 0.0876056
15.6095 0.0855299
15.6221 0.0822137
15.668 0.0793119
15.69 0.077898
15.7266 0.0754107
15.7486 0.0732344
15.7849 0.0758301
15.8069 0.0763513
15.8432 0.0786824
15.8652 0.0789721
15.9016 0.0809756
15.914 0.0796036
15.936 0.0784032
15.9601 0.0759778
15.9831 0.0752306
15.9948 0.0732017
16.0187 0.0713015
16.0416 0.0696388
16.0533 0.068309
16.077 0.0701454
16.1 0.0715022
16.1119 0.0713144
16.1387 0.0730251
16.1583 0.074022
16.1705 0.0736442
16.1975 0.0751887
16.2097 0.0746651
16.2293 0.074207
16.2479 0.0745561
16.2725 0.0746116
16.2912 0.0755351
16.3146 0.0767182
16.334 0.0778785
16.3579 0.0787687
16.3808 0.0800476
16.3983 0.0805416
16.4188 0.0834739
16.4423 0.0866647
16.4626 0.0889566
16.4851 0.090962
16.6411 0.0883418
16.6521 0.084674
16.6999 0.0813398
16.7107 0.0784223
16.7585 0.0759945
16.7693 0.0738702
16.8168 0.0778864
16.829 0.0770256
16.8752 0.0806474
16.8876 0.0794415
16.9335 0.0825113
16.9435 0.0806974
16.9653 0.0803602
16.9921 0.0776902
17.0119 0.0764789
17.0327 0.0752941
17.0506 0.0731323
17.0707 0.0713658
17.0915 0.06982
17.1089 0.0705925
17.129 0.0716435
17.1498 0.072563
17.1675 0.0729927
17.1878 0.0737436
17.2081 0.0744006
17.2258 0.0746005
17.2356 0.0737755
17.2555 0.0730535
17.2799 0.0727968
17.2999 0.0729472
17.3205 0.0744538
17.3432 0.0761471
17.3626 0.0770037
17.3834 0.0778783
17.4056 0.0787685
17.4259 0.0791724
17.4505 0.0826509
17.4713 0.0859445
17.4952 0.0892014
17.5172 0.0920513
17.6752 0.0894198
17.6951 0.0868674
17.7338 0.0832589
17.7536 0.0801016
17.7924 0.0774639
17.8122 0.0751559
17.8507 0.0778864
17.8705 0.0779006
17.909 0.080288
17.9288 0.080002
17.9673 0.0821268
17.9802 0.0807359
17.9994 0.0795189
18.0259 0.0768291
18.039 0.0746004
18.0579 0.0725254
18.0845 0.0708347
18.1079 0.0704804
18.127 0.0704203
18.144 0.0723678
18.1665 0.0735718
18.1858 0.0741253
18.2023 0.0742347
18.2248 0.0750803
18.2444 0.0754453
18.2606 0.0753896
18.2697 0.0743409
18.2833 0.0724233
18.3032 0.0707454
18.3192 0.0692772
18.3376 0.0691176
18.3606 0.0701029
18.3806 0.070965
18.4 0.0720944
18.4222 0.0737076
18.4435 0.0748691
18.4653 0.0786355
18.4877 0.0821811
18.5054 0.0851584
18.5257 0.0873886
18.683 0.08534
18.695 0.0819225
18.7418 0.0789322
18.7643 0.0778157
18.8004 0.0754637
18.8229 0.0732808
18.8587 0.0758707
18.8812 0.0765118
18.9175 0.0788229
18.9395 0.079095
18.9761 0.0810831
18.9876 0.0796977
19.0105 0.0786105
19.0349 0.0760342
19.0562 0.0751549
19.0693 0.0731356
19.0934 0.0713686
19.1147 0.0696975
19.1279 0.0682353
19.1518 0.0699559
19.173 0.0712114
19.1862 0.07131
19.2108 0.0727713
19.2314 0.0736748
19.245 0.0733405
19.2694 0.0745479
19.2825 0.0742294
19.3007 0.0735758
19.3222 0.0741288
19.3442 0.0742377
19.3621 0.074958
19.3846 0.0760882
19.4063 0.0770772
19.4236 0.0773175
19.4477 0.0782779
19.4697 0.0791181
19.4914 0.0826034
19.5154 0.0859029
19.5357 0.0891651
19.5526 0.0911444
19.709 0.0882514
19.7283 0.08547
19.7678 0.0821612
19.7871 0.0792661
19.8263 0.0767328
19.8457 0.0743912
19.8847 0.0772173
19.904 0.0773151
19.943 0.0797757
19.9624 0.0795538
20.0013 0.0817346
20.0128 0.0802677
20.036 0.0793593
20.0599 0.0766894
20.0721 0.0746032
20.0953 0.0727778
20.1184 0.0710556
20.1311 0.0695486
20.1543 0.06823
20.1768 0.0698263
20.1894 0.069973
20.2126 0.0713514
20.2361 0.0726825
20.2482 0.0725971
20.271 0.0736475
20.2946 0.0746916
20.3068 0.0741051
20.3283 0.074842
20.3458 0.0748617
20.3673 0.074629
20.3874 0.0754254
20.4079 0.0758722
20.4282 0.0767632
20.4493 0.0774178
20.4737 0.0784906
20.493 0.0794292
20.515 0.0830006
20.5392 0.0865005
20.5611 0.0896879
20.5834 0.092227
20.7414 0.0898236
20.7512 0.0859706
20.8007 0.0825993
20.8097 0.0795244
20.8592 0.0769588
20.8683 0.074714
20.9176 0.0788747
20.9283 0.0776404
20.9759 0.0813103
20.9878 0.0798966
21.0342 0.0831595
21.0442 0.0813895
21.0686 0.0813409
21.0928 0.0784232
21.114 0.0773703
21.1277 0.075074
21.1513 0.0730648
21.1738 0.0713067
21.1862 0.0697684
21.2097 0.0712973
21.2321 0.0725101
21.2446 0.0723214
21.2687 0.0735312
21.2907 0.0744648
21.3029 0.0739067
21.3273 0.0750434
21.338 0.0744129
21.3593 0.0737363
21.3799 0.0741443
21.4042 0.0745012
21.4217 0.0755636
21.4437 0.0766181
21.4671 0.0780409
21.4865 0.0785358
21.5089 0.0795938
21.5312 0.0806446
21.5496 0.083814
21.5735 0.0865872
21.5959 0.0893888
21.6177 0.0918402
21.7692 0.0888602
21.7891 0.0861277
21.8281 0.0827367
21.8479 0.0796446
21.8866 0.076939
21.9065 0.0746967
21.9449 0.0774846
21.9648 0.077549
