1 10080
1.41561 1440
1.44917 2880
1.46231 4320
1.48861 5760
1.48861 6120
1.52865 6458
1.61889 6779
1.65444 7084
1.6888 7376
1.72347 7657
1.75753 2880
1.84388 3600
1.86539 4176
1.88691 4672
1.90992 5115
1.93173 5520
1.964 2880
2.97476 1440
3.01308 2880
3.01308 3600
3.02713 4176
3.09734 4672
3.12543 5115
3.15352 5520
3.1816 5895
3.20969 6246
3.23778 6577
3.26646 6892
3.29455 7192
3.33668 2880
3.37881 3600
3.4069 4176
3.43499 4672
3.46307 5115
3.49116 5520
3.51925 5895
3.54733 6246
3.57542 6577
3.60351 6892
3.6316 7192
3.67373 2880
3.71556 3600
3.74424 4176
3.77233 4672
3.80042 5115
3.8285 5520
3.85659 5895
3.88468 6246
3.91277 6577
3.94085 6892
3.96894 7192
4.01107 2880
4.0532 3600
4.08129 4176
4.10938 4672
4.13746 5115
4.16555 5520
4.19394 5895
4.22232 6246
4.25041 6577
4.2785 6892
4.30658 7192
4.34871 2880
4.39084 3600
4.41893 4176
4.44702 4672
4.47511 5115
4.50319 5520
4.53128 5895
4.55937 6246
4.58745 6577
4.61554 6892
4.64363 7192
4.68725 2880
4.72998 3600
4.75807 4176
4.78616 4672
4.81424 5115
4.84323 5520
4.87131 5895
4.8994 6246
4.92749 6577
4.95587 6892
4.98396 7192
5.02609 2880
5.06882 3600
5.0984 4176
5.12768 4672
5.15667 5115
5.1728 5520
5.20268 5895
5.23137 6246
5.25945 6577
5.28754 6892
5.31622 7192
5.35925 2880
5.40198 3600
5.43066 4176
5.45875 4672
5.48684 5115
5.51493 5520
5.54301 5895
5.5711 6246
5.59919 6577
5.62787 6892
5.65596 7192
5.69809 2880
5.74022 3600
5.76831 4176
5.79639 4672
5.82448 5115
5.85257 5520
5.88066 5895
5.90874 6246
5.93683 6577
5.96492 6892
5.993 7192
6.03513 2880
6.07697 3600
6.10565 4176
6.13374 4672
6.16183 5115
6.18991 5520
6.218 5895
6.24609 6246
6.27417 6577
6.30226 6892
6.33035 7192
6.37248 2880
6.41461 3600
6.4427 4176
6.47078 4672
6.49887 5115
6.52696 5520
6.55534 5895
6.58373 6246
6.61182 6577
6.6399 6892
6.66799 7192
6.71012 2880
6.75225 3600
6.78034 4176
6.80843 4672
6.83651 5115
6.8646 5520
6.89269 5895
6.92078 6246
6.94886 6577
6.97695 6892
7.00504 7192
7.04747 2880
7.0896 3600
7.11768 4176
7.14577 4672
7.17386 5115
7.20194 5520
7.23003 5895
7.25812 6246
7.28621 6577
7.31549 6892
7.34387 7192
7.3863 2880
7.42843 3600
7.45652 4176
7.48521 4672
7.51419 5115
7.54228 5520
7.57036 5895
7.59875 6246
7.62684 6577
7.65492 6892
7.68331 7192
7.72723 2880
7.77056 3600
7.79895 4176
7.81508 4672
7.84496 5115
7.87365 5520
7.90173 5895
7.92982 6246
7.9585 6577
7.98779 6892
8.01617 7192
8.0589 2880
8.08759 3600
8.11567 4176
8.14376 4672
8.17185 5115
8.19993 5520
8.22802 5895
8.25611 6246
8.28419 6577
8.31228 6892
8.34037 7192
8.3825 2880
8.42463 3600
8.45272 4176
8.4811 4672
8.50919 5115
8.53728 5520
8.56536 5895
8.59345 6246
8.62154 6577
8.64963 6892
8.67771 7192
8.71984 2880
8.76197 3600
8.79006 4176
8.81815 4672
8.84624 5115
8.87432 5520
8.90241 5895
8.93109 6246
8.95918 6577
8.98727 6892
9.01536 7192
9.05749 2880
9.09962 3600
9.1277 4176
9.15579 4672
9.18388 5115
9.21197 5520
9.24005 5895
9.26814 6246
9.29623 6577
9.32431 6892
9.3524 7192
9.39453 2880
9.43726 3600
9.46535 4176
9.49343 4672
9.52152 5115
9.54961 5520
9.5777 5895
9.60578 6246
9.63387 6577
9.66196 6892
9.69004 7192
9.73217 2880
9.77431 3600
9.80239 4176
9.83048 4672
9.85857 5115
9.88695 5520
9.91504 5895
9.94432 6246
9.97271 6577
10.0011 6892
10.0292 7192
10.0713 2880
10.1134 3600
10.1424 4176
10.1705 4672
10.1986 5115
10.227 5520
10.2551 5895
10.2832 6246
10.3115 6577
10.3405 6892
10.3701 7192
10.4134 2880
10.4427 3600
10.4565 4176
10.486 4672
10.5147 5115
10.5428 5520
10.5712 5895
10.5996 6246
10.6286 6577
10.6567 6892
10.6853 7192
10.7281 2880
10.7702 3600
10.798 4176
10.8267 4672
10.8548 5115
10.8828 5520
10.9109 5895
10.939 6246
10.9671 6577
10.9952 6892
11.0218 7192
11.0536 2880
11.0787 3600
11.0963 4176
11.1097 4672
11.1232 5115
11.1402 5520
11.1569 5895
11.1737 6246
11.1904 6577
11.2071 6892
11.2275 7192
11.2484 7480
11.2687 7757
11.2896 8024
11.3111 8282
11.3317 8532
11.3538 8775
11.3739 9011
11.4061 3600
11.4459 4176
11.4596 4672
11.4731 5115
11.4937 5520
11.514 5895
11.5343 6246
11.5546 6577
11.575 6892
11.5974 7192
11.6186 7480
11.6389 7757
11.661 8024
11.6834 8282
11.7046 8532
11.7276 8775
11.7605 3600
11.8134 4176
11.8358 4672
11.8493 5115
11.8699 5520
11.8902 5895
11.9105 6246
11.9308 6577
11.9505 6892
11.9724 7192
11.9942 7480
12.0145 7757
12.0342 8024
12.0563 8282
12.0769 8532
12.0999 8775
12.1221 9011
12.1549 3600
12.1971 4176
12.2105 4672
12.2239 5115
12.2446 5520
12.2649 5895
12.2852 6246
12.3055 6577
12.3258 6892
12.3483 7192
12.3701 7480
12.3907 7757
12.411 8024
12.4328 8282
12.454 8532
12.4788 8775
12.5006 9011
12.5338 3600
12.5741 4176
12.5879 4672
12.6013 5115
12.6219 5520
12.6423 5895
12.6626 6246
12.6829 6577
12.7032 6892
12.7229 7192
12.746 7480
12.7666 7757
12.7863 8024
12.8078 8282
12.8287 8532
12.8535 8775
12.8747 9011
12.9061 3600
12.9488 4176
12.9626 4672
12.976 5115
12.9966 5520
13.017 5895
13.0373 6246
13.0576 6577
13.0779 6892
13.0979 7192
13.1206 7480
13.1407 7757
13.1613 8024
13.1828 8282
13.2034 8532
13.2291 8775
13.2494 9011
13.2814 3600
13.322 4176
13.3358 4672
13.3492 5115
13.3698 5520
13.3902 5895
13.4105 6246
13.4308 6577
13.4511 6892
13.4711 7192
13.4935 7480
13.5139 7757
13.5342 8024
13.5554 8282
13.5769 8532
13.6008 8775
13.6223 9011
13.654 3600
13.6955 4176
13.709 4672
13.7224 5115
13.743 5520
13.7634 5895
13.7837 6246
13.804 6577
13.8243 6892
13.8455 7192
13.8679 7480
13.8883 7757
13.9089 8024
13.9307 8282
13.9522 8532
13.9752 8775
13.997 9011
14.0284 3600
14.0699 4176
14.0834 4672
14.0968 5115
14.1174 5520
14.1378 5895
14.1581 6246
14.1784 6577
14.1987 6892
14.2208 7192
14.242 7480
14.2624 7757
14.283 8024
14.3051 8282
14.3266 8532
14.3505 8775
14.372 9011
14.4043 3600
14.4458 4176
14.4593 4672
14.4727 5115
14.493 5520
14.5133 5895
14.5337 6246
14.554 6577
14.5743 6892
14.5928 7192
14.6167 7480
14.6371 7757
14.6571 8024
14.6786 8282
14.6998 8532
14.7216 8775
14.7446 9011
14.7766 3600
14.8172 4176
14.8307 4672
14.8441 5115
14.8647 5520
14.8851 5895
14.9054 6246
14.9257 6577
14.946 6892
14.9654 7192
14.9893 7480
15.0097 7757
15.03 8024
15.0521 8282
15.0736 8532
15.0969 8775
15.1187 9011
15.1516 3600
15.1925 4176
15.2066 4672
15.22 5115
15.2406 5520
15.2609 5895
15.2813 6246
15.3016 6577
15.3219 6892
15.3437 7192
15.3646 7480
15.3849 7757
15.4053 8024
15.4274 8282
15.4489 8532
15.4716 8775
15.4937 9011
15.5263 3600
15.5684 4176
15.583 4672
15.5965 5115
15.6171 5520
15.6374 5895
15.6577 6246
15.6781 6577
15.6984 6892
15.7205 7192
15.7408 7480
15.7611 7757
15.7812 8024
15.8033 8282
15.8242 8532
15.8463 8775
15.8696 9011
15.9025 3600
15.944 4176
15.9574 4672
15.9709 5115
15.9915 5520
16.0118 5895
16.0321 6246
16.0525 6577
16.0728 6892
16.0913 7192
16.1152 7480
16.1355 7757
16.1555 8024
16.1771 8282
16.1986 8532
16.2207 8775
16.2428 9011
16.2724 3600
16.3157 4176
16.33 4672
16.3435 5115
16.3641 5520
16.3844 5895
16.4047 6246
16.4251 6577
16.4454 6892
16.466 7192
16.4896 7480
16.5099 7757
16.5302 8024
16.5524 8282
16.5739 8532
16.5975 8775
16.6193 9011
16.6513 3600
16.6928 4176
16.7062 4672
16.7197 5115
16.7403 5520
16.7606 5895
16.7809 6246
16.8013 6577
16.8216 6892
16.8413 7192
16.8646 7480
16.8849 7757
16.9052 8024
16.9273 8282
16.9486 8532
16.9725 8775
16.9937 9011
17.0259 3600
17.0675 4176
17.0818 4672
17.0953 5115
17.1159 5520
17.1362 5895
17.1565 6246
17.1768 6577
17.1972 6892
17.2157 7192
17.2396 7480
17.2599 7757
17.2799 8024
17.302 8282
17.3233 8532
17.3481 8775
17.3687 9011
17.4006 3600
17.4428 4176
17.4565 4672
17.47 5115
17.4906 5520
17.5109 5895
17.5315 6246
17.5521 6577
17.5725 6892
17.591 7192
17.6149 7480
17.6352 7757
17.6555 8024
17.677 8282
17.6988 8532
17.7236 8775
17.744 9011
17.7777 3600
17.8196 4176
17.833 4672
17.8465 5115
17.8671 5520
17.8874 5895
17.9077 6246
17.928 6577
17.9483 6892
17.9672 7192
17.9911 7480
18.0114 7757
18.0317 8024
18.0532 8282
18.0747 8532
18.0992 8775
18.1199 9011
18.153 3600
18.1951 4176
18.2089 4672
18.2223 5115
18.243 5520
18.2633 5895
18.2836 6246
18.3039 6577
18.3242 6892
18.3428 7192
18.3667 7480
18.387 7757
18.4073 8024
18.4276 8282
18.45 8532
18.4745 8775
18.4954 9011
18.5286 3600
18.5701 4176
18.5836 4672
18.597 5115
18.6177 5520
18.638 5895
18.6583 6246
18.6786 6577
18.6989 6892
18.7183 7192
18.7422 7480
18.7626 7757
18.7829 8024
18.8032 8282
18.8256 8532
18.8507 8775
18.871 9011
18.903 3600
18.9436 4176
18.958 4672
18.9714 5115
18.992 5520
19.0124 5895
19.0327 6246
19.053 6577
19.0733 6892
19.0927 7192
19.1166 7480
19.137 7757
19.1573 8024
19.1782 8282
19.2 8532
19.2251 8775
19.2454 9011
19.2777 3600
19.3192 4176
19.3327 4672
19.3461 5115
19.367 5520
19.3874 5895
19.4077 6246
19.428 6577
19.4483 6892
19.4674 7192
19.4913 7480
19.5117 7757
19.532 8024
19.5511 8282
19.5741 8532
19.5992 8775
19.6195 9011
19.6512 3600
19.6924 4176
19.7068 4672
19.7202 5115
19.7411 5520
19.7615 5895
19.7818 6246
19.8021 6577
19.8224 6892
19.8424 7192
19.8663 7480
19.8867 7757
19.907 8024
19.9267 8282
19.9488 8532
19.9739 8775
19.9942 9011
20.0265 3600
20.0683 4176
20.0824 4672
20.0958 5115
20.1164 5520
20.1367 5895
20.1571 6246
20.1774 6577
20.1977 6892
20.2177 7192
20.2416 7480
20.2619 7757
20.2823 8024
20.3038 8282
20.3241 8532
20.3489 8775
20.3692 9011
20.4015 3600
20.4433 4176
20.4574 4672
20.4708 5115
20.4914 5520
20.5126 5895
20.533 6246
20.5533 6577
20.5736 6892
20.5936 7192
20.6175 7480
20.6378 7757
20.6581 8024
20.6797 8282
20.7021 8532
20.7251 8775
20.7454 9011
20.7777 3600
20.8195 4176
20.8332 4672
20.8467 5115
20.8673 5520
20.8879 5895
20.9082 6246
20.9286 6577
20.9489 6892
20.9689 7192
20.9928 7480
21.0131 7757
21.0334 8024
21.055 8282
21.0783 8532
21.1016 8775
21.1219 9011
21.1542 3600
21.196 4176
21.2094 4672
21.2229 5115
21.2432 5520
21.2641 5895
21.2844 6246
21.3048 6577
21.3251 6892
21.3448 7192
21.3687 7480
21.389 7757
21.4093 8024
21.4308 8282
21.4527 8532
21.4742 8775
21.4951 9011
21.5274 3600
21.5692 4176
21.5829 4672
21.5964 5115
21.617 5520
21.6373 5895
21.6579 6246
21.6782 6577
21.6986 6892
21.7186 7192
21.7425 7480
21.7628 7757
21.7831 8024
21.8046 8282
21.8285 8532
21.8516 8775
21.8719 9011
21.9041 3600
21.946 4176
21.9594 4672
21.9729 5115
21.9935 5520
