1 14400
1.07988 1440
1.08034 2880
1.28079 4320
2.28179 1440
2.28224 2880
2.28224 3600
2.28266 4176
2.28307 4672
2.28351 5115
2.28396 5520
2.28441 5895
2.28484 2880
2.28529 3600
2.28573 4176
2.28618 4672
2.28662 5115
2.28706 5520
2.28752 5895
2.28797 2880
2.28842 3600
2.28886 4176
2.28931 4672
2.28971 5115
2.2901 5520
2.29054 5895
2.29099 6246
2.29144 6577
2.29269 2880
2.29359 3600
2.29404 4176
2.29446 4672
2.29491 5115
2.29625 2880
2.29711 3600
2.29756 4176
2.29801 4672
2.29846 5115
2.29889 5520
2.29934 5895
2.29979 6246
2.30024 6577
2.30156 2880
2.30246 3600
2.30288 4176
2.30331 4672
2.30373 5115
2.30417 5520
2.30462 5895
2.30507 6246
2.30551 6577
2.30597 2880
2.30638 3600
2.30682 4176
2.30726 4672
2.30771 5115
2.30815 5520
2.30858 5895
2.30903 6246
2.30903 6577
2.30948 6892
2.30949 7192
2.30993 7480
2.30994 7757
2.31037 8024
2.31038 8282
2.31081 8532
2.31081 8775
2.31125 9011
2.31126 9241
2.31127 9465
2.31171 9684
2.31172 9898
2.31172 10107
2.31216 10312
2.31217 10513
2.31218 10710
2.31262 4320
2.31305 4800
2.31349 5232
2.31394 5628
2.31439 5996
2.31484 2880
2.31527 3600
2.31569 4176
2.31615 4672
2.31658 5115
2.31703 5520
2.31748 5895
2.31793 6246
2.31838 6577
2.3197 2880
2.3206 3600
2.32104 4176
2.32149 4672
2.32192 5115
2.32237 5520
2.32282 5895
2.32327 6246
2.32368 6577
2.32414 2880
2.32459 3600
2.32504 4176
2.32548 4672
2.32591 5115
2.32635 5520
2.32681 5895
2.3277 2880
2.32853 3600
2.32897 4176
2.32942 4672
2.32987 5115
2.3303 5520
2.33073 5895
2.33119 6246
2.33209 2880
2.33295 3600
2.33335 4176
2.33377 4672
2.33422 5115
2.33507 2880
2.33548 3600
2.33594 4176
2.33639 4672
2.33682 5115
2.33723 5520
2.33765 5895
2.33809 6246
2.3381 6577
2.33854 6892
2.33855 7192
2.33899 7480
2.339 7757
2.33944 8024
2.33945 8282
2.33989 8532
2.3399 8775
2.34032 9011
2.34033 9241
2.34034 9465
2.34069 9684
2.3407 9898
2.34071 10107
2.34109 10312
2.3411 10513
2.34111 10710
2.34154 10903
2.34155 11093
2.34156 11279
2.34198 11462
2.34199 11642
2.342 11820
2.3424 11995
2.34241 12167
2.34242 12337
2.34242 12505
2.34286 12670
2.34287 5040
2.34331 5451
2.34374 5831
2.34417 6186
2.34418 6521
2.34462 6838
2.34462 7141
2.34506 7431
2.34507 7710
2.34551 7978
2.34552 8237
2.34595 8488
2.34596 8732
2.34638 8969
2.34639 9200
2.3464 9425
2.34683 9645
2.34683 9859
2.34684 10069
2.34728 10274
2.34729 10475
2.3473 10672
2.34773 10866
2.34774 11056
2.34775 11243
2.34818 11427
2.34819 11608
2.3482 11786
2.3486 11961
2.34861 12134
2.34862 12304
2.34862 12472
2.34901 12638
2.34901 12802
2.34902 12963
2.34903 13122
2.34945 13280
2.34946 13436
2.34948 13590
2.3499 5760
2.35033 6120
2.35034 6458
2.35077 6779
2.35078 7084
2.3512 7376
2.35122 7657
2.35165 7927
2.35167 8188
2.3521 8441
2.35212 8686
2.35255 8924
2.35257 9156
2.35295 9382
2.35297 3600
2.3534 4176
2.35384 4672
2.35428 5115
2.35473 5520
2.35513 5895
2.35549 6246
2.3555 6577
2.35591 6892
2.35592 7192
2.35636 7480
2.35637 7757
2.35681 8024
2.35682 8282
2.35725 8532
2.35726 8775
2.3577 9011
2.35771 9241
2.35771 9465
2.35814 9684
2.35815 9898
2.35816 10107
2.35859 10312
2.3586 10513
2.3586 10710
2.35904 10903
2.35905 11093
2.35905 11279
2.35949 11462
2.3595 4320
2.35993 4800
2.36034 5232
2.36079 5628
2.36124 5996
2.36169 6341
2.36254 2880
2.36342 3600
2.36388 4176
2.36433 4672
2.36478 5115
2.36565 2880
2.3661 3600
2.36655 4176
2.36699 4672
2.36743 5115
2.36787 5520
2.36833 5895
2.36922 2880
2.37001 3600
2.37039 4176
2.37081 4672
2.37126 5115
2.37169 5520
2.37213 5895
2.37258 6246
2.37302 6577
2.37348 2880
2.3739 3600
2.37432 4176
2.37475 4672
2.3752 5115
2.37564 5520
2.3761 5895
2.37741 2880
2.37871 3600
2.37916 4176
2.37961 4672
2.38003 5115
2.38046 5520
2.38087 5895
2.38132 6246
2.38177 6577
2.38221 2880
2.38264 3600
2.38305 4176
2.3835 4672
2.38395 5115
2.38438 5520
2.3848 5895
2.38523 6246
2.38524 6577
2.38568 6892
2.38569 7192
2.38612 7480
2.38613 7757
2.38656 8024
2.38657 8282
2.38696 8532
2.38697 8775
2.38738 9011
2.38739 9241
2.3874 9465
2.38784 9684
2.38785 9898
2.38785 10107
2.38829 10312
2.3883 10513
2.38831 10710
2.38875 4320
2.38918 4800
2.38963 5232
2.39001 5628
2.3904 5996
2.39081 6341
2.39082 6668
2.39126 6978
2.39127 7275
2.39168 7560
2.39169 7834
2.39209 8098
2.3921 8354
2.39254 8602
2.39255 8843
2.39299 9077
2.393 9305
2.39344 9527
2.39346 3600
2.39391 4176
2.39434 4672
2.39475 5115
2.39519 5520
2.39564 5895
2.39608 6246
2.39609 6577
2.39653 6892
2.39654 7192
2.39697 7480
2.39698 7757
2.39741 8024
2.39742 8282
2.39785 8532
2.39786 8775
2.39831 9011
2.39872 3600
2.39958 4176
2.40001 4672
2.60047 5115
2.60181 2880
2.60263 3600
2.60308 4176
2.80354 4672
2.80443 2880
2.80486 3600
2.80524 4176
2.80562 4672
2.80605 5115
2.8065 5520
2.80695 5895
2.80738 6246
2.80739 6577
2.80778 6892
2.80778 7192
2.80819 7480
2.8082 7757
2.80864 8024
2.80865 8282
2.80909 8532
2.8091 8775
2.80953 9011
2.80954 9241
2.80955 9465
2.80997 9684
2.80998 9898
2.80998 10107
2.8104 10312
2.81041 10513
2.81041 10710
2.81084 10903
2.81085 11093
2.81086 11279
2.8113 11462
2.81131 4320
2.81176 4800
2.81217 5232
2.81256 5628
2.81294 5996
2.81339 6341
2.81385 6668
2.81519 2880
2.81607 3600
3.01652 4176
3.01786 2880
3.01832 3600
3.01963 2880
3.02002 3600
3.02045 4176
3.0209 4672
3.02135 5115
3.02177 5520
3.02221 5895
3.02266 6246
3.02309 6577
3.02353 2880
3.02396 3600
3.02439 4176
3.02484 4672
3.02526 5115
3.02567 5520
3.02607 5895
3.02647 6246
3.02647 6577
3.02692 6892
3.02693 7192
3.02737 7480
3.02738 7757
3.02782 8024
3.02825 2880
3.02866 3600
3.0291 4176
3.02955 4672
3.03001 5115
3.03076 2880
3.0311 3600
3.03147 4176
3.03186 4672
3.03232 5115
3.03318 2880
3.03356 3600
3.03397 4176
3.23442 4672
3.23574 2880
3.23664 3600
3.23709 4176
3.23753 4672
3.23793 5115
3.23834 5520
3.23877 5895
3.23923 6246
3.24009 2880
3.24093 3600
3.24139 4176
3.24184 4672
3.24225 5115
3.24264 5520
3.24305 5895
3.2435 6246
3.24395 6577
3.2444 2880
3.24484 3600
3.24527 4176
3.24572 4672
3.24617 5115
3.2466 5520
3.24704 5895
3.24748 6246
3.24749 6577
3.24794 6892
3.24795 7192
3.24838 7480
3.24839 7757
3.24884 8024
3.24929 2880
3.24974 3600
3.25018 4176
3.25063 4672
3.25108 5115
3.25152 5520
3.25195 5895
3.25238 6246
3.25239 6577
3.25278 6892
3.25279 7192
3.2532 7480
3.25321 7757
3.25363 8024
3.25363 8282
3.25408 8532
3.25409 8775
3.25453 9011
3.25499 3600
3.25628 4176
3.2576 2880
3.25805 3600
3.2594 2880
3.25981 3600
3.26024 4176
3.46069 4672
3.462 2880
3.46284 3600
3.4633 4176
3.46374 4672
3.46417 5115
3.46459 5520
3.465 5895
3.46545 6246
3.4659 6577
3.46716 2880
3.46802 3600
3.46848 4176
3.46892 4672
3.46934 5115
3.46979 5520
3.47023 5895
3.47066 6246
3.47067 6577
3.4711 6892
3.47111 7192
3.47152 7480
3.47153 7757
3.47197 8024
3.47198 8282
3.47242 8532
3.47243 8775
3.47287 9011
3.4733 3600
3.4741 4176
3.47454 4672
3.67499 5115
3.67632 2880
3.67705 3600
3.67747 4176
3.67792 4672
3.67834 5115
3.67876 5520
3.67914 5895
3.67954 6246
3.67955 6577
3.67999 6892
3.68 7192
3.68044 7480
3.68045 7757
3.68088 8024
3.68089 8282
3.68131 8532
3.68131 8775
3.68176 9011
3.68221 3600
3.68308 4176
3.68348 4672
3.68391 5115
3.68436 5520
3.68482 5895
3.68527 2880
3.68568 3600
3.68608 4176
3.68647 4672
3.68692 5115
3.68737 5520
3.68782 5895
3.68872 2880
3.6895 3600
3.68992 4176
3.69037 4672
3.69082 5115
3.69126 5520
3.69171 5895
3.69216 6246
3.69305 2880
3.69395 3600
3.6944 4176
3.69484 4672
3.69528 5115
3.69572 5520
3.69618 5895
3.69663 2880
3.69708 3600
3.69752 4176
3.69796 4672
3.6984 5115
3.69884 5520
3.69929 5895
3.69972 6246
3.69973 6577
3.70014 6892
3.70015 7192
3.70059 7480
3.70059 7757
3.70103 8024
3.70104 8282
3.70148 8532
3.70149 8775
3.70193 9011
3.70236 3600
3.70322 4176
3.70367 4672
3.90413 5115
3.90546 2880
3.90636 3600
3.90763 2880
3.90804 3600
3.9085 4176
3.90894 4672
3.90938 5115
3.90983 5520
3.91027 5895
3.91071 6246
3.91071 6577
3.91115 6892
3.91116 7192
3.91161 7480
3.91162 7757
3.91205 8024
3.91206 8282
3.91248 8532
3.91249 8775
3.91284 9011
3.91285 9241
3.91286 9465
3.9132 9684
3.91321 9898
3.91322 10107
3.91364 10312
3.91365 10513
3.91365 10710
3.91409 10903
3.9141 11093
3.9141 11279
3.91453 11462
3.91454 11642
3.91455 11820
3.91496 11995
3.91497 12167
3.91498 12337
3.91498 12505
3.91541 12670
3.91542 12833
3.91543 12994
3.91544 13153
3.91584 13310
3.91584 13465
3.91585 13618
3.91586 13770
3.91628 13920
3.9163 14068
3.91631 5760
3.91719 6120
3.91761 6458
3.91762 6779
3.91806 7084
3.91807 7376
3.91851 7657
3.91852 7927
3.91895 2880
3.91937 3600
3.91981 4176
3.92026 4672
3.92067 5115
3.92111 5520
3.92155 5895
3.92198 6246
3.92199 6577
3.92244 6892
3.92245 7192
3.92288 7480
3.92289 7757
3.92334 8024
3.92375 2880
3.92417 3600
3.92462 4176
4.12508 4672
4.12644 2880
4.12728 3600
4.12773 4176
4.12818 4672
4.12863 5115
4.12953 2880
4.12997 3600
4.13042 4176
4.33087 4672
4.33221 2880
4.33299 3600
4.33341 4176
4.33386 4672
4.33431 5115
4.33473 5520
4.33517 5895
4.33562 6246
4.33607 6577
4.33737 2880
4.33824 3600
4.33868 4176
4.33912 4672
4.33958 5115
4.34002 5520
4.34042 5895
4.34086 6246
4.34087 6577
4.34131 6892
4.34132 7192
4.34175 7480
4.34176 7757
4.34219 8024
4.3422 8282
4.34264 8532
4.34265 8775
4.34308 9011
4.34309 9241
4.3431 9465
4.34353 9684
4.34354 9898
4.34355 10107
4.34398 10312
4.34399 10513
4.34399 10710
4.34441 10903
4.34442 11093
4.34442 11279
4.34486 11462
4.34487 11642
4.34487 11820
4.34531 11995
4.34532 5040
4.34619 5451
4.34664 5831
4.34709 6186
4.34797 2880
4.34883 3600
4.34928 4176
4.34973 4672
4.35018 5115
4.35059 5520
4.35103 5895
4.35146 6246
4.35146 6577
4.35191 6892
4.35192 7192
4.35234 7480
4.35234 7757
4.35276 8024
4.35277 8282
4.35315 8532
4.35316 8775
4.35356 9011
4.35357 9241
4.35357 9465
4.35401 9684
4.35402 9898
4.35403 10107
4.35446 10312
4.35446 10513
4.35448 10710
4.35491 10903
4.35491 11093
4.35493 11279
4.35534 11462
4.35534 11642
4.35536 11820
4.35574 11995
4.35575 12167
4.35576 12337
4.35577 12505
4.35616 12670
4.35617 12833
4.35618 12994
4.3562 13153
4.35662 13310
4.35663 13465
4.35663 13618
4.35706 5760
4.35748 6120
4.3575 6458
4.35787 6779
4.35789 7084
4.35828 7376
4.35829 7657
4.3587 7927
4.35871 8188
4.35914 8441
4.35916 8686
4.35959 8924
4.35961 9156
4.35962 9382
4.36003 9603
4.36005 9818
4.36006 10029
4.36045 10235
4.36047 10437
4.36048 10635
4.36091 10829
4.36093 4320
4.36138 4800
4.36181 5232
4.36222 5628
4.36265 5996
4.3631 6341
4.36355 6668
4.364 2880
4.36441 3600
4.36479 4176
4.36521 4672
4.36566 5115
4.36656 2880
4.36692 3600
4.36726 4176
4.36761 4672
4.36802 5115
4.36845 5520
4.3689 5895
4.36935 6246
4.36935 6577
4.3698 6892
4.3698 7192
4.37025 7480
4.37026 7757
4.37069 8024
4.3707 8282
4.37112 8532
4.37112 8775
4.37157 9011
4.37157 9241
4.37202 9465
4.37203 3600
4.37248 4176
4.37292 4672
4.37335 5115
4.3738 5520
4.37424 5895
4.37468 6246
4.37469 6577
4.37513 6892
4.37514 7192
4.37557 7480
4.37558 7757
4.37602 8024
4.37603 8282
4.37647 8532
4.37648 8775
4.37691 9011
4.37692 9241
4.37693 9465
4.37733 9684
4.37733 9898
4.37734 10107
4.37778 10312
4.37779 10513
4.3778 10710
4.37822 4320
4.37866 4800
4.37907 5232
4.37952 5628
4.37997 5996
4.38043 6341
4.38125 2880
4.38214 3600
4.38346 2880
4.38386 3600
4.38431 4176
4.38476 4672
4.38521 5115
4.38565 5520
4.38608 5895
4.38653 6246
4.38742 2880
4.38827 3600
4.38867 4176
4.38908 4672
4.38953 5115
4.38998 5520
4.39042 5895
4.39086 6246
4.39087 6577
4.39132 6892
4.39133 7192
4.39176 7480
4.39177 7757
4.39222 8024
4.39266 2880
4.39309 3600
4.39351 4176
4.39395 4672
4.3944 5115
4.39528 2880
4.39567 3600
4.39609 4176
4.39654 4672
4.39699 5115
4.39741 5520
4.39782 5895
4.39824 6246
4.39825 6577
4.39869 6892
4.3987 7192
4.39914 7480
4.39915 7757
4.39957 8024
4.39958 8282
4.40001 8532
4.40002 8775
4.40042 9011
4.40043 9241
4.40043 9465
4.40087 9684
4.40088 9898
4.40089 10107
4.40132 10312
4.40133 10513
4.40133 10710
4.40176 10903
4.40177 11093
4.40178 11279
4.40221 11462
4.40221 11642
4.40222 11820
4.40266 11995
4.40268 5040
4.40396 5451
4.40396 5831
4.4053 2880
4.40663 3600
4.40708 4176
4.60754 4672
4.60843 2880
4.60888 3600
4.60933 4176
4.60978 4672
4.61022 5115
4.61065 5520
4.61108 5895
4.61152 6246
4.61153 6577
4.61197 6892
4.61198 7192
4.61242 7480
4.61243 7757
4.61287 8024
4.61287 8282
4.61325 8532
4.61326 8775
4.61363 9011
4.61364 9241
4.61365 9465
4.61406 9684
4.61407 9898
4.61407 10107
4.61451 10312
4.61452 10513
4.61453 10710
4.61496 4320
4.61541 4800
4.61585 5232
4.61628 5628
4.6167 5996
4.61716 6341
4.61805 2880
4.6189 3600
4.61932 4176
4.81977 4672
4.82109 2880
4.82192 3600
4.82237 4176
4.82283 4672
4.82326 5115
4.82365 5520
4.82407 5895
4.82452 6246
4.82539 2880
4.82628 3600
4.82673 4176
4.82718 4672
4.8276 5115
4.82802 5520
4.82847 5895
4.82892 6246
4.82976 2880
4.83051 3600
4.83095 4176
4.8314 4672
4.83185 5115
4.83229 5520
4.83268 5895
4.83309 6246
4.8331 6577
4.83354 6892
4.83355 7192
4.83399 7480
4.834 7757
4.83444 8024
4.83445 8282
4.83482 8532
4.83483 8775
4.83522 9011
4.83523 9241
4.83524 9465
4.83562 9684
4.83563 9898
4.83564 10107
4.83608 10312
4.83608 10513
4.83652 10710
4.83653 4320
4.83739 4800
4.83782 5232
4.83828 5628
4.83912 2880
4.83956 3600
4.84 4176
5.04046 4672
5.04173 2880
5.04247 3600
5.04288 4176
5.04333 4672
5.04378 5115
5.04422 5520
5.04462 5895
5.04503 6246
5.04504 6577
5.04547 6892
5.04547 7192
5.04592 7480
5.04593 7757
5.04637 8024
5.04638 8282
5.04681 8532
5.04682 8775
5.04725 9011
5.04725 9241
5.04726 9465
5.0477 9684
5.0477 9898
5.04771 10107
5.04815 10312
5.04816 10513
5.04817 10710
5.0486 4320
5.049 4800
5.04937 5232
5.0498 5628
5.05025 5996
5.0507 2880
5.05115 3600
5.0516 4176
5.05205 4672
5.05251 5115
5.05339 2880
5.05384 3600
5.05426 4176
5.05462 4672
5.05498 5115
5.05539 5520
5.0558 5895
5.05625 6246
5.05626 6577
5.0567 6892
5.05671 7192
5.05712 7480
5.05713 7757
5.05754 8024
5.05755 8282
5.05798 8532
5.05799 8775
5.05844 9011
5.05885 3600
5.05963 4176
5.06008 4672
5.26053 5115
5.26182 2880
5.26271 3600
5.26311 4176
5.26351 4672
5.26387 5115
5.26428 5520
5.2647 5895
5.26514 6246
5.26515 6577
5.2656 6892
5.26561 7192
5.26605 7480
5.26606 7757
5.26647 8024
5.26647 8282
5.2669 8532
5.26691 8775
5.26735 9011
5.26735 9241
5.26736 9465
5.26779 9684
5.2678 9898
5.26781 10107
5.26825 10312
5.26825 10513
5.26826 10710
5.26864 4320
5.26905 4800
5.26944 5232
5.26988 5628
5.27032 5996
5.27077 6341
5.27165 2880
5.27255 3600
5.27298 4176
5.2734 4672
5.27385 5115
5.2743 5520
5.27475 5895
5.27518 2880
5.27559 3600
5.27604 4176
5.27649 4672
5.27694 5115
5.27734 5520
5.27774 5895
5.27817 6246
5.27817 6577
5.27863 6892
5.27907 2880
5.27948 3600
5.27988 4176
5.28033 4672
5.28078 5115
5.28123 5520
5.28163 5895
5.28198 6246
5.28199 6577
5.28235 6892
5.28236 7192
5.28277 7480
5.28278 7757
5.28321 8024
5.28322 8282
5.28365 8532
5.28366 8775
5.2841 9011
5.28454 3600
5.28543 4176
5.28588 4672
5.28633 5115
5.28719 2880
5.28764 3600
5.28809 4176
5.28852 4672
5.28895 5115
5.28939 5520
5.28984 5895
5.29116 2880
5.29251 3600
5.29292 4176
5.29329 4672
5.29368 5115
5.29412 5520
5.29457 5895
5.29502 6246
5.29545 6577
5.2959 2880
5.29635 3600
5.2968 4176
5.29722 4672
5.29766 5115
5.29806 5520
5.29849 5895
5.29894 6246
5.29939 6577
5.29979 2880
5.30019 3600
5.30061 4176
5.30104 4672
5.30149 5115
5.30193 5520
5.30238 5895
5.30283 6246
5.30328 6577
5.30372 2880
5.30415 3600
5.30456 4176
5.30498 4672
5.30543 5115
5.30588 5520
5.30633 5895
5.30678 2880
5.30722 3600
5.30764 4176
5.30808 4672
5.30854 5115
5.30939 2880
5.30984 3600
5.31028 4176
5.51074 4672
5.51203 2880
5.51292 3600
5.5142 2880
5.51462 3600
5.51507 4176
5.51552 4672
5.51596 5115
5.51638 5520
5.51678 5895
5.51719 6246
5.51719 6577
5.51764 6892
5.51764 7192
5.51809 7480
5.5181 7757
5.51851 8024
5.51852 8282
5.51895 8532
5.51896 8775
5.5194 9011
5.51941 9241
5.51984 9465
5.51985 3600
5.52029 4176
5.52067 4672
5.52111 5115
5.52155 5520
5.522 5895
5.52246 6246
5.52334 2880
5.52425 3600
5.52556 2880
5.52601 3600
5.52733 2880
5.52775 3600
5.5282 4176
5.72865 4672
5.72955 2880
5.72996 3600
5.73038 4176
5.73078 4672
5.73123 5115
5.73167 5520
5.73213 5895
5.73256 2880
5.733 3600
5.73345 4176
5.7339 4672
5.73435 5115
5.73479 5520
5.7352 5895
5.73565 6246
5.73655 2880
5.73739 3600
5.7378 4176
5.73823 4672
5.73869 5115
5.73953 2880
5.73993 3600
5.74035 4176
5.9408 4672
5.94216 2880
5.9429 3600
5.94331 4176
5.94376 4672
5.94421 5115
5.94464 5520
5.94506 5895
5.94551 6246
5.94682 2880
5.94811 3600
5.94856 4176
5.94901 4672
5.94946 5115
5.9499 5520
5.95033 5895
5.95073 6246
5.95074 6577
5.95119 6892
5.95164 2880
5.9521 3600
5.95252 4176
5.95294 4672
5.95335 5115
5.95377 5520
5.95423 5895
5.95466 2880
5.95511 3600
5.95555 4176
5.956 4672
5.95645 5115
5.9569 5520
5.95735 5895
5.95776 6246
5.95777 6577
5.9582 6892
5.95821 7192
5.95865 7480
5.95866 7757
5.9591 8024
5.9591 8282
5.95953 8532
5.95953 8775
5.95995 9011
5.95996 9241
5.95996 9465
5.9604 9684
5.96041 9898
5.96042 10107
5.96086 10312
5.96086 10513
5.96087 10710
5.96128 4320
5.96167 4800
5.96207 5232
5.96249 5628
5.96294 5996
5.96338 2880
5.9638 3600
5.96423 4176
5.96467 4672
5.96512 5115
5.96557 5520
5.96602 5895
5.96639 6246
5.9664 6577
5.96676 6892
5.96677 7192
5.96717 7480
5.96718 7757
5.96763 8024
5.96805 2880
5.96846 3600
5.9689 4176
5.96936 4672
5.96981 5115
5.9707 2880
5.97115 3600
5.97155 4176
5.97195 4672
5.97239 5115
5.97284 5520
5.97329 5895
5.97373 6246
5.97374 6577
5.97415 6892
5.97416 7192
5.97458 7480
5.97459 7757
5.97503 8024
5.97504 8282
5.97548 8532
5.97549 8775
5.97591 9011
5.97592 9241
5.97592 9465
5.97636 9684
5.97637 9898
5.97638 10107
5.97681 10312
5.97682 10513
5.97683 10710
5.97722 10903
5.97723 11093
5.97724 11279
5.97762 11462
5.97763 11642
5.97764 11820
5.97803 11995
5.97804 12167
5.97805 12337
5.97806 12505
5.97846 12670
5.97847 12833
5.97847 12994
5.97848 13153
5.97891 13310
5.97892 13465
5.97892 13618
5.97893 13770
5.97935 13920
5.97936 14068
5.97937 14215
5.97938 14360
5.97979 14504
5.9798 14646
5.97981 14787
5.97982 14927
5.98023 15065
5.98023 15202
5.98024 15338
5.98025 15473
5.98026 15607
5.98067 15739
5.98068 15870
5.98068 16000
5.98069 16129
5.9807 16257
5.98112 16384
5.98113 16510
5.98114 7200
5.9816 7488
5.982 7764
5.982 8031
5.98239 8289
5.9824 8539
5.98278 8781
5.98279 9017
5.98321 9246
5.98322 9470
5.98323 9688
5.98366 9902
5.98367 10111
5.98368 10316
5.98412 10517
5.98413 10714
5.98455 4320
5.98497 4800
5.98498 5232
5.9854 5628
5.98584 5996
5.98628 6341
5.98629 6668
5.98674 6978
5.98674 7275
5.98717 7560
5.98718 7834
5.98762 8098
5.98763 8354
5.98806 8602
5.98807 8843
5.98848 9077
5.98849 9305
5.9885 9527
5.98893 9744
5.98894 9956
5.98894 10164
5.98935 10368
5.98936 10568
5.98937 10764
5.9898 10956
5.9898 11145
5.98981 11331
5.99025 11514
5.99026 4320
5.99068 4800
5.99108 5232
5.99149 5628
5.9919 5996
5.99235 6341
5.9928 6668
5.99324 2880
5.99367 3600
5.9941 4176
5.99455 4672
5.995 5115
5.99545 5520
5.9959 5895
5.99635 6246
5.99635 6577
5.99678 6892
5.99679 7192
5.99718 7480
5.99719 7757
5.99758 8024
5.99759 8282
5.99803 8532
5.99804 8775
5.99848 9011
5.9989 3600
5.99974 4176
6.00019 4672
6.00065 5115
6.00146 2880
6.00183 3600
6.00226 4176
6.00269 4672
6.20315 5115
6.20449 2880
6.20539 3600
6.20582 4176
6.20625 4672
6.20669 5115
6.20714 5520
6.20759 5895
6.20801 6246
6.20802 6577
6.20844 6892
6.20845 7192
6.2089 7480
6.2089 7757
6.20935 8024
6.20935 8282
6.20978 8532
6.20979 8775
6.21022 9011
6.21023 9241
6.21023 9465
6.21065 9684
6.21066 9898
6.21066 10107
6.2111 10312
6.21111 10513
6.21112 10710
6.21155 4320
6.212 4800
6.21243 5232
6.21286 5628
6.2133 5996
6.21375 6341
6.21419 6668
6.21461 2880
6.21505 3600
6.21551 4176
6.21593 4672
6.21637 5115
6.21682 5520
6.21727 5895
6.2177 6246
6.21771 6577
6.21814 6892
6.21815 7192
6.21855 7480
6.21856 7757
6.219 8024
6.21901 8282
6.21945 8532
6.21946 8775
6.21989 9011
6.2199 9241
6.2199 9465
6.22031 9684
6.22031 9898
6.22032 10107
6.22072 10312
6.22072 10513
6.22073 10710
6.22115 10903
6.22116 11093
6.22117 11279
6.2216 11462
6.22161 11642
6.22162 11820
6.22205 11995
6.22206 12167
6.22207 12337
6.22249 5040
6.2229 5451
6.22329 5831
6.2237 6186
6.2237 6521
6.22415 6838
6.22416 7141
6.2246 7431
6.22461 7710
6.22505 7978
6.22505 8237
6.22549 8488
6.2255 8732
6.22594 8969
6.22595 9200
6.22596 9425
6.22639 9645
6.22639 9859
6.2264 10069
6.22684 10274
6.22684 10475
6.22685 10672
6.22727 10866
6.22728 11056
6.22729 11243
6.22768 11427
6.22769 11608
6.2277 11786
6.22811 11961
6.22812 12134
6.22813 12304
6.22814 12472
6.22856 12638
6.22857 12802
6.22858 12963
6.22859 13122
6.22902 13280
6.22902 13436
6.22903 13590
6.22904 13742
6.22947 13892
6.22947 14041
6.22948 14188
6.22949 14334
6.22991 14478
6.22992 14621
6.22992 14762
6.22993 14902
6.23033 15041
6.23034 15178
6.23035 15314
6.23036 15449
6.23037 15583
6.23077 15716
6.23078 15847
6.23079 15977
6.2308 16106
6.2308 16234
6.23122 16361
6.23123 16487
6.23124 16612
6.23125 16736
6.23125 16859
6.23167 16981
6.23168 17103
6.23169 17224
6.2317 17344
6.2317 17463
6.23213 17581
6.23214 7920
6.23297 8181
6.23333 8434
6.23333 8679
6.23375 8917
6.23376 9149
6.23377 9375
6.23421 9596
6.23421 9812
6.23422 10023
6.23466 10229
6.23468 4320
6.23511 4800
6.23552 5232
6.23593 5628
6.23635 5996
6.23679 6341
6.2368 6668
6.23725 6978
6.2377 2880
6.23813 3600
6.23856 4176
6.23901 4672
6.23947 5115
6.2399 5520
6.24033 5895
6.24075 6246
6.24076 6577
6.24118 6892
6.24119 7192
6.24164 7480
6.24164 7757
6.24209 8024
6.24209 8282
6.24252 8532
6.24252 8775
6.24294 9011
6.24295 9241
6.24296 9465
6.24339 9684
6.2434 9898
6.24341 10107
6.24384 10312
6.24385 10513
6.24386 10710
6.24429 4320
6.24475 4800
6.24516 5232
6.24559 5628
6.24604 5996
6.24649 6341
6.24736 2880
6.24815 3600
6.24858 4176
6.24903 4672
6.24948 5115
6.24991 5520
6.25033 5895
6.25078 6246
6.25164 2880
6.25248 3600
6.25293 4176
6.45339 4672
6.45472 2880
6.45558 3600
6.45603 4176
6.45648 4672
6.45688 5115
6.45727 5520
6.45764 5895
6.45806 6246
6.45807 6577
6.45852 6892
6.45897 2880
6.45941 3600
6.45984 4176
6.46027 4672
6.46073 5115
6.46161 2880
6.46201 3600
6.46242 4176
6.46284 4672
6.46329 5115
6.46373 5520
6.46418 5895
6.46462 6246
6.46462 6577
6.46507 6892
6.46508 7192
6.46551 7480
6.46552 7757
6.46597 8024
6.46639 2880
6.46684 3600
6.46728 4176
6.46773 4672
6.46819 5115
6.46906 2880
6.46948 3600
6.46992 4176
6.47037 4672
6.47082 5115
6.47168 2880
6.47207 3600
6.47252 4176
6.67297 4672
6.6743 2880
6.67505 3600
6.67548 4176
6.87593 4672
6.87727 2880
6.87796 3600
6.87838 4176
6.87884 4672
6.87929 5115
6.88015 2880
6.88057 3600
6.881 4176
6.88146 4672
6.88191 5115
6.88235 5520
6.8828 5895
6.88324 6246
6.88325 6577
6.88369 6892
6.8837 7192
6.88413 7480
6.88414 7757
6.88458 8024
6.88503 2880
6.88547 3600
6.88588 4176
6.88633 4672
6.88678 5115
6.88723 5520
6.88766 5895
6.88805 6246
6.88806 6577
6.88847 6892
6.88848 7192
6.88892 7480
6.88893 7757
6.88937 8024
6.88938 8282
6.88981 8532
6.88982 8775
6.89024 9011
6.89025 9241
6.89026 9465
6.8907 9684
6.89071 9898
6.89071 10107
6.89114 10312
6.89114 10513
6.89115 10710
6.89158 10903
6.89159 11093
6.8916 11279
6.892 11462
6.89201 11642
6.89202 11820
6.89243 11995
6.89244 12167
6.89245 12337
6.89245 12505
6.89287 12670
6.89288 12833
6.89289 12994
6.8929 13153
6.89333 13310
6.89334 13465
6.89334 13618
6.89372 5760
6.89416 6120
6.89416 6458
6.89461 6779
6.89462 7084
6.89506 7376
6.89507 7657
6.89549 7927
6.8955 8188
6.89594 8441
6.89595 8686
6.89639 8924
6.8964 9156
6.89684 9382
6.89685 3600
6.89727 4176
6.89769 4672
6.89814 5115
6.89859 5520
6.89904 5895
6.89946 6246
6.89947 6577
6.89984 6892
6.89985 7192
6.90024 7480
6.90024 7757
6.90069 8024
6.90114 2880
6.90159 3600
6.90198 4176
6.90238 4672
6.90281 5115
6.90326 5520
6.90371 5895
6.90505 2880
6.90638 3600
6.9068 4176
6.90724 4672
6.90769 5115
6.90857 2880
6.90903 3600
6.90946 4176
6.9099 4672
6.91034 5115
6.91078 5520
6.91123 5895
6.91169 2880
6.91214 3600
6.91257 4176
6.91301 4672
6.91345 5115
6.91389 5520
6.91434 5895
6.91479 6246
6.9148 6577
6.91524 6892
6.91524 7192
6.91569 7480
6.91569 7757
6.91614 8024
6.91657 2880
6.91701 3600
6.91745 4176
7.1179 4672
7.11879 2880
7.11918 3600
7.11963 4176
7.12007 4672
7.12053 5115
7.12136 2880
7.12177 3600
7.12222 4176
7.12268 4672
7.12311 5115
7.12352 5520
7.12393 5895
7.12436 6246
7.12436 6577
7.12481 6892
7.12482 7192
7.12524 7480
7.12525 7757
7.12568 8024
7.12569 8282
7.12612 8532
7.12613 8775
7.12658 9011
7.12702 3600
7.12787 4176
7.12828 4672
7.12871 5115
7.12916 5520
7.12961 5895
7.13006 6246
7.1305 6577
7.13088 2880
7.13128 3600
7.13171 4176
7.13216 4672
7.13261 5115
7.13305 5520
7.1335 5895
7.13394 6246
7.13394 6577
7.13438 6892
7.13439 7192
7.13483 7480
7.13484 7757
7.13528 8024
7.13573 2880
7.13614 3600
7.13654 4176
7.13694 4672
7.13738 5115
7.13783 5520
7.13828 5895
7.1387 2880
7.13913 3600
7.13958 4176
7.14003 4672
7.14044 5115
7.14082 5520
7.14123 5895
7.14169 6246
7.14257 2880
7.14344 3600
7.1439 4176
7.34435 4672
7.34571 2880
7.34657 3600
7.34702 4176
7.34747 4672
7.34786 5115
7.34823 5520
7.34867 5895
7.34912 6246
7.35 2880
7.35089 3600
7.35134 4176
7.55179 4672
7.55259 2880
7.55304 3600
7.55349 4176
7.55395 4672
7.55436 5115
7.55477 5520
7.5552 5895
7.55565 6246
7.55608 6577
7.55654 2880
7.55699 3600
7.55741 4176
7.5578 4672
7.55826 5115
7.55913 2880
7.55955 3600
7.55999 4176
7.56044 4672
7.5609 5115
7.56172 2880
7.56215 3600
7.5626 4176
7.56305 4672
7.56349 5115
7.56393 5520
7.56435 5895
7.56476 6246
7.56477 6577
7.56522 6892
7.56522 7192
7.56566 7480
7.56567 7757
7.56612 8024
7.56653 2880
7.56692 3600
7.56736 4176
7.76781 4672
7.76917 2880
7.77005 3600
7.77139 2880
7.77183 3600
7.77227 4176
7.77272 4672
7.77316 5115
7.7736 5520
7.77404 5895
7.77445 6246
7.77446 6577
7.77489 6892
7.7749 7192
7.77534 7480
7.77535 7757
7.7758 8024
7.77624 2880
7.77667 3600
7.77713 4176
7.77758 4672
7.77803 5115
7.77886 2880
7.7793 3600
7.77975 4176
7.78021 4672
7.78064 5115
7.78106 5520
7.78151 5895
7.78195 6246
7.78196 6577
7.78239 6892
7.7824 7192
7.78283 7480
7.78283 7757
7.78327 8024
7.78328 8282
7.78372 8532
7.78374 8775
7.78418 3600
7.78463 4176
7.78506 4672
7.78547 5115
7.78591 5520
7.78635 5895
7.7868 6246
7.78725 6577
7.7877 2880
7.78815 3600
7.7886 4176
7.78905 4672
7.7895 5115
7.78993 5520
7.79036 5895
7.7908 6246
7.79081 6577
7.79126 6892
7.79126 7192
7.79171 7480
7.79172 7757
7.79216 8024
7.79217 8282
7.79256 8532
7.79257 8775
7.79299 9011
7.79299 9241
7.793 9465
7.79344 9684
7.79345 9898
7.79389 10107
7.7939 4320
7.79475 4800
7.79519 5232
7.79562 5628
7.79608 5996
7.79653 2880
7.79695 3600
7.79734 4176
7.79776 4672
7.79821 5115
7.79911 2880
7.79955 3600
7.79996 4176
7.8004 4672
7.80085 5115
7.80167 2880
7.80207 3600
7.80251 4176
8.00297 4672
8.00432 2880
8.00523 3600
8.00651 2880
8.00697 3600
8.00827 2880
8.00872 3600
8.00917 4176
8.00962 4672
8.01004 5115
8.01048 5520
8.01094 5895
8.01139 2880
8.01184 3600
8.01229 4176
8.01274 4672
8.01317 5115
8.01361 5520
8.01405 5895
8.0145 6246
8.01451 6577
8.01496 6892
8.0154 2880
8.01585 3600
8.01629 4176
8.01674 4672
8.01715 5115
8.0176 5520
8.01805 5895
8.01848 6246
8.01848 6577
8.01891 6892
8.01892 7192
8.01936 7480
8.01936 7757
8.0198 8024
8.01981 8282
8.02025 8532
8.02026 8775
8.02068 9011
8.02069 9241
8.0207 9465
8.02111 9684
8.02112 9898
8.02113 10107
8.02154 10312
8.02155 10513
8.02156 10710
8.02198 10903
8.02199 11093
8.022 11279
8.02244 11462
8.02245 4320
8.02333 4800
8.02377 5232
8.02421 5628
8.02466 5996
8.02599 2880
8.02732 3600
8.02866 2880
8.0291 3600
8.02954 4176
8.22999 4672
8.23084 2880
8.23129 3600
8.23173 4176
8.23218 4672
8.23263 5115
8.23304 5520
8.23345 5895
8.23391 6246
8.2348 2880
8.23568 3600
8.2361 4176
8.43656 4672
8.43779 2880
8.43865 3600
8.43909 4176
8.43953 4672
8.43997 5115
8.44042 5520
8.44086 5895
8.44127 6246
8.44128 6577
8.44166 6892
8.44167 7192
8.44209 7480
8.4421 7757
8.44254 8024
8.44255 8282
8.44299 8532
8.443 8775
8.44343 9011
8.44344 9241
8.44345 9465
8.4438 9684
8.44381 9898
8.44382 10107
8.4442 10312
8.44421 10513
8.44422 10710
8.44462 10903
8.44463 11093
8.44464 11279
8.44507 11462
8.44509 4320
8.44552 4800
8.44595 5232
8.4464 5628
8.44683 5996
8.44728 6341
8.44728 6668
8.44773 6978
8.44774 7275
8.44817 7560
8.44818 7834
8.44857 8098
8.44858 8354
8.44896 8602
8.44897 8843
8.4494 9077
8.44941 9305
8.44942 9527
8.44985 9744
8.44986 9956
8.44987 10164
8.4503 10368
8.45031 10568
8.45032 10764
8.45074 4320
8.45118 4800
8.45162 5232
8.45207 5628
8.45251 5996
8.45295 6341
8.45296 6668
8.45339 6978
8.4534 7275
8.45381 7560
8.45382 7834
8.45424 8098
8.45425 8354
8.45469 8602
8.4547 8843
8.45514 9077
8.45515 9305
8.45557 9527
8.45558 3600
8.456 4176
8.45641 4672
8.45685 5115
8.4573 5520
8.45774 5895
8.45817 6246
8.45818 6577
8.45858 6892
8.45859 7192
8.45901 7480
8.45902 7757
8.45946 8024
8.45947 8282
8.45991 8532
8.45991 8775
8.46036 9011
8.46036 9241
8.4608 9465
8.46081 3600
8.46126 4176
8.46171 4672
8.46215 5115
8.4626 5520
8.46297 5895
8.46334 6246
8.46334 6577
8.46375 6892
8.46375 7192
8.4642 7480
8.46421 7757
8.46465 8024
8.46507 2880
8.46548 3600
8.46588 4176
8.66633 4672
8.66768 2880
8.66857 3600
8.66902 4176
8.86947 4672
8.87037 2880
8.87082 3600
8.87126 4176
8.87168 4672
8.87213 5115
8.87258 5520
8.87301 5895
8.87345 6246
8.87346 6577
8.87387 6892
8.87388 7192
8.8743 7480
8.87431 7757
8.87474 8024
8.87475 8282
8.87519 8532
8.8752 8775
8.87561 9011
8.87562 9241
8.87563 9465
8.87604 9684
8.87605 9898
8.87606 10107
8.87649 10312
8.8765 10513
8.87651 10710
8.87694 10903
8.87695 11093
8.87696 11279
8.87739 11462
8.8774 11642
8.87741 11820
8.87783 11995
8.87784 12167
8.87785 12337
8.87786 12505
8.87829 12670
8.8783 12833
8.87831 12994
8.87831 13153
8.87874 13310
8.87875 13465
8.87876 13618
8.87876 13770
8.87919 13920
8.8792 14068
8.87921 14215
8.87921 14360
8.87964 14504
8.87965 14646
8.87966 6480
8.88009 6800
8.88049 7104
8.8805 7395
8.88092 7675
8.88093 7945
8.88137 8205
8.88138 8457
8.8818 8702
8.88181 8940
8.88225 9171
8.88226 9397
8.88268 3600
8.88313 4176
8.88358 4672
8.88403 5115
8.88484 2880
8.88527 3600
8.88572 4176
8.88617 4672
8.88662 5115
8.88705 5520
8.8875 5895
8.88796 6246
8.88878 2880
8.88966 3600
8.89011 4176
8.89055 4672
8.89098 5115
8.89136 5520
8.8917 5895
8.89206 6246
8.89207 6577
8.89249 6892
8.8925 7192
8.89294 7480
8.89294 7757
8.89339 8024
8.89339 8282
8.89382 8532
8.89383 8775
8.89427 9011
8.89471 3600
8.89562 4176
8.89605 4672
8.89649 5115
8.89693 5520
8.89737 5895
8.89782 6246
8.89827 6577
8.89872 2880
8.89915 3600
8.8996 4176
8.90005 4672
8.9005 5115
8.90093 5520
8.90134 5895
8.90177 6246
8.90178 6577
8.90222 6892
8.90223 7192
8.90267 7480
8.90268 7757
8.9031 8024
8.90311 8282
8.90355 8532
8.90356 8775
8.90399 9011
8.904 9241
8.90401 9465
8.90445 9684
8.90446 9898
8.90446 10107
8.90488 10312
8.90488 10513
8.90489 10710
8.90532 10903
8.90533 11093
8.90534 11279
8.90578 11462
8.90579 4320
8.90624 4800
8.90668 5232
8.90711 5628
8.90753 5996
8.90797 6341
8.90798 6668
8.90843 6978
8.90888 2880
8.90932 3600
8.90977 4176
8.91022 4672
8.91067 5115
8.91112 5520
8.91157 5895
8.91202 6246
8.91246 6577
8.91292 2880
8.91337 3600
8.91382 4176
8.91425 4672
8.91467 5115
8.91512 5520
8.91557 5895
8.91602 2880
8.91646 3600
8.9169 4176
8.91736 4672
8.91778 5115
8.91822 5520
8.91868 5895
8.91911 2880
8.91953 3600
8.91997 4176
8.92042 4672
9.12088 5115
9.12221 2880
9.12311 3600
9.12445 2880
9.12488 3600
9.12531 4176
9.32576 4672
9.32665 2880
9.32705 3600
9.32743 4176
9.32785 4672
9.32828 5115
9.32872 5520
9.32917 5895
9.32961 6246
9.32962 6577
9.33004 6892
9.33005 7192
9.3305 7480
9.3305 7757
9.33094 8024
9.33095 8282
9.33139 8532
9.3314 8775
9.33182 9011
9.33183 9241
9.33184 9465
9.33222 9684
9.33223 9898
9.33223 10107
9.33265 10312
9.33266 10513
9.33266 10710
9.33309 10903
9.3331 11093
9.33311 11279
9.33354 11462
9.33355 11642
9.33356 11820
9.33394 11995
9.33395 12167
9.33395 12337
9.33396 12505
9.33435 12670
9.33435 12833
9.33436 12994
9.33437 13153
9.3348 13310
9.33481 13465
9.33482 13618
9.33525 5760
9.3357 6120
9.33571 6458
9.33613 6779
9.33614 7084
9.33657 7376
9.33658 7657
9.33702 7927
9.33703 8188
9.33746 8441
9.33747 8686
9.3379 8924
9.33791 9156
9.33792 9382
9.33836 9603
9.33837 9818
9.33837 10029
9.33879 10235
9.3388 10437
9.33881 10635
9.33921 10829
9.33922 11020
9.33923 11208
9.33966 11393
9.33966 11575
9.33967 11754
9.34011 11930
9.34012 5040
9.34101 5451
9.34146 5831
9.34189 6186
9.34189 6521
9.34235 6838
9.34275 2880
9.34315 3600
9.34358 4176
9.34403 4672
9.34448 5115
9.34536 2880
9.34578 3600
9.34623 4176
9.54668 4672
9.54758 2880
9.54801 3600
9.54836 4176
9.54871 4672
9.54909 5115
9.54953 5520
9.54997 5895
9.55042 6246
9.55042 6577
9.55087 6892
9.55088 7192
9.55129 7480
9.5513 7757
9.55169 8024
9.55169 8282
9.55205 8532
9.55206 8775
9.55244 9011
9.55245 9241
9.55246 9465
9.55289 9684
9.5529 9898
9.55291 10107
9.55334 10312
9.55335 10513
9.55336 10710
9.55379 4320
9.55422 4800
9.55466 5232
9.55509 5628
9.55554 5996
9.55598 6341
9.55599 6668
9.55643 6978
9.55644 7275
9.55688 7560
9.55689 7834
9.55728 8098
9.55729 8354
9.5577 8602
9.55771 8843
9.55814 9077
9.55815 9305
9.55816 9527
9.5586 9744
9.5586 9956
9.55861 10164
9.55905 10368
9.55906 10568
9.55907 10764
9.55947 4320
9.55989 4800
9.56033 5232
9.56078 5628
9.56123 5996
9.56165 6341
9.56166 6668
9.56209 6978
9.56209 7275
9.5625 7560
9.56251 7834
9.56294 8098
9.56295 8354
9.56339 8602
9.5634 8843
9.56384 9077
9.56385 9305
9.56428 9527
9.5643 3600
9.56471 4176
9.56516 4672
9.56561 5115
9.56649 2880
9.56691 3600
9.56736 4176
9.56781 4672
9.56826 5115
9.56868 5520
9.56911 5895
9.56956 6246
9.57002 6577
9.57129 2880
9.57219 3600
9.57264 4176
9.57305 4672
9.57344 5115
9.57386 5520
9.57431 5895
9.57476 6246
9.57563 2880
9.57653 3600
9.57697 4176
9.5774 4672
9.57778 5115
9.57819 5520
9.57864 5895
9.57908 6246
9.57909 6577
9.57954 6892
9.57999 2880
9.58044 3600
9.58089 4176
9.58135 4672
9.58179 5115
9.58218 5520
9.58261 5895
9.58306 6246
9.58392 2880
9.58481 3600
9.58523 4176
9.58569 4672
9.58613 5115
9.58657 5520
9.58702 5895
9.58746 6246
9.58747 6577
9.58787 6892
9.58788 7192
9.58832 7480
9.58832 7757
9.58877 8024
9.58922 2880
9.59008 3600
9.59054 4176
9.79099 4672
9.79189 2880
9.7923 3600
9.7927 4176
9.79312 4672
9.79357 5115
9.79402 5520
9.79446 5895
9.79487 6246
9.79488 6577
9.79531 6892
9.79532 7192
9.79576 7480
9.79577 7757
9.7962 8024
9.79621 8282
9.79664 8532
9.79665 8775
9.79703 9011
9.79704 9241
9.79705 9465
9.79744 9684
9.79745 9898
9.79746 10107
9.79787 10312
9.79788 10513
9.79789 10710
9.79832 10903
9.79834 4320
9.79878 4800
9.79922 5232
9.79962 5628
9.80002 5996
9.80046 6341
9.80047 6668
9.80092 6978
9.80135 2880
9.80179 3600
9.80224 4176
9.80268 4672
9.80313 5115
9.80358 5520
9.80399 5895
9.8044 6246
9.80441 6577
9.80486 6892
9.80531 2880
9.80576 3600
9.80618 4176
9.80662 4672
9.80707 5115
9.80796 2880
9.80838 3600
9.80883 4176
9.80928 4672
9.80973 5115
9.81017 5520
9.81062 5895
9.81105 6246
9.81106 6577
9.81149 6892
9.8115 7192
9.81194 7480
9.81195 7757
9.8124 8024
9.81285 2880
9.81327 3600
9.8137 4176
9.81415 4672
9.8146 5115
9.81505 5520
9.81547 5895
9.81583 6246
9.81584 6577
9.8162 6892
9.81621 7192
9.81662 7480
9.81663 7757
9.81707 8024
9.8175 2880
9.81795 3600
9.8184 4176
9.81884 4672
9.81928 5115
9.81972 5520
9.82016 5895
9.82061 6246
9.82062 6577
9.82107 6892
9.82107 7192
9.82152 7480
9.82197 2880
9.82242 3600
9.82283 4176
9.82326 4672
9.82372 5115
9.82501 2880
9.82577 3600
9.82622 4176
9.82667 4672
9.82712 5115
9.82756 5520
9.82801 5895
9.82846 6246
9.82846 6577
9.8289 6892
9.82891 7192
9.82928 7480
9.82929 7757
9.8297 8024
9.82971 8282
9.83014 8532
9.83014 8775
9.83058 9011
9.83059 9241
9.8306 9465
9.83103 9684
9.83103 9898
9.83104 10107
9.83147 10312
9.83148 10513
9.83148 10710
9.83192 10903
9.83193 11093
9.83193 11279
9.83237 11462
9.83238 11642
9.83238 11820
9.83282 11995
9.83283 5040
9.83367 5451
9.83411 5831
9.83455 6186
9.83456 6521
9.83501 6838
9.83502 7141
9.83546 7431
9.83547 7710
9.83591 7978
9.83592 8237
9.83635 8488
9.83636 8732
9.83679 8969
9.8368 9200
9.83681 9425
9.83724 9645
9.83725 9859
9.83726 10069
9.83769 10274
9.83769 10475
9.8377 10672
9.83813 10866
9.83814 11056
9.83815 11243
9.83858 11427
9.83859 11608
9.83859 11786
9.83897 11961
9.83898 12134
9.83899 12304
9.839 12472
9.83942 12638
9.83943 12802
9.83944 12963
9.83944 13122
9.83987 13280
9.83988 13436
9.83989 13590
9.83989 13742
9.84031 13892
9.84032 14041
9.84033 14188
9.84034 14334
9.84076 14478
9.84077 14621
9.84078 14762
9.84079 14902
9.84122 15041
9.84123 6480
9.84209 6800
9.84254 7104
9.84255 7395
9.84297 7675
9.84298 7945
9.84341 8205
9.84342 8457
9.84385 8702
9.84386 8940
9.8443 9171
9.84431 9397
9.84476 3600
9.8452 4176
9.84563 4672
9.84608 5115
9.84652 5520
9.84697 5895
9.84741 6246
9.84742 6577
9.84785 6892
9.84786 7192
9.84827 7480
9.84828 7757
9.84872 8024
9.84916 2880
9.84961 3600
9.85006 4176
9.85048 4672
9.85093 5115
9.85138 5520
9.85182 5895
9.85226 6246
9.85226 6577
9.85269 6892
9.8527 7192
9.85312 7480
9.85312 7757
9.85357 8024
9.85401 2880
9.85446 3600
9.8549 4176
9.85536 4672
9.85581 5115
9.85625 5520
9.85669 5895
9.85712 6246
9.85712 6577
9.85757 6892
9.85758 7192
9.85802 7480
9.85803 7757
9.85847 8024
9.85847 8282
9.85891 8532
9.85891 8775
9.85936 9011
9.85936 9241
9.85979 9465
9.85981 3600
9.86026 4176
9.86069 4672
9.86114 5115
9.86203 2880
9.86245 3600
9.8629 4176
9.86336 4672
9.86379 5115
9.86421 5520
9.86464 5895
9.86509 6246
9.86554 6577
9.866 2880
9.86644 3600
9.86689 4176
9.8673 4672
9.86774 5115
9.86819 5520
9.86863 5895
9.86904 6246
9.86904 6577
9.86945 6892
9.86945 7192
9.8699 7480
9.8699 7757
9.87033 8024
9.87034 8282
9.87076 8532
9.87077 8775
9.87121 9011
9.87122 9241
9.87164 9465
9.87165 3600
9.8721 4176
9.87255 4672
9.87299 5115
9.87339 5520
9.87381 5895
9.87426 6246
9.87516 2880
9.87597 3600
9.87642 4176
10.0769 4672
10.0782 2880
10.0791 3600
10.0795 4176
10.08 4672
10.0804 5115
10.0809 5520
10.0813 5895
10.0818 6246
10.0822 6577
10.0836 2880
10.0844 3600
10.0849 4176
10.0853 4672
10.0858 5115
10.0862 5520
10.0867 5895
10.0871 2880
10.0875 3600
10.088 4176
10.0884 4672
10.0889 5115
10.0898 2880
10.0902 3600
10.0906 4176
10.0911 4672
10.0915 5115
10.092 5520
10.0924 5895
10.0928 6246
10.0928 6577
10.0933 6892
10.0933 7192
10.0937 7480
10.0937 7757
10.0942 8024
10.0942 8282
10.0946 8532
10.0946 8775
10.0949 9011
10.0949 9241
10.095 9465
10.0953 9684
10.0954 9898
10.0954 10107
10.0958 10312
10.0958 10513
10.0958 10710
10.0963 4320
10.0967 4800
10.0971 5232
10.0976 5628
10.098 5996
10.0985 6341
10.0993 2880
10.1002 3600
10.1006 4176
10.1011 4672
10.1015 5115
10.1019 5520
10.1024 5895
10.1028 6246
10.1028 6577
10.1033 6892
10.1033 7192
10.1037 7480
10.1037 7757
10.1042 8024
10.1042 8282
10.1045 8532
10.1046 8775
10.1049 9011
10.1049 9241
10.105 9465
10.1054 9684
10.1054 9898
10.1054 10107
10.1058 10312
10.1058 10513
10.1058 10710
10.1063 10903
10.1063 11093
10.1063 11279
10.1067 11462
10.1067 11642
10.1067 11820
10.1072 11995
10.1072 12167
10.1072 12337
10.1072 12505
10.1076 12670
10.1076 12833
10.1076 12994
10.1076 13153
10.108 13310
10.108 13465
10.108 13618
10.108 13770
10.1085 13920
10.1085 14068
10.1085 14215
10.1085 14360
10.1089 14504
10.1089 14646
10.1089 14787
10.1089 14927
10.1093 15065
10.1093 15202
10.1093 15338
10.1093 15473
10.1093 15607
10.1097 15739
10.1097 15870
10.1097 16000
10.1097 16129
10.1097 16257
10.1101 16384
10.1101 16510
10.1101 16635
10.1102 16759
10.1102 16882
10.1106 17004
10.1106 17125
10.1106 17246
10.1106 17366
10.1106 17485
10.111 17603
10.111 17720
10.111 17837
10.1111 17953
10.1111 18068
10.1115 7920
10.1119 8181
10.1119 8434
10.1122 8679
10.1123 8917
10.1127 9149
10.1127 9375
10.1127 9596
10.1131 9812
10.1131 10023
10.1131 10229
10.1136 10431
10.1136 10629
10.1136 10824
10.114 11015
10.114 11203
10.114 11388
10.1145 11570
10.1145 11749
10.1145 11925
10.1148 12098
10.1149 12269
10.1149 12438
10.1149 12604
10.1153 12768
10.1153 12930
10.1153 13090
10.1153 13248
10.1157 13404
10.1157 13558
10.1157 13710
10.1162 5760
10.1166 6120
10.1166 6458
10.1171 6779
10.1171 7084
10.1175 7376
10.1175 7657
10.1179 7927
10.1179 8188
10.1184 8441
10.1184 8686
10.1188 8924
10.1188 9156
10.1188 9382
10.1193 9603
10.1193 9818
10.1193 10029
10.1197 10235
10.1197 10437
10.1197 10635
10.1202 10829
10.1202 11020
10.1202 11208
10.1206 11393
10.1206 11575
10.1206 11754
10.121 11930
10.121 12103
10.121 12274
10.121 12442
10.1215 12608
10.1215 12772
10.1215 12934
10.1215 13094
10.1219 13252
10.1219 13408
10.1219 13562
10.1219 13714
10.1223 13865
10.1223 14014
10.1223 14161
10.1223 14307
10.1228 14451
10.1228 14594
10.1228 14736
10.1228 14876
10.1232 15015
10.1232 15153
10.1232 6480
10.1245 6800
10.1245 7104
10.1248 7395
10.1249 7675
10.1253 7945
10.1253 8205
10.1257 8457
10.1257 8702
10.1261 8940
10.1275 3600
10.1293 4176
10.3297 4672
10.3306 2880
10.3311 3600
10.3315 4176
10.3319 4672
10.3323 5115
10.3328 5520
10.3332 5895
10.3337 6246
10.3337 6577
10.334 6892
10.334 7192
10.3344 7480
10.3344 7757
10.3349 8024
10.3349 8282
10.3353 8532
10.3353 8775
10.3358 9011
10.3358 9241
10.3362 9465
10.3366 3600
10.3374 4176
10.5379 4672
10.5387 2880
10.5392 3600
10.5396 4176
10.54 4672
10.5405 5115
10.5409 5520
10.5412 5895
10.5417 6246
10.5417 6577
10.5421 6892
10.5421 7192
10.5426 7480
10.5426 7757
10.543 8024
10.543 8282
10.5434 8532
10.5434 8775
10.5438 9011
10.5438 9241
10.5438 9465
10.5442 9684
10.5442 9898
10.5442 10107
10.5447 10312
10.5447 10513
10.5447 10710
10.5451 4320
10.5456 4800
10.546 5232
10.5464 5628
10.5469 5996
10.5482 2880
10.5495 3600
10.55 4176
10.5504 4672
10.5509 5115
10.5513 5520
10.5517 5895
10.5522 6246
10.5522 6577
10.5526 6892
10.5526 7192
10.5531 7480
10.5531 7757
10.5535 8024
10.5539 2880
10.5544 3600
10.5548 4176
10.7553 4672
10.7562 2880
10.7566 3600
10.7571 4176
10.7575 4672
10.758 5115
10.7584 5520
10.7588 5895
10.7593 6246
10.7602 2880
10.7611 3600
10.7615 4176
10.762 4672
10.7624 5115
10.7629 5520
10.7633 5895
10.7637 6246
10.7638 6577
10.7642 6892
10.7642 7192
10.7646 7480
10.7647 7757
10.7651 8024
10.7655 2880
10.766 3600
10.7664 4176
10.7669 4672
10.7673 5115
10.7677 5520
10.7681 5895
10.7686 6246
10.7699 2880
10.7712 3600
10.7716 4176
10.7721 4672
10.7725 5115
10.7729 5520
10.7734 5895
10.7738 6246
10.7743 6577
10.7747 2880
10.7751 3600
10.7756 4176
10.776 4672
10.7765 5115
10.7769 5520
10.7774 5895
10.7778 2880
10.7783 3600
10.7787 4176
10.7791 4672
10.7795 5115
10.7799 5520
10.7804 5895
10.7808 6246
10.7808 6577
10.7812 6892
10.7813 7192
10.7817 7480
10.7817 7757
10.7822 8024
10.7826 2880
10.783 3600
10.7834 4176
10.7838 4672
10.7843 5115
10.7847 5520
10.7852 5895
10.7855 6246
10.7856 6577
10.786 6892
10.786 7192
10.7864 7480
10.7864 7757
10.7869 8024
10.7869 8282
10.7873 8532
10.7873 8775
10.7877 9011
10.7878 9241
10.7878 9465
10.7882 9684
10.7882 9898
10.7882 10107
10.7886 10312
10.7886 10513
10.7886 10710
10.7891 10903
10.7891 11093
10.7891 11279
10.7895 11462
10.7895 4320
10.7899 4800
10.7903 5232
10.7908 5628
10.7912 5996
10.7917 6341
10.7926 2880
10.7934 3600
10.7939 4176
10.9944 4672
10.9951 2880
10.9956 3600
10.996 4176
10.9965 4672
10.9969 5115
10.9973 5520
10.9977 5895
10.9982 6246
10.9982 6577
10.9986 6892
10.9991 2880
10.9995 3600
10.9999 4176
11.0003 4672
11.0007 5115
11.0011 5520
11.0014 5895
11.0018 6246
11.0018 6577
11.0022 6892
11.0022 7192
11.0027 7480
11.0027 7757
11.0031 8024
11.0031 8282
11.0035 8532
11.0035 8775
11.0039 9011
11.0039 9241
11.0039 9465
11.0043 9684
11.0043 9898
11.0043 10107
11.0048 10312
11.0048 10513
11.0048 10710
11.0052 10903
11.0052 11093
11.0052 11279
11.0057 11462
11.0057 4320
11.0061 4800
11.0065 5232
11.0069 5628
11.0073 5996
11.0078 6341
11.0078 6668
11.0082 6978
11.0086 2880
11.009 3600
11.0094 4176
11.0099 4672
11.0103 5115
11.0108 5520
11.0112 5895
11.0117 2880
11.012 3600
11.0124 4176
11.0128 4672
11.0131 5115
11.0135 5520
11.014 5895
11.0144 6246
11.0153 2880
11.0161 3600
11.0165 4176
11.217 4672
11.2178 2880
11.2182 3600
11.2186 4176
11.219 4672
11.2195 5115
11.2199 5520
11.2203 5895
11.2206 6246
11.2206 6577
11.2209 6892
11.221 7192
11.2213 7480
11.2213 7757
11.2216 8024
11.2216 8282
11.222 8532
11.222 8775
11.2223 9011
11.2223 9241
11.2224 9465
11.2227 9684
11.2227 9898
11.2227 10107
11.2231 10312
11.2231 10513
11.2231 10710
11.2235 10903
11.2235 11093
11.2235 11279
11.2239 11462
11.2239 11642
11.2239 11820
11.2243 11995
11.2243 12167
11.2243 12337
11.2243 12505
11.2247 12670
11.2248 12833
11.2248 12994
11.2248 13153
11.2252 13310
11.2252 13465
11.2252 13618
11.2252 13770
11.2256 13920
11.2256 14068
11.2257 14215
11.2257 14360
11.226 14504
11.226 14646
11.226 14787
11.226 14927
11.2264 15065
11.2264 15202
11.2264 15338
11.2264 15473
11.2264 15607
11.2268 15739
11.2268 15870
11.2268 16000
11.2268 16129
11.2268 16257
11.2272 16384
11.2272 16510
11.2272 16635
11.2272 16759
11.2272 16882
11.2276 17004
11.2276 17125
11.2276 17246
11.2276 17366
11.2277 17485
11.228 17603
11.2281 17720
11.2281 17837
11.2281 17953
11.2281 18068
11.2281 18182
11.2285 18296
11.2285 18409
11.2285 18521
11.2285 18632
11.2285 18743
11.2285 18853
11.2289 18962
11.229 19071
11.229 19179
11.229 19287
11.229 19394
11.2294 8640
11.2297 8880
11.2298 9113
11.2298 9340
11.2301 9562
11.2301 9778
11.2301 9990
11.2304 10197
11.2304 10400
11.2304 10599
11.2307 10794
11.2308 10986
11.2308 11174
11.2311 11359
11.2311 11541
11.2311 11720
11.2314 11896
11.2314 12070
11.2314 12241
11.2314 12410
11.2317 12577
11.2317 12741
11.2318 12903
11.2318 13063
11.2321 13221
11.2321 13377
11.2321 13532
11.2321 13685
11.2324 13836
11.2324 13985
11.2324 14133
11.2324 14279
11.2327 14424
11.2328 14567
11.2328 14709
11.2328 14849
11.2331 14988
11.2331 15126
11.2331 15263
11.2331 15398
11.2331 15532
11.2334 15665
11.2334 15797
11.2334 15928
11.2334 16058
11.2334 16187
11.2337 16315
11.2337 16442
11.2338 16568
11.2338 16693
11.2338 16817
11.2341 16940
11.2341 17062
11.2341 17183
11.2341 17303
11.2341 17422
11.2344 17541
11.2344 17659
11.2344 17776
11.2344 17892
11.2344 18007
11.2344 18122
11.2347 18236
11.2348 18349
11.2348 18462
11.2348 18574
11.2348 18685
11.2348 18795
11.2351 18905
11.2351 19014
11.2351 19123
11.2351 19231
11.2351 19338
11.2351 19445
11.2355 19551
11.2355 19657
11.2355 19762
11.2355 19866
11.2355 19970
11.2355 20073
11.2358 20176
11.2358 20278
11.2359 20380
11.2359 20481
11.2359 20582
11.2359 20682
11.2362 20782
11.2362 20881
11.2362 20980
11.2362 21078
11.2363 21176
11.2363 21273
11.2363 21370
11.2366 21467
11.2366 21563
11.2366 21659
11.2366 21754
11.2366 21849
11.2366 21943
11.2366 22037
11.2369 22131
11.2369 22224
11.2369 22317
11.2369 22409
11.2369 22501
11.2369 22593
11.2369 22684
11.2372 22775
11.2372 22866
11.2373 22956
11.2373 23046
11.2373 23135
11.2373 23224
11.2373 23313
11.2376 23401
11.2376 23489
11.2376 23577
11.2376 23664
11.2376 23751
11.2376 23838
11.2376 23924
11.2376 24010
11.238 24096
11.238 24182
11.238 24267
11.238 24352
11.238 24437
11.238 24521
11.238 24605
11.238 24689
11.2383 24772
11.2383 24855
11.2383 24938
11.2384 25021
11.2384 25103
11.2384 25185
11.2384 25267
11.2384 25349
11.2387 25430
11.2387 25511
11.2387 25592
11.2387 25673
11.2388 25753
11.2388 25833
11.2388 25913
11.2388 25993
11.2391 26072
11.2391 26151
11.2391 26230
11.2391 26309
11.2391 26387
11.2392 26465
11.2392 26543
11.2392 26621
11.2392 26698
11.2394 26775
11.2395 26852
11.2395 26929
11.2395 27006
11.2395 27082
11.2395 27158
11.2395 27234
11.2395 27310
11.2395 27385
11.2398 27460
11.2398 27535
11.2398 27610
11.2398 27685
11.2398 27759
11.2398 27833
11.2398 27907
11.2398 27981
11.2398 28055
11.2401 28128
11.2401 28201
11.2401 28274
11.2401 28347
11.2401 28420
11.2402 28492
11.2402 28564
11.2402 28636
11.2402 28708
11.2404 28780
11.2404 28852
11.2405 28923
11.2405 28994
11.2405 29065
11.2405 29136
11.2405 29207
11.2405 29277
11.2405 29347
11.2408 29417
11.2408 29487
11.2408 29557
11.2408 29627
11.2408 29696
11.2408 29765
11.2408 29834
11.2408 29903
11.2408 29972
11.2408 30041
11.2411 30110
11.2411 30178
11.2411 30246
11.2411 30314
11.2411 30382
11.2411 30450
11.2411 30518
11.2412 30585
11.2412 30652
11.2412 30719
11.2414 30786
11.2414 30853
11.2414 30920
11.2415 30987
11.2415 31053
11.2415 31119
11.2415 31185
11.2415 31251
11.2415 31317
11.2415 31383
11.2418 31449
11.2418 31514
11.2418 31579
11.2418 31644
11.2418 31709
11.2418 31774
11.2418 31839
11.2418 31904
11.2418 31968
11.2418 32032
11.2421 32096
11.2421 32160
11.2421 32224
11.2421 32288
11.2421 32352
11.2421 32416
11.2421 32479
11.2421 32542
11.2421 32605
11.2422 32668
11.2422 32731
11.2424 32794
11.2424 32857
11.2424 32920
11.2425 32982
11.2425 33044
11.2425 33106
11.2425 33168
11.2425 33230
11.2425 33292
11.2425 33354
11.2425 33416
11.2428 33478
11.2428 33539
11.2428 33600
11.2428 33661
11.2428 33722
11.2428 33783
11.2428 33844
11.2428 33905
11.2428 33966
11.2428 34027
11.2428 34087
11.2431 34147
11.2431 34207
11.2431 34267
11.2431 34327
11.2431 34387
11.2431 34447
11.2431 34507
11.2432 34567
11.2432 34626
11.2432 34685
11.2432 34744
11.2434 34803
11.2434 34862
11.2434 34921
11.2434 34980
11.2435 35039
11.2435 35098
11.2435 35157
11.2435 35215
11.2435 35273
11.2435 35331
11.2435 35389
11.2435 35447
11.2438 35505
11.2438 35563
11.2438 35621
11.2438 35679
11.2438 35737
11.2438 35795
11.2438 35852
11.2438 35909
11.2438 35966
11.2438 36023
11.2438 36080
11.2438 36137
11.2441 36194
11.2441 36251
11.2441 36308
11.2441 36365
11.2441 36422
11.2441 36478
11.2441 36534
11.2442 36590
11.2442 36646
11.2442 36702
11.2442 36758
11.2442 36814
11.2444 36870
11.2444 36926
11.2444 36982
11.2445 37038
11.2445 37093
11.2445 37148
11.2445 37203
11.2445 37258
11.2445 37313
11.2445 37368
11.2445 37423
11.2445 37478
11.2448 37533
11.2448 37588
11.2448 37643
11.2448 37698
11.2448 37753
11.2448 37807
11.2448 37861
11.2448 37915
11.2448 37969
11.2448 38023
11.2448 38077
11.2448 38131
11.2449 38185
11.2451 38239
11.2451 38293
11.2451 38347
11.2451 38401
11.2451 38454
11.2451 38507
11.2451 38560
11.2451 38613
11.2452 38666
11.2452 38719
11.2452 38772
11.2452 38825
11.2452 38878
11.2454 38931
11.2454 38984
11.2455 39037
11.2455 39090
11.2455 39143
11.2455 39195
11.2455 39247
11.2455 39299
11.2455 39351
11.2455 39403
11.2455 39455
11.2455 39507
11.2455 39559
11.2458 39611
11.2458 39663
11.2458 39715
11.2458 39767
11.2458 39819
11.2458 39871
11.2458 39923
11.2459 39974
11.2459 40025
11.2459 40076
11.2459 40127
11.2459 40178
11.2459 40229
11.2461 40280
11.2462 40331
11.2462 40382
11.2462 40433
11.2462 40484
11.2462 40535
11.2462 40586
11.2462 40637
11.2462 40688
11.2462 40738
11.2462 40788
11.2462 40838
11.2462 40888
11.2465 40938
11.2465 40988
11.2465 41038
11.2465 41088
11.2465 41138
11.2465 41188
11.2465 41238
11.2465 41288
11.2465 41338
11.2465 41388
11.2465 41438
11.2466 41488
11.2466 41537
11.2466 41586
11.2468 41635
11.2468 41684
11.2468 41733
11.2468 41782
11.2468 41831
11.2468 41880
11.2468 41929
11.2469 41978
11.2469 42027
11.2469 42076
11.2469 42125
11.2469 42174
11.2469 42223
11.2469 42272
11.2471 42321
11.2471 42369
11.2471 42417
11.2472 42465
11.2472 42513
11.2472 42561
11.2472 42609
11.2472 42657
11.2472 42705
11.2472 42753
11.2472 42801
11.2472 42849
11.2472 42897
11.2472 42945
11.2475 42993
11.2475 43041
11.2475 43089
11.2475 43137
11.2475 43185
11.2475 43233
11.2475 43280
11.2475 43327
11.2475 43374
11.2475 43421
11.2475 43468
11.2475 43515
11.2475 43562
11.2476 43609
11.2478 43656
11.2478 43703
11.2478 43750
11.2478 43797
11.2478 43844
11.2478 43891
11.2478 43938
11.2478 43985
11.2478 44032
11.2478 44079
11.2479 44126
11.2479 44172
11.2479 44218
11.2479 44264
11.2479 44310
11.2481 44356
11.2481 44402
11.2481 44448
11.2481 44494
11.2481 44540
11.2481 44586
11.2482 44632
11.2482 44678
11.2482 44724
11.2482 44770
11.2482 44816
11.2482 44862
11.2482 44908
11.2482 44954
11.2482 45000
11.2484 45046
11.2484 45092
11.2485 45137
11.2485 45182
11.2485 45227
11.2485 45272
11.2485 45317
11.2485 45362
11.2485 45407
11.2485 45452
11.2485 45497
11.2485 45542
11.2485 45587
11.2485 45632
11.2485 45677
11.2488 45722
11.2488 45767
11.2488 45812
11.2488 45857
11.2488 45902
11.2488 45947
11.2488 45992
11.2488 46037
11.2488 46082
11.2488 46126
11.2488 46170
11.2488 46214
11.2489 46258
11.2489 46302
11.2489 46346
11.2491 46390
11.2491 46434
11.2491 46478
11.2491 46522
11.2491 46566
11.2491 46610
11.2491 46654
11.2491 46698
11.2492 46742
11.2492 46786
11.2492 46830
11.2492 46874
11.2492 46918
11.2492 46962
11.2492 47006
11.2492 47050
11.2494 47094
11.2494 47138
11.2494 47181
11.2494 47224
11.2494 47267
11.2495 47310
11.2495 47353
11.2495 47396
11.2495 47439
11.2495 47482
11.2495 47525
11.2495 47568
11.2495 47611
11.2495 47654
11.2495 47697
11.2495 47740
11.2498 47783
11.2498 47826
11.2498 47869
11.2498 47912
11.2498 47955
11.2498 47998
11.2498 48041
11.2498 48084
11.2498 48127
11.2498 48170
11.2498 48213
11.2498 48256
11.2499 48298
11.2499 48340
11.2499 48382
11.2499 48424
11.2501 48466
11.2501 48508
11.2501 48550
11.2501 48592
11.2501 48634
11.2501 48676
