1 8880
1.02749 3600
1.23008 4176
1.27968 4672
1.36932 5115
1.43147 5520
1.49481 5895
1.55697 6246
1.59163 6577
1.61971 6892
1.65437 7192
1.71413 7480
1.7733 7757
1.83067 8024
1.88684 8282
1.94301 8532
1.99979 8775
2.05656 9011
2.11393 9241
2.1713 9465
2.25556 3600
2.39121 4176
2.45336 4672
2.51611 5115
2.58005 5520
2.65057 5895
2.71272 6246
2.74858 6577
2.77547 6892
2.83822 7192
2.90037 7480
2.96192 7757
3.02288 8024
3.07965 8282
3.13642 8532
3.19319 8775
3.24937 9011
3.30554 9241
3.36171 9465
3.44538 3600
3.58641 4176
3.64856 4672
3.69458 5115
3.75912 5520
3.82306 5895
3.88939 6246
3.90911 6577
3.98621 6892
4.04357 7192
4.10154 7480
4.15891 7757
4.21449 8024
4.27006 8282
4.32564 8532
4.38241 8775
4.43978 9011
4.49596 9241
4.55273 9465
4.63819 3600
4.77802 4176
4.84017 4672
4.90531 5115
4.97583 5520
5.03798 5895
5.10611 6246
5.12642 6577
5.16885 6892
5.22921 7192
5.28658 7480
5.34395 7757
5.40072 8024
5.4569 8282
5.51307 8532
5.56984 8775
5.62661 9011
5.68339 9241
5.73956 9465
5.82621 3600
5.96784 4176
6.02999 4672
6.09035 5115
6.15489 5520
6.21704 5895
6.27979 6246
6.327 6577
6.38975 6892
6.4519 7192
6.50807 7480
6.56245 7757
6.61743 8024
6.67361 8282
6.73038 8532
6.78894 8775
6.84691 9011
6.90428 9241
6.96165 9465
7.04711 3600
7.18515 4176
7.2473 4672
7.31184 5115
7.38296 5520
7.44571 5895
7.51622 6246
7.53535 6577
7.61064 6892
7.66682 7192
7.72717 7480
7.78574 7757
7.84191 8024
7.89809 8282
7.95546 8532
8.01283 8775
8.0696 9011
8.12697 9241
8.18553 9465
8.27099 3600
8.40904 4176
8.47119 4672
8.53573 5115
8.60086 5520
8.66481 5895
8.73114 6246
8.76281 6577
8.82496 6892
8.8895 7192
8.94687 7480
9.00305 7757
9.05982 8024
9.11659 8282
9.17336 8532
9.22954 8775
9.28452 9011
9.34189 9241
9.39866 9465
9.48352 3600
9.62037 4176
9.68969 4672
9.75363 5115
9.82415 5520
9.8869 5895
9.94905 6246
9.99327 6577
10.0506 6892
10.1092 7192
10.1666 7480
10.2222 7757
10.2795 8024
10.3375 8282
10.3937 8532
10.451 8775
10.5084 9011
10.5664 9241
10.6231 9465
10.7068 3600
10.8341 4176
10.8992 4672
10.9632 5115
11.0755 5520
11.1392 5895
11.2014 6246
11.2337 6577
11.2642 6892
11.2977 7192
11.3575 7480
11.416 7757
11.4716 8024
11.5284 8282
11.584 8532
11.6425 8775
11.6999 9011
11.7585 9241
11.8158 9465
11.9013 3600
12.0381 4176
12.1003 4672
12.1648 5115
12.2282 5520
12.2909 5895
12.3531 6246
12.4224 6577
12.4851 6892
12.5413 7192
12.5981 7480
12.6537 7757
12.7086 8024
12.7648 8282
12.8216 8532
12.8778 8775
12.9357 9011
12.9937 9241
13.0505 9465
13.1365 3600
13.2644 4176
13.3397 4672
13.4072 5115
13.4694 5520
13.5315 5895
13.5937 6246
13.6248 6577
13.6564 6892
13.718 7192
13.7742 7480
13.8315 7757
13.8877 8024
13.9439 8282
14.0007 8532
14.0562 8775
14.1124 9011
14.1704 9241
14.2271 9465
14.312 3600
14.4453 4176
14.5122 4672
14.5743 5115
14.6461 5520
14.7094 5895
14.7716 6246
14.7979 6577
14.8343 6892
14.8941 7192
14.955 7480
15.013 7757
15.0692 8024
15.1253 8282
15.1833 8532
15.2395 8775
15.2957 9011
15.35 9241
15.408 9465
15.4923 3600
15.6231 4176
15.6919 4672
15.757 5115
15.8263 5520
15.8885 5895
15.9506 6246
15.9799 6577
16.0134 6892
16.0731 7192
16.1341 7480
16.1926 7757
16.2488 8024
16.305 8282
16.3606 8532
16.4173 8775
16.4735 9011
16.5297 9241
16.5877 9465
16.6719 3600
16.8076 4176
16.8697 4672
16.9343 5115
16.997 5520
17.061 5895
17.1243 6246
17.1536 6577
17.1871 6892
17.2492 7192
17.3114 7480
17.3717 7757
17.4297 8024
17.4853 8282
17.5408 8532
17.597 8775
17.6532 9011
17.7105 9241
17.7691 9465
17.8564 3600
17.9902 4176
18.0524 4672
18.1175 5115
18.1797 5520
18.2418 5895
18.304 6246
18.341 6577
18.4026 6892
18.4617 7192
18.5173 7480
18.5765 7757
18.6326 8024
18.6888 8282
18.7456 8532
18.8018 8775
18.8591 9011
18.9177 9241
18.9739 9465
19.0581 3600
19.1974 4176
19.2595 4672
19.333 5115
19.3952 5520
19.4669 5895
19.5302 6246
19.5655 6577
19.6241 6892
19.6832 7192
19.7412 7480
19.7974 7757
19.8529 8024
19.9103 8282
19.9671 8532
20.0233 8775
20.0818 9011
20.138 9241
20.1942 9465
20.2784 3600
20.4153 4176
20.4792 4672
20.5551 5115
20.6173 5520
20.68 5895
20.7422 6246
20.775 6577
20.8049 6892
20.8384 7192
20.8963 7480
20.9537 7757
21.0093 8024
21.0661 8282
21.124 8532
21.1814 8775
21.2388 9011
21.2955 9241
21.3529 9465
21.4372 3600
21.5776 4176
21.6398 4672
21.7025 5115
21.7671 5520
21.8298 5895
21.8925 6246
21.9218 6577
21.9565 6892
