1 0.001
3.8186 0.025875
4.82005 0.0227656
4.82109 0.0200449
4.8216 0.0176643
4.82208 0.0155813
4.82256 0.0137586
4.82306 0.0121638
4.82306 0.0107683
4.82409 0.00954727
4.82551 0.00847886
4.82646 0.007544
4.82698 0.006726
4.8275 0.00601025
4.82801 0.00550897
4.82801 0.00494535
4.82943 0.00445218
4.82943 0.00402065
4.82992 0.00364307
4.83043 0.00331269
4.83043 0.0030236
4.83043 0.00277065
4.83146 0.00254932
4.83146 0.00235565
4.83147 0.0021862
4.83193 0.00203792
4.83241 0.00190818
4.83241 0.00179466
4.83241 0.00169532
4.83292 0.00160841
4.83443 0.00153236
4.83488 0.00146581
4.83534 0.00140759
4.83535 0.00135664
4.83634 0.00131206
4.83634 0.00127305
4.83686 0.00123892
4.83738 0.00120905
4.83738 0.00118292
4.83738 0.00116005
4.83826 0.00114005
4.83826 0.00112254
4.83827 0.00110722
4.83919 0.00109382
4.83919 0.00108209
4.83919 0.00107183
4.83969 0.00106285
4.84121 0.00105499
4.8417 0.00104812
4.84221 0.0010421
4.84222 0.00103684
4.84325 0.00103224
4.84325 0.0010282
4.84373 0.00102468
4.84424 0.00102159
4.84424 0.00101889
4.84424 0.00101653
4.84628 0.00101446
4.8468 0.00101266
4.84729 0.00101107
4.84774 0.00100969
4.84822 0.00100848
4.84822 0.00100742
4.84923 0.00100649
4.84923 0.00100568
4.84975 0.00100497
4.85027 0.00100435
4.85027 0.0010038
4.85075 0.00100333
4.85212 0.00100291
4.85263 0.00100255
4.85315 0.00100223
4.85367 0.00100195
4.85416 0.0010017
4.85613 0.00100149
4.85716 0.0010013
4.85762 0.00100114
4.85806 0.001001
4.85806 0.00100087
4.85903 0.00100076
4.85903 0.00100067
4.86006 0.00100058
4.86007 0.00100051
4.86059 0.00100045
4.8635 0.00100039
4.86401 0.00112534
4.86454 0.00110967
4.86504 0.00109596
4.86638 0.00108397
4.86736 0.00107347
4.86788 0.00106429
4.8684 0.00105625
4.86892 0.00104922
4.8694 0.00104307
4.8694 0.00103768
4.87041 0.00103297
4.87041 0.00102885
4.87093 0.00102524
4.87145 0.00102209
4.87145 0.00101932
4.87195 0.00101691
4.87345 0.00101479
4.87397 0.00101294
4.87449 0.00101133
4.87499 0.00100991
4.87551 0.00100867
4.87551 0.00100759
4.87602 0.00100664
4.87602 0.00100581
4.87746 0.00100508
4.87747 0.00100445
4.87747 0.00100389
4.8785 0.0010034
4.8785 0.00100298
4.8785 0.0010026
4.87902 0.00112728
4.87902 0.00111137
4.87902 0.00109745
4.87951 0.00108527
4.88003 0.00107461
4.88003 0.00106528
4.88003 0.00105712
4.88004 0.00104998
4.88106 0.00104373
4.88107 0.00103827
4.88107 0.00103348
4.88107 0.00102929
4.88157 0.00102563
4.88209 0.00102243
4.88209 0.00101962
4.88209 0.00101717
4.8821 0.00101502
4.8826 0.00101315
4.88312 0.0010115
4.88312 0.00101006
4.88312 0.00100881
4.88313 0.00100771
4.88313 0.00100674
4.88409 0.0010059
4.88409 0.00100516
4.88409 0.00100452
4.88409 0.00100395
4.8841 0.00100346
4.88458 0.00100302
4.8851 0.00100265
4.88511 0.00100231
4.88511 0.00100202
4.88511 0.00100177
4.88511 0.00100155
4.88512 0.00100135
4.88613 0.00100118
4.88613 0.00100104
4.88613 0.00100091
4.88614 0.00100079
4.88614 0.00100069
4.88614 0.00100061
4.88659 0.00100053
4.88706 0.00100046
4.88706 0.00100041
4.88707 0.00100035
4.88707 0.00100031
4.88707 0.00100027
4.88707 0.00100024
4.88708 0.00100021
4.8881 0.00100018
4.8881 0.00100016
4.8891 0.00100014
4.88911 0.00100012
4.88911 0.0010001
4.88957 0.00100009
4.89006 0.00100008
4.89006 0.00100007
4.89007 0.00100006
4.89057 0.00100005
4.89206 0.00100004
4.89252 0.00100004
4.89302 0.00100003
4.89303 0.00100003
4.89406 0.00100002
4.89406 0.00100002
4.89458 0.00100002
4.89508 0.00100001
4.89508 0.00100001
4.89508 0.00100001
4.89601 0.00100001
4.89601 0.00100001
4.89602 0.00100001
4.89752 0.001
4.89752 0.001
4.89752 0.001
4.89945 0.001
4.89945 0.001
4.90044 0.001
5.01701 0.001125
5.01701 0.00110937
5.01702 0.0010957
5.01752 0.00108374
5.018 0.00107327
5.01801 0.00106411
5.01801 0.0010561
5.01801 0.00104908
5.01941 0.00104295
5.01941 0.00103758
5.01941 0.00103288
5.01941 0.00102877
5.01942 0.00102517
5.02045 0.00102203
5.02045 0.00101927
5.02045 0.00101686
5.02046 0.00101475
5.02046 0.00101291
5.02147 0.0010113
5.02147 0.00100988
5.02147 0.00100865
5.02148 0.00100757
5.02148 0.00100662
5.02197 0.00100579
5.02249 0.00100507
5.02249 0.00100443
5.0225 0.00100388
5.0225 0.00100339
5.0225 0.00100297
5.02301 0.0011276
5.02444 0.00111165
5.02444 0.00109769
5.02444 0.00108548
5.02539 0.00107479
5.02539 0.00106544
5.02539 0.00105726
5.0259 0.0010501
5.02642 0.00104384
5.02642 0.00103836
5.02737 0.00103356
5.02782 0.00102937
5.02829 0.0010257
5.0283 0.00102248
5.02932 0.00101967
5.02932 0.00101721
5.02984 0.00101506
5.03036 0.00101318
5.03036 0.00101153
5.03084 0.00101009
5.03232 0.00100883
5.03283 0.00100772
5.03335 0.00100676
5.03384 0.00100591
5.03432 0.00100517
5.03432 0.00100453
5.03531 0.00100396
5.03532 0.00100347
5.03583 0.00100303
5.03634 0.00100265
5.03635 0.00100232
5.03635 0.00100203
5.03731 0.00100178
5.03731 0.00100155
5.03731 0.00100136
5.03777 0.00100119
5.03826 0.00100104
5.03826 0.00100091
5.03827 0.0010008
5.03878 0.0010007
5.0393 0.00100061
5.0393 0.00100053
5.0393 0.00100046
5.03931 0.00100041
5.04031 0.00100036
5.04031 0.00100031
5.04032 0.00100027
5.04032 0.00100024
5.04081 0.00100021
5.04133 0.00100018
5.04134 0.00100016
5.04234 0.00100014
5.04234 0.00100012
5.04331 0.00100011
5.04331 0.00100009
5.04383 0.00100008
5.04435 0.00100007
5.04435 0.00100006
5.04627 0.00100005
5.04679 0.00100004
5.04731 0.00100004
5.04782 0.00100003
5.04829 0.00100003
5.04829 0.00100002
5.04926 0.00100002
5.04927 0.00100002
5.04978 0.00100001
5.0503 0.00100001
5.05031 0.00100001
5.05031 0.00100001
5.05127 0.00100001
5.05127 0.00100001
5.05128 0.001
5.05173 0.001
5.05222 0.001
5.05222 0.001
5.05223 0.001
5.05274 0.001
5.09303 0.001125
5.09303 0.00110937
5.09303 0.0010957
5.09303 0.00108374
5.09403 0.00107327
5.09403 0.00106411
5.09403 0.0010561
5.09404 0.00104908
5.09454 0.00104295
5.09505 0.00103758
5.09506 0.00103288
5.09506 0.00102877
5.09506 0.00102517
5.09557 0.00102203
5.09702 0.00101927
5.09703 0.00101686
5.09753 0.00101475
5.09805 0.00101291
5.09805 0.0010113
5.09854 0.00100988
5.09903 0.00100865
5.09903 0.00100757
5.09903 0.00100662
5.10006 0.00100579
5.10006 0.00100507
5.10006 0.00100443
5.10057 0.00100388
5.101 0.00100339
5.10143 0.00100297
5.10143 0.0010026
5.10143 0.00100227
5.10236 0.00100199
5.10237 0.00100174
5.10237 0.00100152
5.10237 0.00100133
5.10285 0.00100116
5.10337 0.00100102
5.10337 0.00100089
5.10337 0.00100078
5.10337 0.00100068
5.10338 0.00100059
5.10439 0.00100052
5.10439 0.00100045
5.10439 0.0010004
5.1044 0.00100035
5.1044 0.0010003
5.10481 0.00100026
5.10524 0.00100023
5.10525 0.0010002
5.10525 0.00100018
5.10525 0.00100015
5.10525 0.00100013
5.10526 0.00100012
5.10617 0.0010001
5.10618 0.00100009
5.10618 0.00100008
5.10618 0.00100007
5.10618 0.00100006
5.10619 0.00100005
5.10668 0.00100004
5.1072 0.00100004
5.1072 0.00100003
5.10721 0.00100003
5.10721 0.00100002
5.10721 0.00100002
5.10721 0.00100002
5.10822 0.00100001
5.10867 0.00100001
5.10915 0.00100001
5.10915 0.00100001
5.10915 0.00100001
5.10965 0.00100001
5.11017 0.001
5.11017 0.001
5.11017 0.001
5.11017 0.001
5.11119 0.001
5.11119 0.001
5.36606 0.026
5.36903 0.022875
5.37008 0.0201406
5.37203 0.017748
5.37305 0.0156545
5.37508 0.0138227
5.37612 0.0122199
5.37658 0.0108174
5.377 0.00959022
5.37744 0.00851644
5.37843 0.00757689
5.37843 0.00675478
5.37947 0.00603543
5.37947 0.005406
5.37996 0.00485525
5.38045 0.00437334
5.38045 0.00395167
5.38046 0.00358271
5.38147 0.00325987
5.38148 0.00297739
5.38148 0.00273021
5.382 0.00251394
5.38251 0.00232469
5.38252 0.00215911
5.38252 0.00201422
5.38252 0.00188744
5.38304 0.00177651
5.38304 0.00167945
5.38304 0.00159451
5.38304 0.0015202
5.38404 0.00145517
5.38404 0.00139828
5.38404 0.00134849
5.38404 0.00130493
5.38455 0.00126681
5.38507 0.00123346
5.38507 0.00120428
5.38608 0.00117874
5.38609 0.0011564
5.38704 0.00113685
5.38704 0.00111974
5.38756 0.00110477
5.38808 0.00109168
5.38808 0.00108022
5.38808 0.00107019
5.3891 0.00106142
5.3891 0.00105374
5.38911 0.00104702
5.38958 0.00104114
5.39004 0.001036
5.39004 0.0010315
5.39004 0.00102756
5.39053 0.00102412
5.39103 0.0010211
5.39103 0.00101846
5.39103 0.00101615
5.39104 0.00101413
5.39207 0.00101237
5.39207 0.00101082
5.39207 0.00100947
5.39208 0.00100829
5.39256 0.00100725
5.39302 0.00100634
5.39302 0.00100555
5.39302 0.00100486
5.39303 0.00100425
5.39303 0.00100372
5.39401 0.00100325
5.39401 0.00100285
5.39401 0.00100249
5.39401 0.00100218
5.39402 0.0010019
5.39452 0.00100167
5.39505 0.00100146
5.39505 0.00100127
5.39505 0.00100111
5.39608 0.00100097
5.39609 0.00100085
5.39659 0.00100074
5.39709 0.00100065
5.39709 0.00100057
5.39709 0.0010005
5.39808 0.00100043
5.39808 0.00100038
5.39809 0.00100033
5.3986 0.00100029
5.39912 0.00100025
5.39912 0.00100022
5.39912 0.00100019
5.39913 0.00100017
5.40006 0.00100015
5.40006 0.00100013
5.40006 0.00100011
5.40006 0.0010001
5.40054 0.00100008
5.40106 0.00100007
5.40106 0.00100006
5.40106 0.00100006
5.40106 0.00100005
5.40158 0.00100004
5.40309 0.00100004
5.40309 0.00100003
5.40361 0.00100003
5.40413 0.00100002
5.40413 0.00100002
5.40465 0.00100002
5.40615 0.00100001
5.40865 0.00100001
5.40917 0.00100001
5.41017 0.00100001
5.4106 0.00100001
5.41105 0.00100001
5.41105 0.001
5.41204 0.001
5.41204 0.001
5.41307 0.001
5.41308 0.001
5.41357 0.001
5.48203 0.001125
5.48254 0.00110937
5.48302 0.0010957
5.48302 0.00108374
5.48404 0.00107327
5.48404 0.00106411
5.48506 0.0010561
5.48506 0.00104908
5.48555 0.00104295
5.48606 0.00103758
5.48607 0.00103288
5.48607 0.00102877
5.48711 0.00102517
5.48711 0.00102203
5.48711 0.00101927
5.48763 0.00101686
5.48811 0.00101475
5.48811 0.00101291
5.48811 0.0010113
5.48812 0.00100988
5.48912 0.00100865
5.48912 0.00100757
5.48912 0.00100662
5.48913 0.00100579
5.48964 0.00100507
5.49013 0.00100443
5.49014 0.00100388
5.49014 0.00100339
5.49014 0.00100297
5.49061 0.0010026
5.4911 0.00100227
5.4911 0.00100199
5.49111 0.00100174
5.49111 0.00100152
5.49111 0.00100133
5.49312 0.00100116
5.49312 0.00100102
5.49359 0.00100089
5.49408 0.00100078
5.49409 0.00100068
5.49409 0.00100059
5.49512 0.00100052
5.49512 0.00100045
5.49513 0.0010004
5.49563 0.00100035
5.49614 0.0010003
5.49614 0.00100026
5.49614 0.00100023
5.49665 0.0010002
5.49717 0.00100018
5.49717 0.00100015
5.49718 0.00100013
5.49718 0.00100012
5.4991 0.0010001
5.49911 0.00100009
5.50007 0.00100008
5.50007 0.00100007
5.50058 0.00100006
5.5011 0.00100005
5.5011 0.00100004
5.50111 0.00100004
5.50205 0.00100003
5.50205 0.00100003
5.50206 0.00100002
5.50247 0.00100002
5.50336 0.00100002
5.50336 0.00100001
5.50337 0.00100001
5.50337 0.00100001
5.50435 0.00100001
5.50435 0.00100001
5.50436 0.00100001
5.50436 0.001
5.50487 0.001
5.50537 0.001
5.50537 0.001
5.50538 0.001
5.50538 0.001
5.53902 0.001125
5.53902 0.00110937
5.53902 0.0010957
5.53902 0.00108374
5.53903 0.00107327
5.53903 0.00106411
5.53903 0.0010561
5.53903 0.00104908
5.53904 0.00104295
5.53904 0.00103758
5.53953 0.00103288
5.54003 0.00102877
5.54003 0.00102517
5.54004 0.00102203
5.54004 0.00101927
5.54004 0.00101686
5.54004 0.00101475
5.54005 0.00101291
5.54005 0.0010113
5.54005 0.00100988
5.54005 0.00100865
5.54005 0.00100757
5.54107 0.00100662
5.54108 0.00100579
5.54108 0.00100507
5.54108 0.00100443
5.54108 0.00100388
5.54109 0.00100339
5.54109 0.00100297
5.54109 0.0010026
5.54109 0.00100227
5.5411 0.00100199
5.5411 0.00100174
5.54157 0.00100152
5.54205 0.00100133
5.54205 0.00100116
5.54206 0.00100102
5.54206 0.00100089
5.54206 0.00100078
5.54206 0.00100068
5.54206 0.00100059
5.54207 0.00100052
5.54207 0.00100045
5.54207 0.0010004
5.54207 0.00100035
5.54208 0.0010003
5.54307 0.00100026
5.54307 0.00100023
5.54308 0.0010002
5.54308 0.00100018
5.54308 0.00100015
5.54308 0.00100013
5.54457 0.00100012
5.54508 0.0010001
5.54508 0.00100009
5.54509 0.00100008
5.54509 0.00100007
5.54509 0.00100006
5.54509 0.00100005
5.54612 0.00100004
5.54612 0.00100004
5.54612 0.00100003
5.54612 0.00100003
5.54613 0.00100002
5.54613 0.00100002
5.54659 0.00100002
5.54702 0.00100001
5.54702 0.00100001
5.54702 0.00100001
5.54703 0.00100001
5.54703 0.00100001
5.54703 0.00100001
5.54703 0.001
5.54847 0.001
5.54847 0.001
5.54847 0.001
5.54847 0.001
5.54848 0.001
5.55302 0.001125
5.55302 0.00110937
5.55302 0.0010957
5.55302 0.00108374
5.55303 0.00107327
5.55448 0.00106411
5.55448 0.0010561
5.55448 0.00104908
5.55449 0.00104295
5.55449 0.00103758
5.555 0.00115788
5.555 0.00113815
5.55501 0.00112088
5.55501 0.00110577
5.55501 0.00109255
5.55552 0.00108098
5.55702 0.00107085
5.55702 0.001062
5.55702 0.00105425
5.55805 0.00104747
5.55805 0.00104153
5.55805 0.00103634
5.55902 0.0010318
5.55903 0.00102782
5.55903 0.00102434
5.5595 0.0010213
5.56001 0.00101864
5.56001 0.00101631
5.56001 0.00101427
5.56002 0.00101249
5.56105 0.00101092
5.56105 0.00100956
5.56105 0.00100836
5.56106 0.00100732
5.56152 0.0010064
5.56244 0.0010056
5.56244 0.0010049
5.56244 0.00100429
5.56245 0.00100375
5.56245 0.00100328
5.56345 0.00100287
5.56345 0.00100251
5.56345 0.0010022
5.56346 0.00100192
5.56346 0.00100168
5.56397 0.00100147
5.565 0.00100129
5.56548 0.00100113
5.56548 0.00100099
5.56646 0.00100086
5.56646 0.00100075
5.56647 0.00100066
5.5675 0.00100058
5.5675 0.0010005
5.56751 0.00100044
5.56801 0.00112539
5.56801 0.00110971
5.56802 0.001096
5.56851 0.001084
5.56903 0.0010735
5.56903 0.00106431
5.56903 0.00105627
5.56904 0.00104924
5.57007 0.00104308
5.57007 0.00103769
5.57007 0.00103298
5.57008 0.00102886
5.57055 0.00102525
5.57101 0.00102209
5.57101 0.00101933
5.57101 0.00101692
5.57102 0.0010148
5.57102 0.00101295
5.5725 0.00101133
5.5725 0.00100991
5.57251 0.00100867
5.57251 0.00100759
5.57251 0.00100664
5.57302 0.00113081
5.57302 0.00111446
5.57303 0.00110015
5.57402 0.00108763
5.57402 0.00107668
5.57447 0.00106709
5.57544 0.00105871
5.57544 0.00105137
5.57545 0.00104495
5.57648 0.00103933
5.57648 0.00103441
5.57649 0.00103011
5.57698 0.00102634
5.57743 0.00102305
5.57743 0.00102017
5.57744 0.00101765
5.57744 0.00101544
5.57833 0.00101351
5.57834 0.00101182
5.57834 0.00101034
5.57835 0.00100905
5.57882 0.00100792
5.57934 0.00100693
5.57934 0.00100606
5.57935 0.0010053
5.57935 0.00100464
5.57935 0.00100406
5.58036 0.00100355
5.58036 0.00100311
5.58037 0.00100272
5.58037 0.00100238
5.58037 0.00100208
5.58082 0.00100182
5.58122 0.00100159
5.58123 0.00100139
5.58123 0.00100122
5.58123 0.00100106
5.58124 0.00100093
5.58124 0.00100081
5.58207 0.00100071
5.58207 0.00100062
5.58207 0.00100055
5.58208 0.00100048
5.58208 0.00100042
5.58208 0.00100036
5.58252 0.00100032
5.583 0.00100028
5.58301 0.00100024
5.58301 0.00100021
5.58302 0.00100019
5.58302 0.00100016
5.58302 0.00100014
5.58353 0.00100012
5.58501 0.00100011
5.58502 0.00100009
5.58502 0.00100008
5.5855 0.00100007
5.58602 0.00100006
5.58603 0.00100005
5.58603 0.00100005
5.58654 0.00100004
5.58835 0.00100004
5.58835 0.00100003
5.58926 0.00100003
5.58927 0.00100002
5.58977 0.00100002
5.59029 0.00100002
5.59029 0.00100001
5.59029 0.00100001
5.59131 0.00100001
5.59131 0.00100001
5.59131 0.00100001
5.59221 0.00100001
5.59221 0.001
5.59222 0.001
5.5927 0.001
5.59319 0.001
5.59319 0.001
5.5932 0.001
5.736 0.001125
5.736 0.00110937
5.73601 0.0010957
5.73601 0.00108374
5.73601 0.00107327
5.73601 0.00106411
5.7365 0.0010561
5.737 0.00104908
5.737 0.00104295
5.73701 0.00103758
5.73701 0.00103288
5.73752 0.00102877
5.73752 0.00102517
5.73752 0.00102203
5.73802 0.00101927
5.73803 0.00101686
5.73803 0.00101475
5.73803 0.00101291
5.73803 0.0010113
5.73804 0.00100988
5.73804 0.00100865
5.73848 0.00100757
5.73939 0.00100662
5.73939 0.00100579
5.73939 0.00100507
5.73939 0.00100443
5.7394 0.00100388
5.7394 0.00100339
5.7394 0.00100297
5.7394 0.0010026
5.7404 0.00100227
5.74041 0.00100199
5.74041 0.00100174
5.74041 0.00100152
5.74041 0.00100133
5.74042 0.00100116
5.74042 0.00100102
5.74042 0.00100089
5.74092 0.00100078
5.74145 0.00100068
5.74243 0.00100059
5.74244 0.00100052
5.74244 0.00100045
5.74244 0.0010004
5.74447 0.00100035
5.74447 0.0010003
5.74547 0.00100026
5.74547 0.00100023
5.74599 0.0010002
5.7465 0.00100018
5.7465 0.00100015
5.7465 0.00100013
5.74702 0.00100012
5.74702 0.0010001
5.74702 0.00100009
5.74804 0.00100008
5.74804 0.00100007
5.74804 0.00100006
5.7485 0.00100005
5.74944 0.00100004
5.74945 0.00100004
5.74945 0.00100003
5.74945 0.00100003
5.75048 0.00100002
5.75048 0.00100002
5.75048 0.00100002
5.75048 0.00100001
5.75099 0.00100001
5.75146 0.00100001
5.75147 0.00100001
5.75147 0.00100001
5.75147 0.00100001
5.75147 0.001
5.7524 0.001
5.7524 0.001
5.75241 0.001
5.75241 0.001
5.75241 0.001
5.75801 0.001125
5.75853 0.00110937
5.75905 0.0010957
5.75905 0.00108374
5.76009 0.00107327
5.76211 0.00106411
5.96263 0.0259311
6.16514 0.0478147
6.16769 0.0419629
6.16821 0.0368425
6.16917 0.0323622
6.16964 0.0284419
6.17014 0.0250117
6.17014 0.0220102
6.17117 0.0193839
6.17117 0.0170859
6.17207 0.0150752
6.17207 0.0133158
6.17255 0.0117763
6.17308 0.0104293
6.17308 0.00925063
6.17308 0.0082193
6.17412 0.00731688
6.17412 0.00652727
6.17412 0.00583636
6.1746 0.00523182
6.17509 0.00470284
6.1751 0.00423998
6.1751 0.00383499
6.1751 0.00348061
6.17613 0.00317053
6.17613 0.00289922
6.17613 0.00266182
6.17614 0.00245409
6.17665 0.00227233
6.17717 0.00211329
6.17717 0.00197413
6.17717 0.00185236
6.17718 0.00174581
6.17768 0.00165259
6.17818 0.00157101
6.17818 0.00149964
6.17818 0.00143718
6.17819 0.00138253
6.17819 0.00133472
6.17915 0.00129288
6.17915 0.00125627
6.17915 0.00122423
6.17916 0.0011962
6.17916 0.00117168
6.17967 0.00115022
6.18115 0.00113144
6.18115 0.00111501
6.18164 0.00110063
6.18216 0.00108805
6.18217 0.00107705
6.18217 0.00106741
6.18319 0.00105899
6.18319 0.00105161
6.1832 0.00104516
6.18369 0.00103952
6.18421 0.00103458
6.18421 0.00103025
6.18421 0.00102647
6.18421 0.00102316
6.18523 0.00102027
6.18523 0.00101773
6.18523 0.00101552
6.18524 0.00101358
6.18572 0.00101188
6.18621 0.00101039
6.18621 0.00100909
6.18622 0.00100796
6.18622 0.00100696
6.18622 0.00100609
6.18726 0.00100533
6.18726 0.00100466
6.18726 0.00100408
6.18726 0.00100357
6.18727 0.00100312
6.18819 0.00100273
6.18819 0.00100239
6.18819 0.00100209
6.18819 0.00100183
6.1882 0.0010016
6.18863 0.0010014
6.18908 0.00100122
6.18908 0.00100107
6.18908 0.00100094
6.18909 0.00100082
6.18909 0.00100072
6.18909 0.00100063
6.19005 0.00100055
6.19005 0.00100048
6.19006 0.00100042
6.19006 0.00100037
6.19006 0.00100032
6.19006 0.00100028
6.19057 0.00100024
6.192 0.00100021
6.192 0.00100019
6.19201 0.00100016
6.19351 0.00100014
6.19351 0.00100012
6.19351 0.00100011
6.19352 0.00100009
6.19403 0.00100008
6.19403 0.00100007
6.19403 0.00100006
6.19404 0.00100005
6.19549 0.00100005
6.19549 0.00100004
6.1955 0.00100004
6.1955 0.00100003
6.19601 0.00112503
6.19601 0.0011094
6.19602 0.00109572
6.19705 0.00108376
6.19705 0.00107329
6.19807 0.00106412
6.19807 0.00105611
6.19859 0.00104909
6.19911 0.00104296
6.19911 0.00103759
6.20117 0.00103289
6.20167 0.00102878
6.20212 0.00102518
6.20257 0.00102203
6.20306 0.00101928
6.20306 0.00101687
6.2041 0.00101476
6.2041 0.00101291
6.20462 0.0010113
6.20509 0.00100988
6.2051 0.00100865
6.2051 0.00100757
6.20603 0.00100662
6.20603 0.00100579
6.20603 0.00100507
6.2065 0.00100443
6.207 0.00100388
6.20701 0.00100339
6.20701 0.00100297
6.20753 0.0010026
6.20935 0.00100227
6.20935 0.00100199
6.21029 0.00100174
6.2103 0.00100152
6.21133 0.00100133
6.21133 0.00100116
6.21185 0.00100102
6.21234 0.00100089
6.21325 0.00100078
6.21427 0.00100068
6.21479 0.00100059
6.2153 0.00100052
6.2153 0.00100045
6.21634 0.0010004
6.21634 0.00100035
6.21735 0.0010003
6.21735 0.00100026
6.21783 0.00100023
6.21833 0.0010002
6.21833 0.00100018
6.21833 0.00100015
6.21935 0.00100013
6.21936 0.00100012
6.21936 0.0010001
6.21987 0.00100009
6.22036 0.00100008
6.22036 0.00100007
6.22036 0.00100006
6.22036 0.00100005
6.22132 0.00100004
6.22133 0.00100004
6.22133 0.00100003
6.22133 0.00100003
6.22184 0.00100002
6.22236 0.00100002
6.22237 0.00100002
6.22237 0.00100001
6.22237 0.00100001
6.22288 0.00100001
6.22337 0.00100001
6.22337 0.00100001
6.22337 0.00100001
6.22337 0.001
6.22338 0.001
6.2243 0.001
6.2243 0.001
6.2243 0.001
6.22431 0.001
6.58201 0.001125
6.58201 0.00110937
6.58202 0.0010957
6.58202 0.00108374
6.58202 0.00107327
6.58252 0.00106411
6.58343 0.0010561
6.58343 0.00104908
6.58344 0.00104295
6.58344 0.00103758
6.58344 0.00103288
6.58344 0.00102877
6.58391 0.00102517
6.58441 0.00102203
6.58441 0.00101927
6.58441 0.00101686
6.58441 0.00101475
6.58442 0.00101291
6.58442 0.0010113
6.58442 0.00100988
6.58544 0.00100865
6.58545 0.00100757
6.58545 0.00100662
6.58545 0.00100579
6.58545 0.00100507
6.58545 0.00100443
6.58546 0.00100388
6.58596 0.00100339
6.58648 0.00100297
6.58648 0.0010026
6.58648 0.00100227
6.58649 0.00100199
6.58649 0.00100174
6.58649 0.00100152
6.58649 0.00100133
6.587 0.00100116
6.587 0.00100102
6.587 0.00100089
6.58701 0.00100078
6.58701 0.00100068
6.58701 0.00100059
6.58701 0.00100052
6.58702 0.00100045
6.5875 0.0010004
6.58801 0.00100035
6.58801 0.0010003
6.58801 0.00100026
6.58802 0.00100023
6.58802 0.0010002
6.58802 0.00100018
6.58802 0.00100015
6.58803 0.00100013
6.58853 0.00100012
6.58905 0.0010001
6.58905 0.00100009
6.58905 0.00100008
6.58905 0.00100007
6.58906 0.00100006
6.58906 0.00100005
6.58906 0.00100004
6.58906 0.00100004
6.58906 0.00100003
6.59002 0.00100003
6.59002 0.00100002
6.59002 0.00100002
6.59003 0.00100002
6.59003 0.00100001
6.59003 0.00100001
6.59003 0.00100001
6.59004 0.00100001
6.59004 0.00100001
6.59048 0.00100001
6.5915 0.001
6.5915 0.001
6.5915 0.001
6.5915 0.001
6.5915 0.001
6.59151 0.001
6.61601 0.001125
6.61602 0.00110937
6.61602 0.0010957
6.61652 0.00108374
6.61703 0.00107327
6.61703 0.00106411
6.61703 0.0010561
6.61703 0.00104908
6.61804 0.00104295
6.61805 0.00103758
6.61805 0.00103288
6.61805 0.00102877
6.61852 0.00102517
6.61948 0.00102203
6.61949 0.00101927
6.61949 0.00101686
6.61949 0.00101475
6.61949 0.00101291
6.62 0.0010113
6.62001 0.00100988
6.62001 0.00100865
6.62001 0.00100757
6.62001 0.00100662
6.62103 0.00100579
6.62103 0.00100507
6.62104 0.00100443
6.62104 0.00100388
6.62104 0.00100339
6.62153 0.00100297
6.62203 0.0010026
6.62203 0.00100227
6.62203 0.00100199
6.62204 0.00100174
6.62204 0.00100152
6.62204 0.00100133
6.62306 0.00100116
6.62306 0.00100102
6.62306 0.00100089
6.62306 0.00100078
6.62306 0.00100068
6.62307 0.00100059
6.62355 0.00100052
6.62406 0.00100045
6.62406 0.0010004
6.62407 0.00100035
6.62407 0.0010003
6.62407 0.00100026
6.62407 0.00100023
6.62408 0.0010002
6.62509 0.00100018
6.62509 0.00100015
6.62509 0.00100013
6.62509 0.00100012
6.6251 0.0010001
6.6251 0.00100009
6.6251 0.00100008
6.62558 0.00100007
6.6261 0.00100006
6.6261 0.00100005
6.62759 0.00100004
6.62807 0.00100004
6.62807 0.00100003
6.62807 0.00100003
6.62807 0.00100002
6.62911 0.00100002
6.62911 0.00100002
6.62911 0.00100001
6.62912 0.00100001
6.6301 0.00100001
6.6301 0.00100001
6.6301 0.00100001
6.6301 0.00100001
6.63057 0.001
6.63108 0.001
6.63108 0.001
6.63108 0.001
6.63109 0.001
6.63109 0.001
6.68101 0.001125
6.68152 0.00110937
6.68204 0.0010957
6.68204 0.00108374
6.68305 0.00107327
6.68305 0.00106411
6.68406 0.0010561
6.68407 0.00104908
6.68453 0.00104295
6.6854 0.00103758
6.68541 0.00103288
6.68541 0.00102877
6.68588 0.00102517
6.68637 0.00102203
6.68637 0.00101927
6.68637 0.00101686
6.68687 0.00101475
6.68837 0.00101291
6.68883 0.0010113
6.68932 0.00100988
6.68932 0.00100865
6.69035 0.00100757
6.69171 0.00100662
6.69213 0.00100579
6.69304 0.00100507
6.69352 0.00100443
6.69404 0.00100388
6.69404 0.00100339
6.69507 0.00100297
6.69507 0.0010026
6.69603 0.00100227
6.69603 0.00100199
6.69654 0.00100174
6.69706 0.00100152
6.69707 0.00100133
6.69707 0.00100116
6.69806 0.00100102
6.69806 0.00100089
6.69807 0.00100078
6.69851 0.00100068
6.699 0.00100059
6.6995 0.00100052
6.69951 0.00100045
6.69951 0.0010004
6.70002 0.00100035
6.70003 0.0010003
6.70003 0.00100026
6.70003 0.00100023
6.70054 0.0010002
6.70101 0.00100018
6.70102 0.00100015
6.70102 0.00100013
6.70102 0.00100012
6.70148 0.0010001
6.7025 0.00100009
6.7025 0.00100008
6.70439 0.00100007
6.70439 0.00100006
6.70487 0.00100005
6.70536 0.00100004
6.70537 0.00100004
6.70537 0.00100003
6.7064 0.00100003
6.7064 0.00100002
6.7064 0.00100002
6.70691 0.00100002
6.7074 0.00100001
6.7074 0.00100001
6.70741 0.00100001
6.70741 0.00100001
6.70945 0.00100001
6.70945 0.00100001
6.71048 0.001
6.71048 0.001
6.71138 0.001
6.71138 0.001
6.71184 0.001
6.71231 0.001
7.96866 0.025875
7.96917 0.0227656
7.97019 0.0200449
7.97108 0.0176643
7.97154 0.0155813
7.97202 0.0137586
7.97202 0.0121638
7.97305 0.0107683
7.97305 0.00954727
7.97545 0.00847886
7.97649 0.007544
7.977 0.006851
7.9775 0.00611963
7.97801 0.00547967
7.97801 0.00491971
7.97903 0.00442975
7.97903 0.00400103
7.97952 0.0036259
7.98002 0.00329766
7.98002 0.00301045
7.98002 0.00275915
7.98106 0.00253925
7.98207 0.00234685
7.98255 0.00217849
7.98304 0.00203118
7.98355 0.00190228
7.9851 0.00178949
7.98612 0.00169081
7.98663 0.00160446
7.98714 0.0015289
7.98764 0.00146279
7.98817 0.00140494
7.98867 0.00135432
8.19019 0.02631
8.19243 0.0231463
8.19339 0.020378
8.1939 0.0179557
8.19442 0.0158363
8.1964 0.0139817
8.19737 0.012359
8.19789 0.0109391
8.19841 0.00969675
8.20021 0.00860966
8.20121 0.00765845
8.20173 0.00682614
8.20223 0.00609787
8.20271 0.00546064
8.20322 0.00490306
8.20322 0.00441518
8.20426 0.00398828
8.40629 0.0286147
8.40831 0.0251629
8.40922 0.0221425
8.4097 0.0194997
8.41021 0.0171873
8.41073 0.0151638
8.41123 0.0133934
8.41326 0.0118442
8.41429 0.0104887
8.41476 0.00930259
8.41525 0.00826476
8.41525 0.00735667
8.41628 0.00656208
8.41629 0.00586682
8.41731 0.00525847
8.41732 0.00472616
8.41784 0.00426039
8.41832 0.00385284
8.41931 0.00349623
8.42034 0.0031842
8.42084 0.00291118
8.42133 0.00267228
8.42133 0.00246325
8.42237 0.00228034
8.42237 0.0021203
8.42338 0.00198026
8.42338 0.00185773
8.4239 0.00175051
8.42542 0.0016567
8.42639 0.00157461
8.42691 0.00150278
8.42947 0.00143993
8.43047 0.00138494
8.43098 0.00133682
8.4315 0.00129472
8.43507 0.00125788
8.4361 0.00122565
8.43663 0.00119744
8.43715 0.00117276
8.43715 0.00115116
8.43819 0.00113227
8.43819 0.00111573
8.4392 0.00110127
8.4392 0.00108861
8.4397 0.00107753
8.44125 0.00106784
8.44226 0.00105936
8.44278 0.00105194
8.44532 0.00104545
8.44634 0.00103977
8.44683 0.0010348
8.44733 0.00103045
8.44734 0.00102664
8.44928 0.00102331
8.45026 0.00102039
8.45076 0.00101784
8.45129 0.00101561
8.45179 0.00101366
8.45328 0.00101195
8.6538 0.0258855
8.65578 0.0227748
8.65626 0.0200529
8.6573 0.0176713
8.65782 0.0155874
8.6583 0.013764
8.6583 0.0121685
8.65925 0.0107724
8.65925 0.00955086
8.66029 0.00848201
8.66029 0.00754675
8.66081 0.00672841
8.66133 0.00601236
8.66133 0.00538581
8.66133 0.00483759
8.66229 0.00435789
8.6623 0.00393815
8.6623 0.00357088
8.6628 0.00324952
8.66332 0.00296833
8.66333 0.00272229
8.66333 0.002507
8.6653 0.00231863
8.6653 0.0021538
8.66633 0.00200957
8.66634 0.00188338
8.66737 0.00177295
8.66737 0.00167633
8.66789 0.00159179
8.66839 0.00151782
8.66839 0.00145309
8.66839 0.00139645
8.66941 0.00134689
8.66941 0.00130353
8.66942 0.00126559
8.66993 0.00123239
8.67045 0.00120334
8.67045 0.00117793
8.67045 0.00115568
8.67046 0.00113622
8.67148 0.00111919
8.67148 0.00110429
8.67149 0.00109126
8.67149 0.00107985
8.672 0.00119487
8.67201 0.00117051
8.67201 0.00114919
8.67201 0.00113054
8.67251 0.00111423
8.673 0.00109995
8.673 0.00108745
8.673 0.00107652
8.67301 0.00106696
8.67349 0.00105858
8.67401 0.00105126
8.67402 0.00104485
8.67503 0.00103925
8.67503 0.00103434
8.67553 0.00103005
8.67605 0.00102629
8.67744 0.001023
8.67844 0.00102013
8.67896 0.00101761
8.68141 0.00101541
8.68389 0.00101348
8.68441 0.0010118
8.88645 0.0260103
8.88896 0.022884
8.88944 0.0201485
8.89043 0.017755
8.89096 0.0156606
8.89148 0.013828
8.89148 0.0122245
8.89251 0.0108214
8.89251 0.00959377
8.89302 0.00851955
8.89302 0.0075796
8.89354 0.00675715
8.89406 0.00603751
8.89406 0.00540782
8.89456 0.00485684
8.89604 0.00437474
8.89656 0.00395289
8.89708 0.00358378
8.8976 0.00326081
8.8981 0.00297821
8.8981 0.00273093
8.89911 0.00251456
8.89911 0.00232524
8.89963 0.00215959
8.90014 0.00201464
8.90014 0.00188781
8.90014 0.00177683
8.90117 0.00167973
8.90117 0.00159476
8.90118 0.00152042
8.90169 0.00145536
8.9022 0.00139844
8.9022 0.00134864
8.9022 0.00130506
8.90269 0.00126692
8.90319 0.00123356
8.90319 0.00120436
8.9032 0.00117882
8.9032 0.00115646
8.90512 0.00113691
8.90512 0.00111979
8.90609 0.00110482
8.90609 0.00109172
8.90661 0.00108025
8.90711 0.00107022
8.90712 0.00106144
8.90712 0.00105376
8.90816 0.00104704
8.90816 0.00104116
8.90816 0.00103601
8.90916 0.00103151
8.90917 0.00102757
8.90917 0.00102413
8.90964 0.00102111
8.91013 0.00101847
8.91013 0.00101616
8.91013 0.00101414
8.91013 0.00101237
8.91117 0.00101083
8.91117 0.00100947
8.91117 0.00100829
8.91118 0.00100725
8.91167 0.00100635
8.91216 0.00100555
8.91217 0.00100486
8.91217 0.00100425
8.91217 0.00100372
8.91217 0.00100325
8.91319 0.00100285
8.91319 0.00100249
8.91319 0.00100218
8.9132 0.0010019
8.9132 0.00100167
8.91369 0.00100146
8.91419 0.00100127
8.91419 0.00100111
8.91419 0.00100097
8.91419 0.00100085
8.91419 0.00100074
8.9142 0.00100065
8.91521 0.00100057
8.91521 0.0010005
8.91521 0.00100043
8.91522 0.00100038
8.91522 0.00100033
8.91522 0.00100029
8.91573 0.00100025
8.91625 0.00100022
8.91625 0.00100019
8.91625 0.00100017
8.91625 0.00100015
8.91626 0.00100013
8.91626 0.00100011
8.91673 0.0010001
8.91723 0.00100008
8.91724 0.00100007
8.91724 0.00100006
8.91724 0.00100006
8.91724 0.00100005
8.91724 0.00100004
8.91725 0.00100004
8.91827 0.00100003
8.91827 0.00100003
8.91828 0.00100002
8.91828 0.00100002
8.91828 0.00100002
8.91828 0.00100001
8.91829 0.00100001
8.91879 0.00100001
8.91928 0.00100001
8.91928 0.00100001
8.91929 0.00100001
8.91929 0.001
8.91929 0.001
8.91929 0.001
8.9193 0.001
8.9193 0.001
8.92017 0.001
9.14315 0.026
10.3452 0.022875
10.3462 0.0201406
10.3467 0.017748
10.3472 0.0156545
10.3477 0.0138227
10.3482 0.0122199
10.3482 0.0108174
10.3492 0.00959022
10.3492 0.00851644
10.3497 0.00757689
10.3502 0.00675478
10.3502 0.00603543
10.3502 0.005406
10.3511 0.00485525
10.3511 0.00437334
10.3511 0.00395167
10.3516 0.00358271
10.3521 0.00325987
10.3521 0.00297739
10.3521 0.00273021
10.3526 0.00251394
10.3541 0.00232469
10.3546 0.00215911
10.355 0.00201422
10.355 0.00188744
10.3561 0.00177651
10.3561 0.00167945
10.3566 0.00159451
10.3571 0.0015202
10.3571 0.00145517
10.3571 0.00139828
10.3581 0.00134849
10.3581 0.00130493
10.3581 0.00126681
10.3591 0.00123346
10.3591 0.00120428
10.3591 0.00117874
10.3596 0.0011564
10.3601 0.00113685
10.3601 0.00111974
10.3601 0.00110477
10.3601 0.00109168
10.3621 0.00108022
10.3621 0.00107019
10.3631 0.00106142
10.3631 0.00105374
10.3636 0.00104702
10.3641 0.00104114
10.3641 0.001036
10.3641 0.0010315
10.3651 0.00102756
10.3651 0.00102412
10.3651 0.0010211
10.3665 0.00101846
10.3665 0.00101615
10.3665 0.00101413
10.3665 0.00101237
10.3675 0.00101082
10.3675 0.00100947
10.3675 0.00100829
10.3675 0.00100725
10.368 0.00113134
10.368 0.00111492
10.368 0.00110056
10.368 0.00108799
10.3685 0.00107699
10.369 0.00106737
10.369 0.00105894
10.369 0.00105158
10.369 0.00104513
10.369 0.00103949
10.3706 0.00103455
10.3711 0.00103023
10.3711 0.00102645
10.3733 0.00102315
10.3738 0.00102025
10.3743 0.00101772
10.3748 0.0010155
10.3753 0.00101357
10.3753 0.00101187
10.3762 0.00101039
10.3762 0.00100909
10.3767 0.00100795
10.3771 0.00100696
10.3771 0.00100609
10.3771 0.00100533
10.3782 0.00100466
10.3782 0.00100408
10.3782 0.00100357
10.3787 0.00100312
10.3792 0.00100273
10.3792 0.00100239
10.3792 0.00100209
10.3797 0.00100183
10.3802 0.0010016
10.3802 0.0010014
10.3802 0.00100122
10.3802 0.00100107
10.3812 0.00100094
10.3812 0.00100082
10.3812 0.00100072
10.3812 0.00100063
10.3817 0.00100055
10.3822 0.00100048
10.3822 0.00100042
10.3831 0.00100037
10.3831 0.00100032
10.3844 0.00100028
10.3844 0.00100024
10.3849 0.00100021
10.3854 0.00100019
10.3854 0.00100016
10.3854 0.00100014
10.3865 0.00100012
10.3865 0.00100011
10.3865 0.00100009
10.3869 0.00100008
10.3874 0.00100007
10.3874 0.00100006
10.3874 0.00100005
10.3874 0.00100005
10.3884 0.00100004
10.3884 0.00100004
10.3884 0.00100003
10.3884 0.00100003
10.389 0.00100002
10.3894 0.00100002
10.3894 0.00100002
10.3895 0.00100001
10.3895 0.00100001
10.3895 0.00100001
10.3904 0.00100001
10.3904 0.00100001
10.3904 0.00100001
10.3904 0.001
10.3904 0.001
10.3915 0.001
10.3915 0.001
10.3915 0.001
10.3915 0.001
10.476 0.001125
10.4765 0.00110937
10.477 0.0010957
10.477 0.00108374
10.478 0.00107327
10.478 0.00106411
10.4791 0.0010561
10.4791 0.00104908
10.4795 0.00104295
10.48 0.00103758
10.48 0.00103288
10.48 0.00102877
10.4815 0.00102517
10.4815 0.00102203
10.4815 0.00101927
10.482 0.00114186
10.482 0.00112413
10.482 0.00110861
10.4841 0.00109504
10.4841 0.00108316
10.485 0.00107276
10.485 0.00106367
10.486 0.00105571
10.486 0.00104874
10.4865 0.00104265
10.4881 0.00103732
10.4891 0.00103265
10.4896 0.00102857
10.4901 0.001025
10.4901 0.00102187
10.4911 0.00101914
10.4911 0.00101674
10.4921 0.00101465
10.4921 0.00101282
10.4926 0.00101122
10.4931 0.00100981
10.4931 0.00100859
10.4931 0.00100751
10.4942 0.00100657
10.4942 0.00100575
10.4942 0.00100503
10.4947 0.0010044
10.4952 0.00100385
10.4952 0.00100337
10.4952 0.00100295
10.4952 0.00100258
10.4962 0.00100226
10.4962 0.00100197
10.4962 0.00100173
10.4962 0.00100151
10.4967 0.00100132
10.4972 0.00100116
10.4972 0.00100101
10.4972 0.00100088
10.4972 0.00100077
10.4976 0.00100068
10.4982 0.00100059
10.4982 0.00100052
10.4982 0.00100045
10.4982 0.00100039
10.4982 0.00100034
10.5002 0.0010003
10.5002 0.00100026
10.5007 0.00100023
10.5012 0.0010002
10.5032 0.00100017
10.5042 0.00100015
10.5047 0.00100013
10.5052 0.00100012
10.5052 0.0010001
10.5062 0.00100009
10.5062 0.00100008
10.5072 0.00100007
10.5072 0.00100006
10.5077 0.00100005
10.5082 0.00100004
10.5082 0.00100004
10.5082 0.00100003
10.5101 0.00100003
10.5105 0.00100002
10.5114 0.00100002
10.5114 0.00100002
10.5125 0.00100001
10.5125 0.00100001
10.513 0.00100001
10.513 0.00100001
10.5135 0.00100001
10.5135 0.00100001
10.5145 0.001
10.5145 0.001
10.5145 0.001
10.5155 0.001
10.5155 0.001
10.5155 0.001
10.7542 0.026
10.7567 0.022875
10.7572 0.0201406
10.9578 0.042623
10.9607 0.0374202
10.9611 0.0328676
10.9621 0.0288842
10.9626 0.0253987
10.9631 0.0223488
10.9636 0.0196802
10.965 0.0173452
10.966 0.015302
10.9665 0.0135143
10.967 0.01195
10.9675 0.0105813
10.9685 0.0093836
10.9685 0.00833565
10.969 0.00741869
10.969 0.00661635
10.9695 0.00591431
10.97 0.00530002
10.97 0.00476252
10.9704 0.0042922
10.9714 0.00388068
10.9714 0.00352059
10.9714 0.00320552
10.9719 0.00292983
10.9724 0.0026886
10.9724 0.00247752
10.9724 0.00229283
10.9743 0.00213123
10.9743 0.00198982
10.9754 0.0018661
10.9754 0.00175783
10.9764 0.0016631
10.9764 0.00158022
10.9769 0.00150769
10.9774 0.00144423
10.9784 0.0013887
10.9795 0.00134011
10.98 0.0012976
10.9805 0.0012604
10.9805 0.00122785
10.9815 0.00119936
10.9815 0.00117444
10.982 0.00115264
10.982 0.00113356
10.9825 0.00111686
10.9834 0.00110225
10.9834 0.00108947
10.9834 0.00107829
10.9844 0.0010685
10.9844 0.00105994
10.9844 0.00105245
10.9849 0.00104589
10.9864 0.00104015
10.9869 0.00103513
10.9874 0.00103074
10.9874 0.0010269
10.9884 0.00102353
10.9884 0.00102059
10.9889 0.00101802
10.9894 0.00101577
10.9894 0.00101379
10.9899 0.00101207
10.9904 0.00101056
10.9904 0.00100924
10.9904 0.00100808
10.9915 0.00100707
10.9915 0.00100619
10.9915 0.00100541
10.992 0.00100474
10.9925 0.00100414
10.994 0.00100363
10.9945 0.00100317
10.995 0.00100278
10.995 0.00100243
10.996 0.00100212
10.996 0.00100186
10.9965 0.00100162
10.997 0.00100142
10.997 0.00100124
10.997 0.00100109
10.9981 0.00100095
10.9981 0.00100083
10.9981 0.00100073
10.999 0.00100064
10.999 0.00100056
10.999 0.00100049
10.9995 0.00100043
11 0.00100037
11 0.00100033
11 0.00100028
11 0.00100025
11.0011 0.00100022
11.0011 0.00100019
11.0011 0.00100016
11.0011 0.00100014
11.0015 0.00100013
11.0025 0.00100011
11.0025 0.0010001
11.0025 0.00100008
11.0025 0.00100007
11.0025 0.00100006
11.0035 0.00100005
11.0035 0.00100005
11.0035 0.00100004
11.0035 0.00100004
11.0035 0.00100003
11.004 0.00100003
11.0044 0.00100002
11.0044 0.00100002
11.0044 0.00100002
11.0044 0.00100001
11.0044 0.00100001
11.0044 0.00100001
11.0054 0.00100001
11.0054 0.00100001
11.0054 0.00100001
11.0054 0.001
11.0054 0.001
11.0054 0.001
11.006 0.001
11.0065 0.001
11.0065 0.001
11.008 0.001125
11.008 0.00110937
11.008 0.0010957
11.008 0.00108374
11.008 0.00107327
11.008 0.00106411
11.008 0.0010561
11.0085 0.00104908
11.009 0.00104295
11.009 0.00103758
11.009 0.00103288
11.009 0.00102877
11.009 0.00102517
11.0091 0.00102203
11.0091 0.00101927
11.0091 0.00101686
11.01 0.00101475
11.01 0.00101291
11.01 0.0010113
11.01 0.00100988
11.0105 0.00100865
11.0105 0.00100757
11.0105 0.00100662
11.0105 0.00100579
11.0105 0.00100507
11.011 0.00100443
11.011 0.00100388
11.0115 0.00100339
11.0115 0.00100297
11.0115 0.0010026
11.0115 0.00100227
11.0115 0.00100199
11.0115 0.00100174
11.0115 0.00100152
11.0134 0.00100133
11.0134 0.00100116
11.0134 0.00100102
11.0134 0.00100089
11.0139 0.00100078
11.0144 0.00100068
11.0144 0.00100059
11.0144 0.00100052
11.0144 0.00100045
11.0144 0.0010004
11.0154 0.00100035
11.0154 0.0010003
11.0155 0.00100026
11.0155 0.00100023
11.0155 0.0010002
11.016 0.00100018
11.0165 0.00100015
11.0165 0.00100013
11.0165 0.00100012
11.0165 0.0010001
11.0165 0.00100009
11.0165 0.00100008
11.0175 0.00100007
11.0175 0.00100006
11.0175 0.00100005
11.0175 0.00100004
11.0175 0.00100004
11.0175 0.00100003
11.018 0.00100003
11.0185 0.00100002
11.0203 0.00100002
11.0203 0.00100002
11.0203 0.00100001
11.0207 0.00100001
11.0211 0.00100001
11.0211 0.00100001
11.0212 0.00100001
11.0216 0.00100001
11.0221 0.001
11.0221 0.001
11.0221 0.001
11.0221 0.001
11.0232 0.001
11.0232 0.001
