1 3600
1.0992 4176
1.1494 4672
1.2002 5115
1.26294 5520
1.31912 5895
1.37529 6246
1.43147 6577
1.48764 6892
1.54382 7192
1.59999 7480
1.65616 7757
1.70935 8024
1.76851 8282
1.85636 2880
1.94062 3600
1.99202 4176
2.04281 4672
2.09361 5115
2.15456 5520
2.20775 5895
2.25914 6246
2.31173 6577
2.36312 6892
2.41332 7192
2.46472 7480
2.51551 7757
2.56691 8024
2.62308 8282
2.70017 2880
2.77248 3600
2.82328 4176
2.87407 4672
2.92487 5115
2.98403 5520
3.03722 5895
3.0904 6246
3.1418 6577
3.19202 6892
3.24281 7192
3.29542 7480
3.3522 7757
3.41494 8024
3.47291 8282
3.55717 2880
3.63845 3600
3.68924 4176
3.74004 4672
3.79083 5115
3.85298 5520
3.90916 5895
3.96713 6246
4.0233 6577
4.07947 6892
4.13625 7192
4.19003 7480
4.25098 7757
4.31134 8024
4.36871 8282
4.45297 2880
4.53305 3600
4.58385 4176
4.63464 4672
4.68544 5115
4.74699 5520
4.80376 5895
4.86173 6246
4.9185 6577
4.97468 6892
5.03085 7192
5.08583 7480
5.14858 7757
5.20475 8024
5.26272 8282
5.34698 2880
5.42766 3600
5.47845 4176
5.52925 4672
5.58004 5115
5.6422 5520
5.69897 5895
5.75574 6246
5.81251 6577
5.86869 6892
5.92366 7192
5.97566 7480
6.03302 7757
6.09637 8024
6.15374 8282
6.238 2880
6.31868 3600
6.37007 4176
6.42087 4672
6.47166 5115
6.53441 5520
6.59118 5895
6.64795 6246
6.70473 6577
6.7609 6892
6.81588 7192
6.87265 7480
6.936 7757
6.99277 8024
7.05014 8282
7.135 2880
7.21567 3600
7.26766 4176
7.31846 4672
7.36926 5115
7.432 5520
7.48937 5895
7.54555 6246
7.60172 6577
7.6579 6892
7.71347 7192
7.76845 7480
7.83299 7757
7.88976 8024
7.94713 8282
8.0314 2880
8.11207 3600
8.16406 4176
8.21486 4672
8.26565 5115
8.3284 5520
8.38577 5895
8.44254 6246
8.49872 6577
8.55489 6892
8.61047 7192
8.66306 7480
8.71923 7757
8.78377 8024
8.84114 8282
8.9254 2880
9.00668 3600
9.05867 4176
9.10946 4672
9.16026 5115
9.22301 5520
9.27978 5895
9.33775 6246
9.39392 6577
9.4501 6892
9.50567 7192
9.56065 7480
9.62519 7757
9.68137 8024
9.73874 8282
9.823 2880
9.90427 3600
9.95626 4176
10.0071 4672
10.0579 5115
10.1206 5520
10.178 5895
10.2347 6246
10.2909 6577
10.3477 6892
10.4027 7192
10.4553 7480
10.5114 7757
10.5766 8024
10.6339 8282
10.7182 2880
10.7995 3600
10.8515 4176
10.9023 4672
10.9531 5115
11.0463 5520
11.0989 5895
11.154 6246
11.203 6577
11.252 6892
11.2986 7192
11.3471 7480
11.3949 7757
11.4397 8024
11.4851 8282
11.5311 8532
11.5771 8775
11.6202 9011
11.6632 9241
11.7062 9465
11.757 9684
11.8239 3600
11.913 4176
11.9638 4672
12.0146 5115
12.0672 5520
12.1186 5895
12.1694 6246
12.201 6577
12.2482 6892
12.296 7192
12.3439 7480
12.3911 7757
12.4383 8024
12.4855 8282
12.5339 8532
12.5817 8775
12.6319 9011
12.6821 9241
12.7281 9465
12.8016 3600
12.8954 4176
12.9468 4672
12.9976 5115
13.0496 5520
13.101 5895
13.1512 6246
13.1835 6577
13.2301 6892
13.2767 7192
13.3227 7480
13.3645 7757
13.4136 8024
13.4608 8282
13.5062 8532
13.5558 8775
13.606 9011
13.6556 9241
13.704 9465
13.7733 3600
13.8671 4176
13.9239 4672
13.9753 5115
14.0267 5520
14.0853 5895
14.1372 6246
14.1647 6577
14.2137 6892
14.2609 7192
14.3094 7480
14.3578 7757
14.4062 8024
14.4546 8282
14.5036 8532
14.5532 8775
14.6028 9011
14.6518 9241
14.6996 9465
14.7462 9684
14.8179 3600
14.9034 4176
14.9589 4672
15.0097 5115
15.0599 5520
15.1173 5895
15.1675 6246
15.1938 6577
15.2183 6892
15.2446 7192
15.2691 7480
15.2954 7757
15.3199 8024
15.3677 8282
15.4131 8532
15.4591 8775
15.5081 9011
15.5595 9241
15.6091 9465
15.6581 9684
15.731 3600
15.8219 4176
15.8745 4672
15.9253 5115
15.9796 5520
16.0316 5895
16.083 6246
16.1099 6577
16.1338 6892
16.1822 7192
16.2342 7480
16.2844 7757
16.3328 8024
16.3753 8282
16.4225 8532
16.4733 8775
16.5181 9011
16.5665 9241
16.6173 9465
16.6908 3600
16.8073 4176
16.8575 4672
16.9083 5115
16.9591 5520
17.0123 5895
17.0667 6246
17.1175 6577
17.1677 6892
17.2179 7192
17.2621 7480
17.3027 7757
17.341 8024
17.3912 8282
17.4396 8532
17.485 8775
17.537 9011
17.5878 9241
17.6356 9465
17.7073 3600
17.7993 4176
17.8531 4672
17.9039 5115
17.9619 5520
18.0145 5895
18.0647 6246
18.1005 6577
18.1507 6892
18.1973 7192
18.2374 7480
18.2792 7757
18.3306 8024
18.3784 8282
18.4256 8532
18.4764 8775
18.5266 9011
18.5744 9241
18.6461 3600
18.7388 4176
18.7937 4672
18.8445 5115
18.9019 5520
18.9533 5895
19.0035 6246
19.0393 6577
19.0884 6892
19.1362 7192
19.184 7480
19.2228 7757
19.2712 8024
19.322 8282
19.3692 8532
19.417 8775
19.4672 9011
19.5138 9241
19.5605 9465
19.6304 3600
19.7218 4176
19.7786 4672
19.8306 5115
19.8832 5520
19.9381 5895
19.9883 6246
20.0194 6577
20.0696 6892
20.121 7192
20.1694 7480
20.2053 7757
20.2579 8024
20.3051 8282
20.3517 8532
20.4043 8775
20.4557 9011
20.5292 3600
20.6451 4176
20.6959 4672
20.7521 5115
20.8124 5520
20.8698 5895
20.92 6246
20.9523 6577
21.0007 6892
21.0497 7192
21.0975 7480
21.1441 7757
21.1871 8024
21.2337 8282
21.2815 8532
21.327 8775
21.3801 9011
21.4303 9241
21.477 9465
21.5505 3600
21.6437 4176
21.7034 4672
21.7542 5115
21.8062 5520
21.8648 5895
21.9156 6246
21.9425 6577
21.9915 6892
