1 6521
1.0078 6838
1.02597 7141
1.06039 7431
1.07856 7710
1.11298 7978
1.13091 8237
1.16533 8488
1.18349 8732
1.21768 8969
1.23584 9200
1.24588 9425
1.27027 9645
1.28843 9859
1.31186 10069
1.33696 10274
1.35943 10475
1.38309 10672
1.40365 10866
1.42492 11056
1.44739 11243
1.4701 11427
1.49281 11608
1.51576 11786
1.53918 11961
1.56165 12134
1.58436 12304
1.60779 12472
1.62954 12638
1.65082 12802
1.67663 5040
1.7254 5451
1.77607 5831
1.82842 6186
1.8399 6521
1.88149 6838
1.89272 7141
1.93408 7431
1.94531 7710
1.98667 7978
2.00913 8237
2.03901 8488
2.06172 8732
2.09136 8969
2.11407 9200
2.12626 9425
2.14395 9645
2.16714 9859
2.18961 10069
2.21208 10274
2.23646 10475
2.2575 10672
2.27901 10866
2.30315 11056
2.32467 11243
2.34738 11427
2.36793 11608
2.39016 11786
2.41287 11961
2.43534 12134
2.45853 12304
2.481 12472
2.50418 12638
2.52642 12802
2.5551 5040
2.60171 5451
2.64761 5831
2.69996 6186
2.70665 6521
2.75255 6838
2.77502 7141
2.80513 7431
2.82784 7710
2.85772 7978
2.88019 8237
2.91007 8488
2.93254 8732
2.96266 8969
2.98489 9200
2.99804 9425
3.01525 9645
3.03772 9859
3.05087 10069
3.06784 10274
3.09031 10475
3.10346 10672
3.12043 10866
3.14266 11056
3.15581 11243
3.17278 11427
3.19525 11608
3.20815 11786
3.22513 11961
3.2476 12134
3.25764 12304
3.27915 12472
3.30162 12638
3.32218 12802
3.34417 12963
3.36425 13122
3.38696 13280
3.40632 13436
3.43644 5760
3.48281 6120
3.52249 6458
3.53301 6779
3.57532 7084
3.5856 7376
3.62791 7657
3.63819 7927
3.68026 8188
3.69173 8441
3.73308 8686
3.74408 8924
3.78543 9156
3.79547 9382
3.82225 9603
3.83802 9818
3.86097 10029
3.87483 10235
3.89061 10437
3.9138 10635
3.92742 10829
3.95013 11020
3.97236 11208
3.99459 11393
4.01515 11575
4.03666 11754
4.05913 11930
4.07802 12103
4.1012 12274
4.12224 12442
4.14208 12608
4.16527 12772
4.18654 12934
4.20925 13094
4.24032 5760
4.30439 6120
4.33857 6458
4.34834 6779
4.38802 7084
4.3983 7376
4.44061 7657
4.46069 7927
4.49296 8188
4.51375 8441
4.54531 8686
4.56634 8924
4.59765 9156
4.60913 9382
4.63016 9603
4.65024 9818
4.6763 10029
4.69877 10235
4.72387 10437
4.74729 10635
4.7712 10829
4.79534 11020
4.81781 11208
4.841 11393
4.86251 11575
4.88402 11754
4.90602 11930
4.92514 12103
4.94593 12274
4.9684 12442
4.98729 12608
5.00928 12772
5.03294 12934
5.05541 13094
5.07741 13252
5.09557 13408
5.11804 13562
5.1386 13714
5.16203 13865
5.18473 14014
5.19884 14161
5.22489 5760
5.2782 6120
5.32051 6458
5.34178 6779
5.3731 7084
5.39437 7376
5.42616 7657
5.44696 7927
5.47851 8188
5.49931 8441
5.53086 8686
5.55166 8924
5.58321 9156
5.59636 9382
5.62002 9603
5.6358 9818
5.64895 10029
5.67261 10235
5.68839 10437
5.70154 10635
5.7252 10829
5.74791 11020
5.76727 11208
5.78998 11393
5.81149 11575
5.82727 11754
5.84998 11930
5.87197 12103
5.89372 12274
5.91691 12442
5.93532 12608
5.95826 12772
5.9891 5040
6.06727 5451
6.10408 5831
6.15452 6186
6.15523 6521
6.20734 6838
6.22575 7141
6.26041 7431
6.27834 7710
6.31324 7978
6.33451 8237
6.36559 8488
6.38734 8732
6.41794 8969
6.43969 9200
6.45499 9425
6.47053 9645
6.49228 9859
6.50829 10069
6.52311 10274
6.54487 10475
6.56088 10672
6.5757 10866
6.59889 11056
6.61849 11243
6.63976 11427
6.65817 11608
6.67945 11786
6.69905 11961
6.71626 12134
6.73801 12304
6.75952 12472
6.77984 12638
6.80255 12802
6.82335 12963
6.84606 13122
6.86805 13280
6.89004 13436
6.92207 5760
7.00382 6120
7.03776 6458
7.05067 6779
7.08988 7084
7.10661 7376
7.14246 7657
7.1592 7927
7.19481 8188
7.21155 8441
7.24716 8686
7.2639 8924
7.29951 9156
7.31457 9382
7.33943 9603
7.3521 9818
7.37816 10029
7.39369 10235
7.41688 10437
7.43242 10635
7.44628 10829
7.46947 11020
7.49218 11208
7.51536 11393
7.53688 11575
7.5603 11754
7.57895 11930
7.59998 12103
7.62198 12274
7.6399 12442
7.66166 12608
7.68174 12772
7.70301 12934
7.72715 13094
7.74771 13252
7.7697 13408
7.79074 13562
7.81177 13714
7.83544 13865
7.86723 5760
7.94659 6120
7.98316 6458
7.99894 6779
8.03719 7084
8.05153 7376
8.08978 7657
8.10412 7927
8.14213 8188
8.15647 8441
8.19447 8686
8.20882 8924
8.24682 9156
8.25854 9382
8.28125 9603
8.29941 9818
8.3226 10029
8.34937 10235
8.37495 10437
8.39957 10635
8.42491 10829
8.44714 11020
8.46961 11208
8.49399 11393
8.50857 11575
8.53104 11754
8.55232 11930
8.57144 12103
8.59367 12274
8.61494 12442
8.63502 12608
8.65773 12772
8.68235 12934
8.70076 13094
8.72323 13252
8.7457 13408
8.77725 5760
8.86402 6120
8.89151 6458
8.91279 6779
8.94458 7084
8.96824 7376
8.99717 7657
9.02083 7927
9.04952 8188
9.07318 8441
9.10187 8686
9.12625 8924
9.15422 9156
9.16282 9382
9.17884 9603
9.2068 9818
9.2319 10029
9.25892 10235
9.28425 10437
9.30864 10635
9.33302 10829
9.35501 11020
9.37724 11208
9.39827 11393
9.41501 11575
9.437 11754
9.45756 11930
9.47692 12103
9.50034 12274
9.51899 12442
9.54194 12608
9.56417 12772
9.58496 12934
9.60791 13094
9.62943 13252
9.65285 13408
9.67269 13562
9.70305 5760
9.75444 6120
9.79436 6458
9.80679 6779
9.84719 7084
9.85938 7376
9.90073 7657
9.91938 7927
9.95308 8188
9.97197 8441
10.0054 8686
10.0243 8924
10.0578 9156
10.0693 9382
10.0939 9603
10.1104 9818
10.1343 10029
10.1467 10235
10.163 10437
10.1871 10635
10.2108 10829
10.233 11020
10.2552 11208
10.2753 11393
10.2937 11575
10.3136 11754
10.3358 11930
10.3551 12103
10.3779 12274
10.3979 12442
10.4185 12608
10.4434 12772
10.4661 12934
10.4983 5040
10.5631 5451
10.6083 5831
10.6578 6186
10.6582 6521
10.7104 6838
10.7362 7141
10.7629 7431
10.7895 7710
10.8155 7978
10.8418 8237
10.8679 8488
10.8942 8732
10.9202 8969
10.9465 9200
10.9599 9425
10.9728 9645
10.9991 9859
11.0132 10069
11.0254 10274
11.0517 10475
11.0658 10672
11.0973 10866
11.1188 11056
11.1307 11243
11.1518 11427
11.1721 11608
11.1831 11786
11.2053 11961
11.2244 12134
11.2328 12304
11.2517 12472
11.2737 12638
11.2902 12802
11.3107 12963
11.3339 13122
11.3542 13280
11.3729 13436
11.3915 13590
11.4114 13742
11.4317 13892
11.4487 14041
11.4819 5760
11.5651 6120
11.5973 6458
11.6177 6779
11.6471 7084
11.6659 7376
11.6949 7657
11.7169 7927
11.7472 8188
11.7692 8441
11.7996 8686
11.8216 8924
11.8529 9156
11.8629 9382
11.883 9603
11.9055 9818
11.9263 10029
11.9492 10235
11.9755 10437
11.9977 10635
12.0231 10829
12.0446 11020
12.0656 11208
12.0866 11393
12.1074 11575
12.1275 11754
12.1457 11930
12.1646 12103
12.1842 12274
12.2021 12442
12.2215 12608
12.2413 12772
12.2628 12934
12.2831 13094
12.3037 13252
12.3223 13408
12.3427 13562
12.3611 13714
12.3821 13865
12.4019 14014
12.422 14161
12.4445 14307
12.4765 5760
12.5482 6120
12.5862 6458
12.5941 6779
12.6357 7084
12.6417 7376
12.6883 7657
12.6943 7927
12.7407 8188
12.7476 8441
12.793 8686
12.8002 8924
12.8454 9156
12.8523 9382
12.8743 9603
12.8979 9818
12.9211 10029
12.9424 10235
12.9634 10437
12.9845 10635
13.006 10829
13.0275 11020
13.0485 11208
13.0696 11393
13.0906 11575
13.1105 11754
13.1303 11930
13.1501 12103
13.169 12274
13.1869 12442
13.207 12608
13.2309 12772
13.2477 12934
13.2697 13094
13.2888 13252
13.3077 13408
13.3268 13562
13.3473 13714
13.3686 13865
13.3894 14014
13.4112 14161
13.4322 14307
13.4645 5760
13.5379 6120
13.5751 6458
13.5837 6779
13.6265 7084
13.632 7376
13.6791 7657
13.6963 7927
13.7315 8188
13.7489 8441
13.7841 8686
13.8013 8924
13.8369 9156
13.8441 9382
13.8663 9603
13.8895 9818
13.912 10029
13.933 10235
13.954 10437
13.9751 10635
13.9968 10829
14.0178 11020
14.0389 11208
14.0599 11393
14.081 11575
14.1017 11754
14.1199 11930
14.1405 12103
14.1596 12274
14.1778 12442
14.1974 12608
14.2191 12772
14.2378 12934
14.2588 13094
14.2765 13252
14.298 13408
14.3186 13562
14.3367 13714
14.359 13865
14.3781 14014
14.4001 14161
14.4213 14307
14.4507 5760
14.5251 6120
14.5607 6458
14.5727 6779
14.6133 7084
14.6224 7376
14.6659 7657
14.686 7927
14.7182 8188
14.7383 8441
14.7706 8686
14.7907 8924
14.8229 9156
14.8318 9382
14.8432 9603
14.8755 9818
14.8961 10029
14.9183 10235
14.9401 10437
14.9616 10635
14.984 10829
15.0053 11020
15.0264 11208
15.0469 11393
15.0677 11575
15.0868 11754
15.104 11930
15.1246 12103
15.1437 12274
15.16 12442
15.1808 12608
15.2035 12772
15.2243 12934
15.2451 13094
15.2606 13252
15.2812 13408
15.3022 13562
15.3189 13714
15.3421 13865
15.3622 14014
15.3825 14161
15.4026 14307
15.4358 5760
15.5051 6120
15.5432 6458
15.5553 6779
15.5945 7084
15.6036 7376
15.6471 7657
15.6562 7927
15.6995 8188
15.7086 8441
15.7518 8686
15.7609 8924
15.8042 9156
15.8154 9382
15.8384 9603
15.8568 9818
15.8797 10029
15.9 10235
15.9268 10437
15.9481 10635
15.9701 10829
15.9916 11020
16.0126 11208
16.031 11393
16.0485 11575
16.069 11754
16.0867 11930
16.1037 12103
16.1231 12274
16.1408 12442
16.1632 12608
16.1855 12772
16.2041 12934
16.2242 13094
16.2428 13252
16.261 13408
16.2811 13562
16.3011 13714
16.3222 13865
16.3432 14014
16.3599 14161
16.3822 14307
16.413 5760
16.4842 6120
16.5256 6458
16.5347 6779
16.5739 7084
16.5858 7376
16.627 7657
16.6458 7927
16.6793 8188
16.6982 8441
16.7317 8686
16.7505 8924
16.784 9156
16.7967 9382
16.8184 9603
16.8366 9818
16.8493 10029
16.871 10235
16.8892 10437
16.9019 10635
16.9236 10829
16.9451 11020
16.9659 11208
16.9869 11393
17.0051 11575
17.0235 11754
17.0436 11930
17.0632 12103
17.0785 12274
17.1026 12442
17.1225 12608
17.1423 12772
17.1619 12934
17.1806 13094
17.1997 13252
17.2203 13408
17.2418 13562
17.2623 13714
17.2834 13865
17.3034 14014
17.3252 14161
17.3467 14307
17.3783 5760
17.45 6120
17.4906 6458
17.498 6779
17.541 7084
17.5506 7376
17.5936 7657
17.6132 7927
17.646 8188
17.6656 8441
17.699 8686
17.7182 8924
17.7516 9156
17.7626 9382
17.7837 9603
17.8042 9818
17.8265 10029
17.8484 10235
17.8697 10437
17.8908 10635
17.9118 10829
17.9328 11020
17.9539 11208
17.9732 11393
17.9919 11575
18.0122 11754
18.0308 11930
18.0485 12103
18.0693 12274
18.0896 12442
18.1085 12608
18.1293 12772
18.1472 12934
18.1673 13094
18.1876 13252
18.206 13408
18.2271 13562
18.2467 13714
18.268 13865
18.289 14014
18.3093 14161
18.3308 14307
18.3614 5760
18.4334 6120
18.4745 6458
18.4821 6779
18.5259 7084
18.5357 7376
18.5785 7657
18.5978 7927
18.6308 8188
18.6502 8441
18.6832 8686
18.7025 8924
18.7355 9156
18.7446 9382
18.7668 9603
18.7881 9818
18.8111 10029
18.833 10235
18.8536 10437
18.8751 10635
18.8964 10829
18.9169 11020
18.9377 11208
18.9545 11393
18.975 11575
18.9958 11754
19.0104 11930
19.0307 12103
19.0506 12274
19.0671 12442
19.0876 12608
19.1065 12772
19.1232 12934
19.145 13094
19.1612 13252
19.1816 13408
19.2028 13562
19.2224 13714
19.2444 13865
19.2638 14014
19.286 14161
19.3063 14307
19.3374 5760
19.4089 6120
19.4488 6458
19.4593 6779
19.5012 7084
19.5215 7376
19.5537 7657
19.5741 7927
19.6061 8188
19.6264 8441
19.6584 8686
19.6788 8924
19.7108 9156
19.7225 9382
19.7438 9603
19.7634 9818
19.7856 10029
19.8081 10235
19.8282 10437
19.8497 10635
19.8707 10829
19.8913 11020
19.9137 11208
19.9319 11393
19.9496 11575
19.9706 11754
19.9869 11930
20.0019 12103
20.0156 12274
20.0357 12442
20.0524 12608
20.0727 12772
20.0918 12934
20.1066 13094
20.1265 13252
20.1461 13408
20.1628 13562
20.1853 13714
20.2068 13865
20.2283 14014
20.2467 14161
20.2675 14307
20.301 5760
20.3744 6120
20.4129 6458
20.425 6779
20.4669 7084
20.4776 7376
20.5199 7657
20.5305 7927
20.5723 8188
20.5828 8441
20.6246 8686
20.6352 8924
20.677 9156
20.6858 9382
20.7076 9603
20.7296 9818
20.748 10029
20.77 10235
20.7822 10437
20.8006 10635
20.8235 10829
20.8491 11020
20.8692 11208
20.8883 11393
20.9093 11575
20.9256 11754
20.9411 11930
20.9629 12103
20.9813 12274
20.9944 12442
21.0162 12608
21.0365 12772
21.0544 12934
21.0752 13094
21.0948 13252
21.1159 13408
21.1352 13562
21.1517 13714
21.1744 13865
21.1962 14014
21.2172 14161
21.2385 14307
21.2708 5760
21.3437 6120
21.3869 6458
21.3975 6779
21.44 7084
21.45 7376
21.4926 7657
21.5026 7927
21.5449 8188
21.555 8441
21.5973 8686
21.6073 8924
21.6496 9156
21.6582 9382
21.6788 9603
21.7022 9818
21.7247 10029
21.7316 10235
21.7553 10437
21.7775 10635
21.7976 10829
21.8201 11020
21.8406 11208
21.8581 11393
21.8748 11575
21.8947 11754
21.9121 11930
21.9286 12103
21.9508 12274
21.9709 12442
21.9855 12608
