1 6577
1.02975 6892
1.0668 7192
1.10504 7480
1.14249 7757
1.17994 8024
1.21739 8282
1.25444 8532
1.31301 2880
1.37357 3600
1.40384 4176
1.43372 4672
1.4636 5115
1.50185 5520
1.5393 5895
1.57595 6246
1.61699 6577
1.65364 6892
1.6887 7192
1.72336 7480
1.75802 7757
1.79308 8024
1.82854 8282
1.8636 8532
1.9134 2880
1.96957 3600
2.00025 4176
2.03013 4672
2.06001 5115
2.09586 5520
2.13092 5895
2.16598 6246
2.20104 6577
2.2361 6892
2.27076 7192
2.30582 7480
2.34088 7757
2.37634 8024
2.41139 8282
2.44526 8532
2.50183 2880
2.55562 3600
2.58629 4176
2.61617 4672
2.64605 5115
2.68231 5520
2.71896 5895
2.75601 6246
2.79465 6577
2.8337 6892
2.87155 7192
2.9086 7480
2.94644 7757
2.98389 8024
3.02134 8282
3.05879 8532
3.11656 2880
3.17433 3600
3.20421 4176
3.23409 4672
3.26397 5115
3.30142 5520
3.34006 5895
3.37751 6246
3.41536 6577
3.45281 6892
3.49066 7192
3.5293 7480
3.56795 7757
3.6054 8024
3.64324 8282
3.68069 8532
3.74006 2880
3.79424 3600
3.82412 4176
3.854 4672
3.88388 5115
3.92212 5520
3.95917 5895
3.99742 6246
4.03527 6577
4.07312 6892
4.11057 7192
4.14921 7480
4.18666 7757
4.22411 8024
4.26156 8282
4.29941 8532
4.35518 2880
4.41614 3600
4.47152 4176
4.50179 4672
4.53167 5115
4.57032 5520
4.60777 5895
4.64562 6246
4.68426 6577
4.72131 6892
4.76036 7192
4.7978 7480
4.83565 7757
4.8731 8024
4.91055 8282
4.9484 8532
5.00179 2880
5.06593 3600
5.10895 4176
5.16075 4672
5.19063 5115
5.22728 5520
5.26553 5895
5.30337 6246
5.34202 6577
5.37907 6892
5.41732 7192
5.45556 7480
5.49261 7757
5.53086 8024
5.56831 8282
5.60576 8532
5.66233 2880
5.73165 3600
5.76153 4176
5.79141 4672
5.82129 5115
5.85874 5520
5.89659 5895
5.93484 6246
5.97348 6577
6.01093 6892
6.04918 7192
6.08663 7480
6.12447 7757
6.16192 8024
6.19937 8282
6.23722 8532
6.29379 2880
6.37786 3600
6.40853 4176
6.43841 4672
6.46829 5115
6.50534 5520
6.5416 5895
6.58184 6246
6.61889 6577
6.65793 6892
6.69538 7192
6.73283 7480
6.77068 7757
6.80813 8024
6.84558 8282
6.88342 8532
6.94159 2880
7.01968 3600
7.04956 4176
7.07944 4672
7.10932 5115
7.14637 5520
7.18461 5895
7.22366 6246
7.26111 6577
7.30015 6892
7.3376 7192
7.37505 7480
7.4129 7757
7.45035 8024
7.48819 8282
7.52564 8532
7.59815 2880
7.65353 3600
7.68421 4176
7.71409 4672
7.74397 5115
7.78102 5520
7.81847 5895
7.85711 6246
7.89456 6577
7.9336 6892
7.97145 7192
8.0089 7480
8.04794 7757
8.08539 8024
8.12284 8282
8.16029 8532
8.23001 2880
8.29774 3600
8.32802 4176
8.3579 4672
8.38778 5115
8.42443 5520
8.46188 5895
8.49933 6246
8.53997 6577
8.57742 6892
8.61487 7192
8.65232 7480
8.68976 7757
8.72801 8024
8.76546 8282
8.79893 8532
8.86586 2880
8.93279 3600
8.96307 4176
8.99295 4672
9.02283 5115
9.05948 5520
9.09773 5895
9.13758 6246
9.17465 6577
9.2121 6892
9.25034 7192
9.28779 7480
9.32564 7757
9.36309 8024
9.40054 8282
9.43161 8532
9.52046 2880
9.57663 3600
9.60651 4176
9.63639 4672
9.66627 5115
9.70332 5520
9.74117 5895
9.77862 6246
9.81806 6577
9.85551 6892
9.89256 7192
9.93081 7480
9.96826 7757
10.0057 8024
10.0432 8282
10.0874 8532
10.1659 2880
10.222 3600
10.2523 4176
10.2822 4672
10.3121 5115
10.3499 5520
10.3854 5895
10.428 6246
10.4655 6577
10.5029 6892
10.54 7192
10.5782 7480
10.6157 7757
10.6531 8024
10.6858 8282
10.7236 8532
10.8017 2880
10.8579 3600
10.8882 4176
10.918 4672
10.9479 5115
10.9858 5520
11.0429 5895
11.0733 6246
11.1107 6577
11.1546 6892
11.194 7192
11.2311 7480
11.2677 7757
11.3087 8024
11.3669 8282
11.4223 2880
11.4964 3600
11.533 4176
11.5633 4672
11.5932 5115
11.6303 5520
11.6717 5895
11.7099 6246
11.7466 6577
11.7832 6892
11.8199 7192
11.8569 7480
11.8936 7757
11.931 8024
11.9896 8282
12.0454 2880
12.1195 3600
12.1561 4176
12.186 4672
12.2159 5115
12.2565 5520
12.2928 5895
12.331 6246
12.3677 6577
12.4043 6892
12.4414 7192
12.4781 7480
12.5135 7757
12.5506 8024
12.6095 8282
12.6645 2880
12.7382 3600
12.7749 4176
12.8055 4672
12.8354 5115
12.8804 5520
12.9167 5895
12.9541 6246
12.9908 6577
13.0274 6892
13.0645 7192
13.1011 7480
13.1326 7757
13.1725 8024
13.2294 8282
13.2852 2880
13.3589 3600
13.3956 4176
13.4254 4672
13.4553 5115
13.5003 5520
13.537 5895
13.5736 6246
13.6103 6577
13.647 6892
13.684 7192
13.7207 7480
13.7497 7757
13.7892 8024
13.8469 8282
13.9015 2880
13.9756 3600
14.0123 4176
14.043 4672
14.0728 5115
14.1183 5520
14.1549 5895
14.192 6246
14.2286 6577
14.2653 6892
14.3019 7192
14.3386 7480
14.3669 7757
14.4075 8024
14.4645 8282
14.5194 2880
14.5928 3600
14.6294 4176
14.6597 4672
14.6896 5115
14.7346 5520
14.7712 5895
14.8083 6246
14.8449 6577
14.8816 6892
14.9182 7192
14.9549 7480
14.9832 7757
15.0238 8024
15.0808 8282
15.1358 2880
15.2091 3600
15.2457 4176
15.2764 4672
15.3067 5115
15.3509 5520
15.3876 5895
15.4238 6246
15.4613 6577
15.4979 6892
15.5346 7192
15.5712 7480
15.5995 7757
15.6401 8024
15.6971 8282
15.7521 2880
15.8254 3600
15.8621 4176
15.8927 4672
15.9238 5115
15.9676 5520
16.0043 5895
16.0405 6246
16.078 6577
16.1146 6892
16.1513 7192
16.1879 7480
16.2158 7757
16.2573 8024
16.3138 8282
16.3688 2880
16.4421 3600
16.4788 4176
16.5091 4672
16.5401 5115
16.5836 5520
16.6202 5895
16.6565 6246
16.6939 6577
16.7306 6892
16.7672 7192
16.8039 7480
16.8322 7757
16.8736 8024
16.9302 8282
16.9851 2880
17.0584 3600
17.0951 4176
17.1258 4672
17.1572 5115
17.1995 5520
17.2361 5895
17.2728 6246
17.3094 6577
17.3461 6892
17.3831 7192
17.4198 7480
17.4481 7757
17.4899 8024
17.5465 8282
17.6015 2880
17.6748 3600
17.7114 4176
17.7417 4672
17.7724 5115
17.8158 5520
17.8525 5895
17.8891 6246
17.9258 6577
17.9624 6892
17.9995 7192
18.0361 7480
18.0644 7757
18.1054 8024
18.1624 8282
18.2174 2880
18.2907 3600
18.3273 4176
18.358 4672
18.3883 5115
18.4317 5520
18.4684 5895
18.505 6246
18.5417 6577
18.5783 6892
18.6154 7192
18.652 7480
18.6807 7757
18.721 8024
18.7783 8282
18.8333 2880
18.9066 3600
18.9433 4176
18.9731 4672
19.003 5115
19.0488 5520
19.0855 5895
19.1222 6246
19.1588 6577
19.1955 6892
19.2325 7192
19.2692 7480
19.2974 7757
19.3385 8024
19.3959 8282
19.4512 2880
19.5245 3600
19.5612 4176
19.5919 4672
19.6225 5115
19.666 5520
19.7026 5895
19.7393 6246
19.7759 6577
19.8126 6892
19.8496 7192
19.8863 7480
19.9146 7757
19.9556 8024
20.0126 8282
20.0676 2880
20.1409 3600
20.1775 4176
20.2078 4672
20.2381 5115
20.2827 5520
20.3193 5895
20.356 6246
20.3926 6577
20.4293 6892
20.4663 7192
20.503 7480
20.5309 7757
20.5727 8024
20.6293 8282
20.6843 2880
20.7576 3600
20.7942 4176
20.8245 4672
20.8544 5115
20.8986 5520
20.9353 5895
20.9719 6246
21.0086 6577
21.0452 6892
21.0823 7192
21.1189 7480
21.1472 7757
21.1898 8024
21.246 8282
21.2827 8532
21.3376 2880
21.3926 3600
21.4225 4176
21.4524 4672
21.4823 5115
21.5185 5520
21.5552 5895
21.5914 6246
21.6281 6577
21.6655 6892
21.7022 7192
21.7388 7480
21.7639 7757
21.8233 8024
21.8711 8282
21.9078 8532
21.9627 2880
