1 8354
1.00278 8602
1.04491 2880
1.08704 3600
1.10646 4176
1.12588 4672
1.1453 5115
1.17339 5520
1.20148 5895
1.22956 6246
1.25765 6577
1.28932 6892
1.3192 7192
1.34729 7480
1.37538 7757
1.40346 8024
1.43155 8282
1.45934 8532
1.49191 8775
1.543 3600
1.60007 4176
1.6195 4672
1.63892 5115
1.66641 5520
1.6939 5895
1.72258 6246
1.75246 6577
1.77995 6892
1.80684 7192
1.83284 7480
1.85973 7757
1.88603 8024
1.91172 8282
1.93742 8532
1.96341 8775
2.00196 3600
2.05335 4176
2.07277 4672
2.0922 5115
2.11819 5520
2.14359 5895
2.16869 6246
2.19707 6577
2.22397 6892
2.25176 7192
2.27745 7480
2.30345 7757
2.32974 8024
2.35544 8282
2.38114 8532
2.40713 8775
2.44568 3600
2.49707 4176
2.51649 4672
2.53591 5115
2.56191 5520
2.58761 5895
2.613 6246
2.64139 6577
2.67037 6892
2.69906 7192
2.72505 7480
2.75643 7757
2.7872 8024
2.81529 8282
2.84278 8532
2.88461 2880
2.94138 3600
2.96947 4176
2.98889 4672
3.00831 5115
3.0364 5520
3.06449 5895
3.09377 6246
3.12455 6577
3.15622 6892
3.1861 7192
3.21478 7480
3.24616 7757
3.27693 8024
3.30562 8282
3.33341 8532
3.37614 2880
3.43231 3600
3.4604 4176
3.47982 4672
3.49924 5115
3.52733 5520
3.55542 5895
3.5844 6246
3.61517 6577
3.64715 6892
3.67643 7192
3.70541 7480
3.73679 7757
3.76786 8024
3.79625 8282
3.82404 8532
3.86676 2880
3.92294 3600
3.95103 4176
3.97045 4672
3.98987 5115
4.01796 5520
4.04604 5895
4.07503 6246
4.1058 6577
4.13748 6892
4.16676 7192
4.19574 7480
4.22861 7757
4.25939 8024
4.28837 8282
4.31616 8532
4.35889 2880
4.41506 3600
4.44315 4176
4.46287 4672
4.48229 5115
4.51008 5520
4.53876 5895
4.56745 6246
4.60061 6577
4.6302 6892
4.65918 7192
4.68816 7480
4.72073 7757
4.75061 8024
4.779 8282
4.80768 8532
4.85041 2880
4.90658 3600
4.93467 4176
4.95409 4672
4.97352 5115
5.0016 5520
5.02999 5895
5.05808 6246
5.09124 6577
5.12142 6892
5.15011 7192
5.17909 7480
5.21255 7757
5.24184 8024
5.27052 8282
5.29921 8532
5.34193 2880
5.39811 3600
5.4262 4176
5.44592 4672
5.46534 5115
5.49343 5520
5.52211 5895
5.5499 6246
5.58336 6577
5.61295 6892
5.64163 7192
5.67031 7480
5.70348 7757
5.73276 8024
5.76085 8282
5.78924 8532
5.83226 2880
5.88844 3600
5.91652 4176
5.93595 4672
5.95537 5115
5.98346 5520
6.01124 5895
6.03993 6246
6.07429 6577
6.10387 6892
6.13286 7192
6.16274 7480
6.1971 7757
6.22518 8024
6.25357 8282
6.28136 8532
6.31094 8775
6.35307 3600
6.40924 4176
6.42897 4672
6.44839 5115
6.47647 5520
6.50426 5895
6.53265 6246
6.56611 6577
6.59779 6892
6.62647 7192
6.65575 7480
6.69041 7757
6.7185 8024
6.74689 8282
6.77527 8532
6.80426 8775
6.84639 3600
6.90286 4176
6.92258 4672
6.942 5115
6.96979 5520
6.99758 5895
7.02895 6246
7.06003 6577
7.0914 6892
7.12039 7192
7.15325 7480
7.18493 7757
7.21301 8024
7.2414 8282
7.27008 8532
7.29907 8775
7.3412 3600
7.39767 4176
7.41709 4672
7.43652 5115
7.4643 5520
7.49269 5895
7.52376 6246
7.55633 6577
7.58591 6892
7.6149 7192
7.64956 7480
7.67944 7757
7.70753 8024
7.73591 8282
7.764 8532
7.79328 8775
7.83541 3600
7.89189 4176
7.91161 4672
7.93103 5115
7.95882 5520
7.98631 5895
8.01678 6246
8.05055 6577
8.07983 6892
8.10732 7192
8.14497 7480
8.17305 7757
8.20114 8024
8.22953 8282
8.25821 8532
8.30154 2880
8.35771 3600
8.3861 4176
8.40582 4672
8.42524 5115
8.45303 5520
8.48052 5895
8.51159 6246
8.54536 6577
8.57345 6892
8.59914 7192
8.63679 7480
8.66488 7757
8.69297 8024
8.72135 8282
8.74914 8532
8.77842 8775
8.82085 3600
8.87762 4176
8.89734 4672
8.91677 5115
8.94455 5520
8.97264 5895
9.00461 6246
9.03748 6577
9.06676 6892
9.09126 7192
9.12891 7480
9.157 7757
9.18509 8024
9.21347 8282
9.24126 8532
9.27054 8775
9.31327 3600
9.37034 4176
9.39006 4672
9.40949 5115
9.43727 5520
9.46536 5895
9.49614 6246
9.529 6577
9.55829 6892
9.58279 7192
9.62014 7480
9.64823 7757
9.67631 8024
9.7047 8282
9.73249 8532
9.76147 8775
9.8045 3600
9.86127 4176
9.88069 4672
9.90011 5115
9.9279 5520
9.95569 5895
9.98826 6246
10.0193 6577
10.0486 6892
10.0731 7192
10.1102 7480
10.1383 7757
10.1666 8024
10.195 8282
10.2231 8532
10.2518 8775
10.2945 3600
10.3516 4176
10.371 4672
10.3904 5115
10.4182 5520
10.446 5895
10.4786 6246
10.5106 6577
10.5398 6892
10.5643 7192
10.6014 7480
10.6295 7757
10.6579 8024
10.6863 8282
10.7143 8532
10.7436 8775
10.7861 3600
10.8434 4176
10.8631 4672
10.8826 5115
10.9104 5520
10.9381 5895
10.9695 6246
11.0015 6577
11.0296 6892
11.0472 7192
11.0666 7480
11.0906 7757
11.1091 8024
11.1282 8282
11.1473 8532
11.1665 8775
11.1841 9011
11.2032 9241
11.2217 9465
11.2403 9684
11.2594 9898
11.2785 10107
11.2964 10312
11.3236 4320
11.3711 4800
11.3906 5232
11.4097 5628
11.4288 5996
11.4479 6341
11.4566 6668
11.4673 6978
11.4856 7275
11.5047 7560
11.5238 7834
11.5426 8098
11.5618 8354
11.5812 8602
11.6003 8843
11.6197 9077
11.6383 9305
11.6568 9527
11.6852 3600
11.7228 4176
11.7425 4672
11.762 5115
11.7811 5520
11.8002 5895
11.8193 6246
11.8286 6577
11.8388 6892
11.8483 7192
11.8582 7480
11.8677 7757
11.8869 8024
11.9072 8282
11.9293 8532
11.9481 8775
11.9669 9011
11.9861 9241
12.0049 9465
12.0237 9684
12.0428 9898
12.0617 10107
12.0802 10312
12.1083 4320
12.1549 4800
12.174 5232
12.1931 5628
12.2123 5996
12.2314 6341
12.2409 6668
12.2508 6978
12.2696 7275
12.2884 7560
12.3064 7834
12.3255 8098
12.344 8354
12.3626 8602
12.3841 8843
12.4074 9077
12.4265 9305
12.4453 9527
12.4641 9744
12.4922 3600
12.5391 4176
12.5586 4672
12.5783 5115
12.5974 5520
12.6165 5895
12.6357 6246
12.6446 6577
12.6551 6892
12.6733 7192
12.6921 7480
12.7113 7757
12.7301 8024
12.748 8282
12.7653 8532
12.7845 8775
12.8036 9011
12.8239 9241
12.843 9465
12.8624 9684
12.8911 3600
12.9371 4176
12.9566 4672
12.976 5115
12.9951 5520
13.0142 5895
13.0334 6246
13.0429 6577
13.0617 6892
13.0812 7192
13.1 7480
13.1185 7757
13.1367 8024
13.1547 8282
13.1684 8532
13.1863 8775
13.2073 9011
13.227 9241
13.2464 9465
13.2658 9684
13.2861 9898
13.3053 10107
13.3331 4320
13.3788 4800
13.3988 5232
13.4179 5628
13.437 5996
13.4562 6341
13.4654 6668
13.4756 6978
13.4941 7275
13.5126 7560
13.5312 7834
13.5497 8098
13.5679 8354
13.5864 8602
13.602 8843
13.6211 9077
13.6438 9305
13.6623 9527
13.6815 9744
13.7015 9956
13.7322 3600
13.7795 4176
13.7986 4672
13.818 5115
13.8371 5520
13.8562 5895
13.8754 6246
13.8855 6577
13.905 6892
13.9235 7192
13.9426 7480
13.9614 7757
13.98 8024
13.9985 8282
14.0137 8532
14.0322 8775
14.0544 9011
14.072 9241
14.0905 9465
14.115 9684
14.1338 9898
14.153 10107
14.1807 4320
14.2271 4800
14.2462 5232
14.2653 5628
14.2844 5996
14.3035 6341
14.3131 6668
14.3322 6978
14.3514 7275
14.3699 7560
14.3884 7834
14.4069 8098
14.4255 8354
14.444 8602
14.4625 8843
14.4813 9077
14.4996 9305
14.5142 9527
14.5333 9744
14.5626 9956
14.5817 10164
14.6095 4320
14.6651 4800
14.6842 5232
14.7033 5628
14.7225 5996
14.7416 6341
14.7506 6668
14.761 6978
14.7795 7275
14.7987 7560
14.8175 7834
14.836 8098
14.8545 8354
14.8731 8602
14.8919 8843
14.9089 9077
14.9295 9305
14.9493 9527
14.9684 9744
14.989 9956
15.0087 10164
15.0269 10368
15.055 4320
15.1016 4800
15.1208 5232
15.1399 5628
15.159 5996
15.1781 6341
15.1877 6668
15.2068 6978
15.2259 7275
15.2451 7560
15.2636 7834
15.2821 8098
15.3003 8354
15.3189 8602
15.3377 8843
15.3556 9077
15.3747 9305
15.3954 9527
15.4139 9744
15.4378 9956
15.4563 10164
15.4853 4320
15.5406 4800
15.5594 5232
15.5785 5628
15.5976 5996
15.6168 6341
15.626 6668
15.6362 6978
15.6544 7275
15.6729 7560
15.6915 7834
15.71 8098
15.7285 8354
15.7473 8602
15.7662 8843
15.7847 9077
15.7999 9305
15.82 9527
15.8388 9744
15.8582 9956
15.8803 10164
15.8994 10368
15.9272 4320
15.9741 4800
15.9933 5232
16.0124 5628
16.0315 5996
16.0506 6341
16.0602 6668
16.07 6978
16.0886 7275
16.1071 7560
16.1256 7834
16.1442 8098
16.1627 8354
16.1812 8602
16.1997 8843
16.2141 9077
16.2329 9305
16.2538 9527
16.2729 9744
16.2918 9956
16.3121 10164
16.3312 10368
16.3587 4320
16.4053 4800
16.4244 5232
16.4435 5628
16.4627 5996
16.4818 6341
16.4923 6668
16.5114 6978
16.5299 7275
16.5481 7560
16.5667 7834
16.5855 8098
16.604 8354
16.6225 8602
16.642 8843
16.6608 9077
16.679 9305
16.6984 9527
16.7178 9744
16.7376 9956
16.7573 10164
16.7764 10368
16.8039 4320
16.8505 4800
16.8696 5232
16.8888 5628
16.9079 5996
16.927 6341
16.9369 6668
16.956 6978
16.9745 7275
16.993 7560
17.0116 7834
17.0283 8098
17.0468 8354
17.0671 8602
17.0854 8843
17.1033 9077
17.1224 9305
17.1418 9527
17.1607 9744
17.1822 9956
17.201 10164
17.2291 4320
17.2844 4800
17.3032 5232
17.3223 5628
17.3414 5996
17.3606 6341
17.3698 6668
17.38 6978
17.3982 7275
17.4167 7560
17.4353 7834
17.4541 8098
17.4726 8354
17.4911 8602
17.5007 8843
17.5186 9077
17.5431 9305
17.5617 9527
17.5823 9744
17.605 9956
17.6235 10164
17.6423 10368
17.6704 4320
17.717 4800
17.7365 5232
17.7556 5628
17.7747 5996
17.7938 6341
17.804 6668
17.8225 6978
17.8413 7275
17.8599 7560
17.8784 7834
17.8969 8098
17.9154 8354
17.9343 8602
17.954 8843
17.9683 9077
17.9868 9305
18.0081 9527
18.0296 9744
18.0487 9956
18.0675 10164
18.0863 10368
18.1141 4320
18.1607 4800
18.1805 5232
18.1996 5628
18.2187 5996
18.2378 6341
18.2468 6668
18.2573 6978
18.2758 7275
18.2946 7560
18.3131 7834
18.3317 8098
18.3502 8354
18.3687 8602
18.3878 8843
18.4064 9077
18.4255 9305
18.4446 9527
18.4664 9744
18.4858 9956
18.505 10164
18.5238 10368
18.5513 4320
18.5982 4800
18.6173 5232
18.6364 5628
18.6556 5996
18.675 6341
18.6842 6668
18.6944 6978
18.7129 7275
18.7318 7560
18.7503 7834
18.7688 8098
18.7876 8354
18.8065 8602
18.8283 8843
18.8462 9077
18.8653 9305
18.8844 9527
18.9036 9744
18.9227 9956
18.9415 10164
18.9603 10368
18.9884 4320
19.0341 4800
19.0533 5232
19.0724 5628
19.0915 5996
19.1106 6341
19.1196 6668
19.1301 6978
19.1483 7275
19.1671 7560
19.1859 7834
19.2045 8098
19.2233 8354
19.2424 8602
19.2612 8843
19.2792 9077
19.2983 9305
19.3177 9527
19.3398 9744
19.3592 9956
19.3781 10164
19.3966 10368
19.4247 4320
19.4713 4800
19.4904 5232
19.5095 5628
19.5286 5996
19.5478 6341
19.557 6668
19.5672 6978
19.5765 7275
19.5866 7560
19.6048 7834
19.6237 8098
19.6425 8354
19.6616 8602
19.6798 8843
19.6984 9077
19.7178 9305
19.7366 9527
19.756 9744
19.7761 9956
19.7958 10164
19.8143 10368
19.8421 4320
19.8887 4800
19.9078 5232
19.9269 5628
19.9461 5996
19.9652 6341
19.9748 6668
19.9846 6978
20.0034 7275
20.0226 7560
20.0411 7834
20.0596 8098
20.0784 8354
20.097 8602
20.1158 8843
20.1349 9077
20.1525 9305
20.172 9527
20.1935 9744
20.2126 9956
20.2329 10164
20.2613 4320
20.3076 4800
20.3267 5232
20.3459 5628
20.365 5996
20.3841 6341
20.3934 6668
20.4035 6978
20.4218 7275
20.44 7560
20.4588 7834
20.4773 8098
20.4953 8354
20.5138 8602
20.532 8843
20.5505 9077
20.5691 9305
20.5885 9527
20.6085 9744
20.6279 9956
20.6474 10164
20.6662 10368
20.6949 4320
20.7427 4800
20.7618 5232
20.7809 5628
20.8 5996
20.8192 6341
20.8284 6668
20.8386 6978
20.8568 7275
20.8753 7560
20.8939 7834
20.9124 8098
20.9303 8354
20.9488 8602
20.9677 8843
20.9856 9077
21.0056 9305
21.0262 9527
21.0451 9744
21.0645 9956
21.0842 10164
21.1033 10368
21.1311 4320
21.1786 4800
21.1977 5232
21.2169 5628
21.236 5996
21.2551 6341
21.2647 6668
21.2745 6978
21.2931 7275
21.3119 7560
21.3304 7834
21.3489 8098
21.3672 8354
21.3857 8602
21.4042 8843
21.4218 9077
21.4413 9305
21.4619 9527
21.481 9744
21.5034 9956
21.5225 10164
21.5509 4320
21.6071 4800
21.6256 5232
21.645 5628
21.6642 5996
21.6833 6341
21.6931 6668
21.712 6978
21.7308 7275
21.7496 7560
21.7681 7834
21.7867 8098
21.8055 8354
21.8234 8602
21.8419 8843
21.8605 9077
21.8793 9305
21.9005 9527
21.9202 9744
21.942 9956
21.9612 10164
21.9797 10368
