1 0.0767535
1.08373 0.0745343
1.09369 0.0715925
1.13473 0.0690185
1.14489 0.0667662
1.18552 0.0699204
1.19568 0.0688053
1.23632 0.0717047
1.24648 0.0703666
1.28712 0.0730708
1.29528 0.0713119
1.3148 0.0708979
1.33811 0.0684107
1.35464 0.0672344
1.37437 0.0663301
1.38911 0.0644138
1.40564 0.0627371
1.42536 0.0612699
1.44508 0.0624862
1.46341 0.0639254
1.48173 0.0654347
1.50086 0.0666304
1.51918 0.0675516
1.53811 0.0684827
1.55604 0.0692973
1.57337 0.0697602
1.59149 0.0700401
1.60922 0.0701601
1.62476 0.0698901
1.63811 0.0692788
1.65225 0.068244
1.6646 0.0665885
1.67575 0.0646399
1.6893 0.0629349
1.70324 0.0614431
1.71559 0.0616377
1.73532 0.062808
1.74348 0.063457
1.75703 0.0640249
1.77575 0.0650217
1.79288 0.066519
1.80782 0.0672041
1.82595 0.0690536
1.84049 0.0707969
1.85444 0.0718223
1.86639 0.0720945
1.88193 0.0723327
1.89766 0.0722911
1.91539 0.0726297
1.93153 0.073176
1.94667 0.074029
1.96539 0.0752754
1.98611 0.076991
2.12874 0.0747421
2.14726 0.0730243
2.17953 0.0743963
2.19826 0.0738468
2.23033 0.0749909
2.24905 0.074367
2.28112 0.0754462
2.28929 0.0733904
2.30941 0.0717166
2.33212 0.069127
2.34985 0.0679861
2.36041 0.0658629
2.38311 0.064005
2.40084 0.0623794
2.41937 0.063332
2.43889 0.0651655
2.45801 0.0663948
2.47594 0.0674704
2.49347 0.0682866
2.5116 0.0688758
2.52773 0.0688913
2.54447 0.0689049
2.54965 0.0672918
2.5618 0.0651303
2.57873 0.063364
2.59486 0.0616935
2.60004 0.0603568
2.61239 0.0591872
2.63012 0.0582888
2.64586 0.0573777
2.65881 0.0574555
2.67634 0.0597736
2.69227 0.0623019
2.7096 0.0643891
2.72454 0.0662155
2.73889 0.0679386
2.75363 0.0690712
2.76498 0.0694373
2.78271 0.0698827
2.79765 0.0702723
2.81359 0.0708633
2.83012 0.0716304
2.84705 0.0730516
2.86597 0.0742951
2.8845 0.0758832
2.90243 0.0775228
3.05203 0.0753325
3.07075 0.0734159
3.10302 0.0706139
3.12175 0.0681622
3.15402 0.0701419
3.17254 0.0699992
3.20481 0.0716243
3.22334 0.0712962
3.25561 0.0727592
3.26437 0.0711643
3.27433 0.0686438
3.30661 0.0664383
3.31537 0.0645085
3.32533 0.0628199
3.3576 0.0613425
3.36637 0.0600496
3.37633 0.0589184
3.4084 0.0619286
3.41716 0.0616876
3.42732 0.0616016
3.4578 0.0640264
3.46437 0.0630231
3.47254 0.0620202
3.50561 0.0640177
3.506 0.0621405
3.51158 0.0602479
3.52254 0.0589669
3.5566 0.0579711
3.57174 0.0588497
3.58549 0.0607435
3.60242 0.0631505
3.61537 0.0626317
3.62293 0.0611778
3.63668 0.0599055
3.65381 0.0609173
3.66995 0.0616777
3.68369 0.062468
3.70162 0.0645345
3.72253 0.0672177
3.73747 0.0693155
3.75939 0.071901
3.77771 0.0746634
3.79704 0.0773305
3.81915 0.0797892
3.96536 0.0773155
3.98269 0.0750261
4.01655 0.0720228
4.03369 0.069395
4.06735 0.0713456
4.08448 0.0709274
4.11815 0.0726865
4.13528 0.0721007
4.16894 0.0735881
4.1787 0.0718896
4.19603 0.0705284
4.21994 0.0680873
4.2297 0.0659514
4.24703 0.0640825
4.27093 0.0624472
4.28946 0.0621413
4.30798 0.0618736
4.32751 0.0641394
4.34723 0.065747
4.36555 0.0670286
4.38169 0.0679
4.39583 0.0679125
4.41296 0.0675485
4.43029 0.0672299
4.43069 0.0649512
4.44523 0.0630823
4.46316 0.061572
4.48268 0.0603755
4.5024 0.0618286
4.51774 0.0631
4.53487 0.0640875
4.54882 0.0643265
4.5536 0.0626607
4.56894 0.0612031
4.58627 0.0621777
4.6016 0.0627805
4.62053 0.063933
4.63846 0.0665663
4.6528 0.0687455
4.67232 0.0709024
4.69463 0.0736646
4.71435 0.0762065
4.86375 0.0741807
4.88347 0.0726581
4.91495 0.0699508
4.93467 0.067582
4.96574 0.0693842
4.98546 0.0695862
5.01654 0.0711379
5.03626 0.0711207
5.06733 0.0724806
5.07849 0.0711705
5.09741 0.0698992
5.11833 0.0675368
5.12968 0.0654697
5.14861 0.063661
5.16932 0.0620784
5.18068 0.0606936
5.1996 0.0594819
5.22012 0.0610466
5.23147 0.0611658
5.2504 0.0622701
5.27092 0.0633613
5.28227 0.0631912
5.2988 0.0636673
5.31554 0.0638339
5.31594 0.0614796
5.33127 0.0599197
5.3492 0.0588047
5.36514 0.0577041
5.36554 0.0567411
5.38227 0.0560235
5.4002 0.0553955
5.41613 0.0548461
5.43426 0.0566153
5.4486 0.0577884
5.45777 0.0599399
5.47848 0.0621974
5.49541 0.0642977
5.50677 0.0652605
5.52868 0.0671029
5.54681 0.0698401
5.56095 0.0713601
5.58266 0.073315
5.60338 0.0762757
5.6235 0.0786162
5.64481 0.0810392
5.79282 0.0784093
5.81214 0.0762331
5.84382 0.073079
5.86314 0.0703191
5.89461 0.0717792
5.91393 0.0715568
5.94541 0.0728622
5.96473 0.0725044
5.9962 0.0738164
6.00656 0.0722143
6.02628 0.0709375
6.0472 0.0684453
6.05756 0.0662647
6.07728 0.0643566
6.09819 0.062687
6.10855 0.0612261
6.12847 0.0599479
6.14899 0.0613294
6.15935 0.0612882
6.17927 0.0625022
6.19979 0.0635644
6.21014 0.0633689
6.22867 0.0640728
6.24341 0.0640637
6.24381 0.0615557
6.25596 0.0594862
6.27787 0.0581755
6.29202 0.0570285
6.29261 0.056025
6.30636 0.0553968
6.32887 0.0548472
6.34301 0.0543663
6.36054 0.0560705
6.37668 0.0578117
6.38584 0.0604603
6.39819 0.0616527
6.42289 0.0638211
6.43345 0.0649685
6.44739 0.0657224
6.46373 0.0672571
6.48185 0.069225
6.49879 0.0700719
6.51711 0.0718129
6.53623 0.0739613
6.55496 0.0760911
6.57408 0.0782047
6.5942 0.0804291
6.7432 0.0781255
6.76432 0.0764848
6.7948 0.0732992
6.81611 0.0706368
6.84559 0.0719322
6.86691 0.0719407
6.89639 0.0729481
6.9177 0.0728296
6.94758 0.0738509
6.95794 0.0722445
6.9687 0.069589
6.99858 0.0672653
7.0179 0.0663572
7.03463 0.0663125
7.04957 0.0643985
7.06929 0.0628486
7.08603 0.0614926
7.10575 0.062681
7.12427 0.0642209
7.1422 0.0653183
7.15834 0.0661535
7.17427 0.0665093
7.18961 0.0663206
7.20933 0.0664056
7.21531 0.0652299
7.22288 0.0630761
7.23602 0.0610666
7.26033 0.0598083
7.27547 0.0598322
7.28762 0.0604782
7.30594 0.0615434
7.32088 0.0613505
7.32706 0.0601817
7.33921 0.059159
7.35913 0.0607641
7.37367 0.0616686
7.38642 0.06221
7.40554 0.0641838
7.42228 0.0665358
7.43742 0.0679688
7.45495 0.0695977
7.47427 0.071898
7.49259 0.0737858
7.5151 0.0761875
7.53901 0.0794141
7.55853 0.0824873
7.70653 0.0796764
7.72406 0.0772169
7.75773 0.0739398
7.77526 0.0710723
7.80853 0.0726882
7.82605 0.0722272
7.85932 0.0736988
7.87685 0.0729865
7.91012 0.0743632
7.91968 0.0725678
7.93621 0.0709968
7.96111 0.0684972
7.97944 0.067435
7.99478 0.0662557
8.01211 0.0643487
8.03063 0.0626801
8.04597 0.0612201
8.06569 0.0624426
8.08462 0.0636373
8.10394 0.0648076
8.12346 0.0664567
8.13721 0.0671496
8.15493 0.0675059
8.17187 0.0675676
8.17226 0.0652467
8.18701 0.0633408
8.20394 0.0615482
8.22286 0.0602297
8.22426 0.059201
8.23959 0.0583009
8.25493 0.0573883
8.27386 0.0565897
8.29039 0.057766
8.30413 0.0586703
8.31888 0.0612115
8.32923 0.062935
8.34716 0.0643182
8.36489 0.0655284
8.37664 0.0663373
8.39636 0.0677952
8.41748 0.0703208
8.43023 0.0719057
8.45114 0.0737925
8.46987 0.0761934
8.49337 0.0787942
8.5131 0.080945
8.65951 0.0785768
8.67763 0.0763797
8.7105 0.0732073
8.72863 0.0704314
8.7613 0.0721274
8.77943 0.0717365
8.81209 0.0732694
8.83022 0.0727358
8.86289 0.0740188
8.87504 0.0726414
8.89257 0.0713113
8.91389 0.0687724
8.92604 0.0665508
8.94357 0.064607
8.96488 0.0629061
8.97703 0.0614178
8.99456 0.0601156
9.01568 0.0616011
9.02783 0.061776
9.04536 0.062554
9.06647 0.0637348
9.07862 0.0636429
9.09615 0.0643125
9.11428 0.0648985
9.11468 0.0627862
9.12564 0.0608129
9.14536 0.0593363
9.16468 0.0581692
9.16508 0.0572731
9.17544 0.056364
9.19635 0.0556935
9.21567 0.0551068
9.23022 0.0563434
9.24516 0.0580505
9.2593 0.0612942
9.27563 0.0635074
9.29117 0.065069
9.30193 0.0658104
9.32523 0.0675841
9.34416 0.0697611
9.35392 0.0707909
9.37742 0.0726921
9.39655 0.0754805
9.41806 0.0776705
9.43679 0.0794617
9.58459 0.077029
9.60352 0.0749003
9.63559 0.0719128
9.65451 0.0692987
9.68638 0.0710114
9.70531 0.0708849
9.73718 0.0723993
9.7561 0.0720994
9.78798 0.073337
9.79555 0.0714199
9.81646 0.0699924
9.83897 0.0676183
9.85789 0.066916
9.87602 0.0660515
9.88997 0.0641701
9.90889 0.0625238
9.92702 0.0610833
9.94674 0.0621979
9.96646 0.0640482
9.98479 0.0655422
10.0023 0.0667244
10.0206 0.0676338
10.0322 0.0674296
10.0471 0.0668759
10.0475 0.0641414
10.0722 0.0626237
10.0818 0.0609208
10.0922 0.0589307
10.0926 0.0571893
10.1232 0.0564157
10.1328 0.0557387
10.1432 0.0551464
10.1633 0.0571281
10.1742 0.0563621
10.1836 0.0568168
10.1943 0.0574647
10.2141 0.0591566
10.225 0.059512
10.2344 0.059573
10.2451 0.0598764
10.2649 0.0611419
10.2758 0.0611241
10.2852 0.0609836
10.2926 0.0606107
10.3115 0.0612843
10.3304 0.0618738
10.3497 0.0633896
10.3704 0.0660909
10.3896 0.0699545
10.4117 0.0737102
10.4302 0.0769964
10.5696 0.0746219
10.5892 0.0729191
10.6204 0.0730542
10.6404 0.0727975
10.6712 0.0739478
10.6912 0.0735793
10.722 0.0746319
10.7288 0.0724279
10.7421 0.0697494
10.773 0.0674057
10.7886 0.06648
10.8095 0.066545
10.824 0.0646019
10.8396 0.0629017
10.8603 0.0640389
10.8748 0.0641591
10.8904 0.0643892
10.9111 0.0653405
10.9256 0.065298
10.9411 0.0655107
10.9619 0.0661969
10.9712 0.0654223
10.9716 0.0629945
10.984 0.0603702
11.0105 0.0589489
11.0202 0.0577053
11.0206 0.0566171
11.0284 0.055165
11.0615 0.0546444
11.0742 0.0545638
11.0823 0.0554933
11.1017 0.0586817
11.1184 0.0625965
11.1264 0.0628969
11.1329 0.0622848
11.1528 0.0632492
11.1692 0.063843
11.1772 0.0632377
11.1837 0.062458
11.2036 0.0635257
11.22 0.06396
11.2277 0.063215
11.2425 0.0634381
11.2648 0.0656334
11.2825 0.0673042
11.3032 0.0693912
11.3218 0.0724673
11.3429 0.0759089
11.3628 0.0786702
11.504 0.0763365
11.521 0.0744194
11.555 0.074742
11.5718 0.0737742
11.606 0.0753025
11.6226 0.0742646
11.6568 0.0756066
11.664 0.0732807
11.6736 0.0704957
11.7078 0.0680587
11.7238 0.0670514
11.7433 0.0674199
11.7588 0.0653674
11.7748 0.0635715
11.7941 0.0645001
11.8096 0.0646876
11.8255 0.0649766
11.8449 0.0656045
11.8604 0.065654
11.8763 0.0658222
11.8957 0.0663444
11.9106 0.0663014
11.911 0.0643887
11.9212 0.0619651
11.9425 0.0600945
11.9598 0.0587077
11.9602 0.0574942
11.9678 0.0560574
11.9935 0.0554253
12.0108 0.0548721
12.0212 0.0556381
12.0455 0.0593083
12.054 0.0627698
12.062 0.0634236
12.0724 0.0632456
12.0965 0.0647149
12.1094 0.0646255
12.1208 0.0647974
12.1369 0.0660727
12.1532 0.0679386
12.1692 0.0685713
12.1879 0.0697499
12.2042 0.0715311
12.2241 0.0735897
12.2433 0.075641
12.2632 0.0779359
12.4114 0.0756939
12.4303 0.0738572
12.4624 0.071
12.4813 0.0685
12.5132 0.0703125
12.5321 0.0702734
12.564 0.0717393
12.5829 0.0713969
12.6148 0.0727223
12.6214 0.070882
12.6339 0.0683967
12.6658 0.0662221
12.6817 0.0654444
12.7026 0.0658888
12.7168 0.0640277
12.7331 0.0625243
12.754 0.0612087
12.7721 0.0623076
12.7931 0.0641442
12.8118 0.0658762
12.8303 0.0671416
12.849 0.0683739
12.8634 0.0685772
12.8755 0.068005
12.8763 0.0652544
12.8949 0.0627226
12.912 0.0608823
12.9229 0.059147
12.9233 0.0576286
12.9459 0.0568
12.9632 0.0562
12.9739 0.05555
12.9929 0.0572313
13.0084 0.0579524
13.0178 0.0597083
13.0313 0.0607448
13.0456 0.0621517
13.063 0.0631327
13.0719 0.0631161
13.0903 0.0643516
13.109 0.0659327
13.1241 0.0675661
13.1447 0.0693703
13.1616 0.071949
13.1839 0.0745804
13.2026 0.0770078
13.2219 0.0795069
13.3692 0.0773185
13.3869 0.0752787
13.4203 0.0722439
13.4381 0.0697134
13.4711 0.0716242
13.4889 0.0711712
13.5219 0.0726498
13.5397 0.0720686
13.5727 0.07356
13.5825 0.07199
13.6012 0.0707412
13.6237 0.0682736
13.6431 0.0673644
13.6622 0.0665688
13.6747 0.0646227
13.6942 0.0629199
13.7134 0.0614299
13.7333 0.0626262
13.753 0.0646729
13.7697 0.0659638
13.7909 0.0673433
13.8092 0.0684254
13.8207 0.0682472
13.8367 0.0680913
13.8371 0.0654549
13.8544 0.062898
13.8703 0.0612858
13.8877 0.0600001
13.8919 0.0592501
13.9062 0.0583438
13.9213 0.0574258
13.9387 0.0566226
13.9534 0.0572948
13.9699 0.0580079
13.9829 0.0602569
13.992 0.0615998
14.0112 0.0630248
14.0237 0.0638967
14.0359 0.0641596
14.0472 0.0642647
14.0685 0.0657316
14.0875 0.0670151
14.0986 0.0680133
14.1205 0.0701366
14.1405 0.0729945
14.1604 0.0753702
14.1805 0.0775739
14.3319 0.0760022
14.35 0.0746269
14.3835 0.0717986
14.4016 0.0691987
14.4343 0.0710489
14.4524 0.0707928
14.4851 0.0724437
14.5034 0.0720132
14.5359 0.0733866
14.5464 0.0718382
14.5642 0.0704835
14.5869 0.068048
14.5976 0.065917
14.6153 0.0640524
14.6379 0.0624208
14.6486 0.0609932
14.6663 0.0597441
14.6887 0.0614011
14.6994 0.0614759
14.7171 0.0624164
14.7394 0.0637394
14.7502 0.063522
14.7679 0.0640817
14.7877 0.0648215
14.7881 0.0628438
14.799 0.0611133
14.8141 0.0593492
14.8377 0.0581805
14.8381 0.057158
14.8504 0.0563882
14.8665 0.0558397
14.8886 0.0552347
14.9056 0.0567054
14.9173 0.0579922
14.9299 0.0606182
14.9462 0.0630409
14.9582 0.0639108
14.9717 0.0641719
14.9914 0.0654005
15.0042 0.0666004
15.0147 0.0667753
15.04 0.0686784
15.0556 0.0705936
15.0733 0.0720194
15.0936 0.074142
15.1127 0.0771242
15.1337 0.0791087
15.1528 0.0813451
15.3016 0.078802
15.3215 0.0765767
15.3528 0.0733796
15.3725 0.0705822
15.4036 0.0720094
15.4233 0.0718832
15.4544 0.0731478
15.4741 0.0728794
15.5052 0.0740194
15.5145 0.072267
15.5355 0.0708586
15.5562 0.0683763
15.5757 0.0674543
15.5864 0.0653975
15.6072 0.0635978
15.6267 0.0620231
15.6374 0.0606452
15.658 0.0619395
15.6775 0.0629471
15.6882 0.0628287
15.7088 0.0638501
15.7283 0.0647439
15.7356 0.0639009
15.7528 0.0639133
15.7532 0.0615491
15.7787 0.0601055
15.7864 0.0589673
15.8008 0.0575964
15.8012 0.0563968
15.8297 0.0557222
15.8374 0.0551319
15.8518 0.0546155
15.8705 0.0564135
15.8807 0.0557368
15.8906 0.0563947
15.9044 0.0577204
15.9213 0.0592553
15.9315 0.0594734
15.9414 0.0596642
15.9554 0.0603312
15.9721 0.0612898
15.9823 0.0612536
15.9922 0.0612219
15.9976 0.0605691
16.0211 0.061248
16.04 0.062092
16.0592 0.0639555
16.0787 0.0667111
16.1032 0.0716222
16.1233 0.0754194
16.142 0.078742
16.2779 0.0761492
16.2938 0.0740056
16.3287 0.0753799
16.3446 0.0743324
16.3795 0.0757908
16.3954 0.074692
16.4303 0.0761055
16.4372 0.0738423
16.4464 0.070987
16.4813 0.0684886
16.4952 0.0671776
16.5157 0.0674054
16.5323 0.0653547
16.5462 0.0635604
16.5665 0.0644903
16.583 0.064929
16.597 0.0648129
16.6173 0.0655863
16.6338 0.065763
16.6478 0.0655426
16.6681 0.0663498
16.6828 0.0661811
16.6832 0.0641584
16.691 0.0616386
16.7167 0.0599338
16.7328 0.0586921
16.7332 0.0576056
16.7366 0.0560299
16.7677 0.0554011
16.7838 0.054851
16.801 0.0563696
16.8183 0.0599484
16.8289 0.0639549
16.8392 0.0649605
16.8544 0.0657154
16.8691 0.066126
16.8799 0.0654853
16.8902 0.0650496
16.9052 0.0651684
16.9199 0.0651474
16.9311 0.0647539
16.9436 0.0646597
16.9647 0.0658272
16.9822 0.0672238
17.0022 0.0691958
17.0175 0.0712964
17.043 0.0748843
17.0625 0.0777738
17.2071 0.0755521
17.2213 0.073358
17.2587 0.0739383
17.2723 0.072821
17.3097 0.0747184
17.3231 0.0735036
17.3605 0.0753156
17.3683 0.0732762
17.3826 0.0714917
17.4115 0.0689302
17.4269 0.0675639
17.4458 0.0669934
17.4625 0.0649943
17.4781 0.06337
17.4988 0.0644487
17.5177 0.0653926
17.536 0.0664686
17.5549 0.06766
17.5737 0.0685775
17.5922 0.0693803
17.6101 0.0699578
17.6235 0.069838
17.6239 0.0673583
17.6386 0.0646885
17.6615 0.0629774
17.6725 0.0612303
17.6729 0.0597015
17.6836 0.0578638
17.7125 0.0570058
17.7235 0.0562551
17.7334 0.0568482
17.7569 0.0602422
17.7697 0.0634619
17.7755 0.0634042
17.7848 0.0631036
17.8077 0.0644657
17.8205 0.0644075
17.8265 0.0634815
17.8356 0.0630463
17.8585 0.0644156
17.8713 0.0643636
17.88 0.0638182
17.8962 0.0645909
17.9179 0.066767
17.9372 0.0682961
17.9567 0.0703841
17.9761 0.0735861
17.9956 0.0767628
18.0147 0.0792925
18.1533 0.0766309
18.1753 0.0754271
18.2047 0.0752487
18.2263 0.0749676
18.2555 0.0755966
18.277 0.0752721
18.3063 0.0758631
18.3135 0.0736302
18.328 0.0708014
18.3573 0.0683262
18.3725 0.0671604
18.393 0.0667654
18.4083 0.0647947
18.4237 0.0630704
18.444 0.0640616
18.4595 0.0644289
18.4745 0.0646253
18.4948 0.0654221
18.5103 0.0656193
18.5252 0.0656669
18.5456 0.0663336
18.5611 0.0664169
18.5685 0.0653648
18.5772 0.0636942
18.5912 0.0614824
18.6075 0.0595471
18.6185 0.0583537
18.6266 0.0571845
18.642 0.0562864
18.6609 0.0558756
18.6806 0.0566412
18.6972 0.059436
18.7141 0.0630065
18.7249 0.0655057
18.7382 0.0670675
18.7507 0.0674341
18.7691 0.0680048
18.7782 0.0675042
18.7916 0.0674412
18.8055 0.067386
18.8274 0.0685878
18.8424 0.0691393
18.8623 0.0709969
18.8822 0.0734973
18.9017 0.0763101
18.9213 0.0785214
18.9404 0.0809562
19.088 0.0785867
19.1059 0.0765133
19.139 0.0776992
19.1569 0.0766118
19.1898 0.0775353
19.2077 0.0764684
19.2406 0.0774098
19.2517 0.0754836
19.2689 0.0736732
19.2916 0.070839
19.3029 0.0683591
19.3201 0.0663142
19.3426 0.0644
19.3539 0.062725
19.3734 0.0637593
19.3934 0.0649144
19.4047 0.0645501
19.4244 0.0653564
19.4442 0.0660618
19.4557 0.0655541
19.4752 0.0662348
19.495 0.0667055
19.5043 0.0658673
19.5232 0.0661339
19.539 0.0657421
19.5446 0.0637744
19.5513 0.0616776
19.5695 0.0597179
19.591 0.0587531
19.5946 0.057659
19.6019 0.0567016
19.6193 0.0581139
19.6418 0.0598497
19.6513 0.0599935
19.6623 0.0609943
19.6854 0.06387
19.6958 0.0653863
19.7071 0.065463
19.7149 0.0651551
19.7406 0.0667607
19.7479 0.0661656
19.7599 0.0658949
19.7754 0.0661581
19.7962 0.0681383
19.8107 0.068371
19.827 0.0698246
19.8493 0.0723466
19.8683 0.0749282
19.885 0.0765622
20.0372 0.0746169
20.0605 0.0734148
20.088 0.073363
20.1117 0.0734426
20.1388 0.0740123
20.1627 0.0741357
20.1896 0.0746188
20.1963 0.0725414
20.2137 0.0698487
20.2406 0.0674926
20.2555 0.0664311
20.2647 0.0645022
20.2916 0.0628144
20.3065 0.0613376
20.3254 0.0624204
20.3463 0.0648679
20.3631 0.0657594
20.3834 0.0671645
20.4021 0.0683939
20.4214 0.0692197
20.4404 0.0701922
20.4591 0.0709182
20.4772 0.0714284
20.4866 0.0706249
20.4896 0.0679217
20.5021 0.0648065
20.5264 0.0628307
20.5378 0.0613519
20.54 0.0599329
20.5489 0.0581913
20.5774 0.0572924
20.5961 0.0588808
20.6139 0.0610207
20.6326 0.0650181
20.6408 0.0683909
20.6469 0.068467
20.6681 0.0689086
20.6872 0.069545
20.6951 0.0687269
20.7065 0.0683861
20.7286 0.0700878
20.7463 0.0710768
20.7579 0.0709422
20.7804 0.0726994
20.7991 0.075237
20.8198 0.0772074
20.9663 0.0750565
20.976 0.0721744
21.0173 0.0695276
21.027 0.0672116
21.068 0.0703102
21.0778 0.0690214
21.1188 0.0717687
21.1286 0.0702976
21.1696 0.0730104
21.1776 0.0712591
21.1923 0.0703517
21.2206 0.0679328
21.237 0.0668162
21.2563 0.0664642
21.2716 0.0645311
21.288 0.0628397
21.3073 0.0613598
21.3256 0.0623148
21.3461 0.0639005
21.3647 0.0655379
21.3838 0.0668457
21.4025 0.0681149
21.4214 0.0689756
21.4358 0.0692286
21.4411 0.0678251
21.4489 0.0650969
21.4686 0.0628348
21.4854 0.0612305
21.4904 0.0597016
21.4969 0.0582389
21.518 0.0572091
21.5364 0.0564329
21.5529 0.0571288
21.5688 0.0589877
21.587 0.0628643
21.5953 0.0646312
21.6121 0.0660523
21.6286 0.0672958
21.6403 0.0678838
21.6539 0.0677733
21.6714 0.0688017
21.6933 0.0703265
21.7077 0.0714106
21.7278 0.0733593
21.7501 0.0763144
21.769 0.0790251
21.7878 0.080897
21.9405 0.0784098
21.9523 0.0749836
21.9917 0.0719857
