1 0.0812031
1.36932 0.0884277
1.43147 0.0963743
1.49481 0.0999525
1.55697 0.103083
1.59163 0.102323
1.61971 0.0974076
1.65437 0.0931067
1.71413 0.0933433
1.7733 0.0965504
1.83067 0.0989816
1.88684 0.108109
1.94301 0.115845
1.99979 0.12249
2.05656 0.128428
2.11393 0.133625
2.1713 0.138422
2.45336 0.131869
2.51611 0.12326
2.58005 0.123728
2.65057 0.125012
2.71272 0.125885
2.74858 0.1224
2.77547 0.114975
2.83822 0.111853
2.90037 0.113496
2.96192 0.114684
3.02288 0.115599
3.07965 0.123524
3.13642 0.129958
3.19319 0.135089
3.24937 0.139453
3.30554 0.143146
3.36171 0.146253
3.64856 0.139346
3.69458 0.127678
3.75912 0.125593
3.82306 0.126019
3.88939 0.126517
3.90911 0.121452
3.98621 0.118396
4.04357 0.120346
4.10154 0.119678
4.15891 0.119093
4.21449 0.118331
4.27006 0.124665
4.32564 0.129957
4.38241 0.134712
4.43978 0.138998
4.49596 0.142873
4.55273 0.146264
4.84017 0.139231
4.90531 0.129952
4.97583 0.130583
5.03798 0.13076
5.10611 0.13079
5.12642 0.125567
5.16885 0.117621
5.22921 0.115793
5.28658 0.116069
5.34395 0.11581
5.40072 0.115584
5.4569 0.122386
5.51307 0.128338
5.56984 0.133421
5.62661 0.137993
5.68339 0.141994
5.73956 0.145495
6.02999 0.138558
6.09035 0.128863
6.15489 0.12838
6.21704 0.128208
6.27979 0.127807
6.327 0.125581
6.38975 0.123633
6.4519 0.123679
6.50807 0.123094
6.56245 0.121582
6.61743 0.12001
6.67361 0.125633
6.73038 0.130929
6.78894 0.135938
6.84691 0.140571
6.90428 0.144749
6.96165 0.148281
7.2473 0.140996
7.31184 0.131371
7.38296 0.131825
7.44571 0.132097
7.51622 0.132335
7.53535 0.127043
7.61064 0.122912
7.66682 0.123923
7.72717 0.123058
7.78574 0.122551
7.84191 0.121482
7.89809 0.127672
7.95546 0.132963
8.01283 0.137717
8.0696 0.141878
8.12697 0.145518
8.18553 0.148953
8.47119 0.141459
8.53573 0.131777
8.60086 0.13143
8.66481 0.131126
8.73114 0.13111
8.76281 0.126971
8.82496 0.122725
8.8895 0.123259
8.94687 0.123102
9.00305 0.121964
9.05982 0.120844
9.11659 0.126988
9.17336 0.132365
9.22954 0.137069
9.28452 0.140935
9.34189 0.144319
9.39866 0.147404
9.68969 0.140728
9.75363 0.131137
9.82415 0.13162
9.8869 0.131793
9.94905 0.130943
9.99327 0.127951
10.0506 0.124582
10.1092 0.123509
10.1666 0.12257
10.2222 0.121374
10.2795 0.120327
10.3375 0.126661
10.3937 0.132204
10.451 0.137178
10.5084 0.141406
10.5664 0.145355
10.6231 0.148686
10.8992 0.14135
10.9632 0.131681
11.0181 0.130096
11.0755 0.127834
11.1392 0.119855
11.2014 0.120623
11.2337 0.117295
11.2642 0.110508
11.2977 0.104695
11.3575 0.103233
11.416 0.105204
11.4716 0.106303
11.5284 0.11439
11.584 0.120967
11.6425 0.127221
11.6999 0.132693
11.7585 0.137982
11.8158 0.142359
12.1003 0.135939
12.1648 0.126947
12.2282 0.127078
12.2909 0.126943
12.3531 0.126701
12.4224 0.127363
12.4851 0.127943
12.5413 0.126825
12.5981 0.125097
12.6537 0.12346
12.7086 0.121777
12.7648 0.127305
12.8216 0.132392
12.8778 0.136968
12.9357 0.141222
12.9937 0.145069
13.0505 0.148561
13.3397 0.14149
13.4072 0.132304
13.4694 0.132016
13.5315 0.131014
13.5937 0.130137
13.6248 0.125495
13.6564 0.117683
13.718 0.114598
13.7742 0.115023
13.8315 0.114895
13.8877 0.114658
13.9439 0.121451
14.0007 0.127395
14.0562 0.132595
14.1124 0.137146
14.1704 0.141253
14.2271 0.144971
14.5122 0.138225
14.5743 0.128697
14.6461 0.12936
14.7094 0.130065
14.7716 0.129432
14.7979 0.124253
14.8343 0.116596
14.8941 0.114147
14.955 0.115003
15.013 0.115378
15.0692 0.115206
15.1253 0.122055
15.1833 0.128173
15.2395 0.133401
15.2957 0.137976
15.35 0.141604
15.408 0.144904
15.6919 0.138666
15.757 0.129457
15.8263 0.13015
15.8885 0.130382
15.9506 0.129584
15.9799 0.124761
16.0134 0.117041
16.0731 0.114161
16.1341 0.115016
16.1926 0.115514
16.2488 0.115324
16.305 0.122159
16.3606 0.127889
16.4173 0.133028
16.4735 0.137524
16.5297 0.141459
16.5877 0.145026
16.8697 0.137898
16.9343 0.128786
16.997 0.128688
17.061 0.128352
17.1243 0.128183
17.1536 0.123785
17.1871 0.116187
17.2492 0.113663
17.3114 0.114956
17.3717 0.115836
17.4297 0.116107
17.4853 0.123343
17.5408 0.12905
17.597 0.133919
17.6532 0.138179
17.7105 0.142157
17.7691 0.145887
18.0524 0.138526
18.1175 0.129335
18.1797 0.129044
18.2418 0.128413
18.304 0.127861
18.341 0.124379
18.4026 0.121206
18.4617 0.121056
18.5173 0.120299
18.5765 0.119636
18.6326 0.119057
18.6888 0.12555
18.7456 0.130981
18.8018 0.135733
18.8591 0.140142
18.9177 0.144124
18.9739 0.147608
19.2595 0.140282
19.333 0.131997
19.3952 0.132497
19.4669 0.13256
19.5302 0.132865
19.5655 0.128632
19.6241 0.124303
19.6832 0.123515
19.7412 0.122701
19.7974 0.121613
19.8529 0.120287
19.9103 0.126376
19.9671 0.131829
20.0233 0.136725
20.0818 0.14101
20.138 0.144633
20.1942 0.147929
20.4792 0.140813
20.5551 0.132711
20.6173 0.133372
20.68 0.132326
20.7422 0.13141
20.775 0.126859
20.8049 0.118752
20.8384 0.111783
20.8963 0.10931
20.9537 0.110021
21.0093 0.110393
21.0661 0.117844
21.124 0.124489
21.1814 0.130428
21.2388 0.135624
21.2955 0.140046
21.3529 0.143915
21.6398 0.137176
21.7025 0.127904
21.7671 0.127916
21.8298 0.127801
21.8925 0.127451
21.9218 0.12302
21.9565 0.115642
