1 5520
1.00637 5895
1.02041 6246
1.0343 6577
1.0485 6892
1.06254 7192
1.07658 7480
1.09078 7757
1.10497 8024
1.11901 8282
1.14008 2880
1.16114 3600
1.17519 4176
1.18923 4672
1.20342 5115
1.21747 5520
1.23151 5895
1.24556 6246
1.2596 6577
1.27394 6892
1.28798 7192
1.30233 7480
1.31667 7757
1.33056 8024
1.34461 8282
1.36552 2880
1.38659 3600
1.40048 4176
1.41497 4672
1.42932 5115
1.44381 5520
1.45128 5895
1.46562 6246
1.47936 6577
1.49311 6892
1.50715 7192
1.52135 7480
1.53524 7757
1.54913 8024
1.56288 8282
1.5829 2880
1.60262 3600
1.61562 4176
1.62891 4672
1.64206 5115
1.65521 5520
1.66835 5895
1.6815 6246
1.69465 6577
1.7078 6892
1.72094 7192
1.73409 7480
1.74724 7757
1.76038 8024
1.77353 8282
1.79325 2880
1.81955 3600
1.83269 4176
1.84584 4672
1.85899 5115
1.87213 5520
1.88528 5895
1.89888 6246
1.91202 6577
1.92517 6892
1.93832 7192
1.95147 7480
1.96461 7757
1.97776 8024
1.99091 8282
2.01063 2880
2.03692 3600
2.05007 4176
2.06322 4672
2.07636 5115
2.08951 5520
2.10266 5895
2.1158 6246
2.12895 6577
2.1421 6892
2.15525 7192
2.16839 7480
2.18184 7757
2.19499 8024
2.20813 8282
2.22128 8532
2.23443 8775
2.24757 9011
2.26087 9241
2.27432 9465
2.29449 3600
2.32138 4176
2.33482 4672
2.34827 5115
2.36171 5520
2.37531 5895
2.38876 6246
2.4022 6577
2.41565 6892
2.42894 7192
2.44209 7480
2.45539 7757
2.46854 8024
2.48168 8282
2.49483 8532
2.50813 8775
2.52187 9011
2.53547 9241
2.54906 9465
2.56953 3600
2.60359 4176
2.61734 4672
2.63093 5115
2.64453 5520
2.65857 5895
2.67261 6246
2.68666 6577
2.69383 6892
2.70802 7192
2.72147 7480
2.73536 7757
2.74941 8024
2.7636 8282
2.77749 8532
2.79139 8775
2.812 3600
2.84637 4176
2.86011 4672
2.87385 5115
2.8876 5520
2.90134 5895
2.91509 6246
2.92883 6577
2.94258 6892
2.95632 7192
2.97007 7480
2.98381 7757
2.99756 8024
3.0113 8282
3.03192 2880
3.05254 3600
3.06628 4176
3.08003 4672
3.09377 5115
3.10751 5520
3.12126 5895
3.135 6246
3.1489 6577
3.16279 6892
3.17654 7192
3.19028 7480
3.20403 7757
3.21777 8024
3.23152 8282
3.25213 2880
3.27275 3600
3.28649 4176
3.30024 4672
3.31413 5115
3.32788 5520
3.34162 5895
3.35537 6246
3.36911 6577
3.38301 6892
3.39705 7192
3.41109 7480
3.42514 7757
3.43918 8024
3.45337 8282
3.47444 2880
3.4955 3600
3.50955 4176
3.52359 4672
3.53763 5115
3.55168 5520
3.56572 5895
3.57976 6246
3.59366 6577
3.60785 6892
3.6219 7192
3.63594 7480
3.64998 7757
3.66418 8024
3.67822 8282
3.69928 2880
3.72035 3600
3.73439 4176
3.74844 4672
3.76218 5115
3.77593 5520
3.78967 5895
3.80342 6246
3.81746 6577
3.8312 6892
3.8451 7192
3.85914 7480
3.87289 7757
3.88708 8024
3.90097 8282
3.92189 2880
3.9428 3600
3.95715 4176
3.97149 4672
3.98583 5115
3.9933 5520
4.00764 5895
4.02139 6246
4.03528 6577
4.04903 6892
4.06352 7192
4.07741 7480
4.09131 7757
4.10505 8024
4.1188 8282
4.13941 2880
4.16003 3600
4.17363 4176
4.18752 4672
4.20126 5115
4.21501 5520
4.22875 5895
4.2425 6246
4.25624 6577
4.26999 6892
4.28373 7192
4.29748 7480
4.31122 7757
4.32497 8024
4.33871 8282
4.35933 2880
4.37995 3600
4.39369 4176
4.40744 4672
4.42118 5115
4.43492 5520
4.44882 5895
4.46286 6246
4.47661 6577
4.49035 6892
4.5041 7192
4.51784 7480
4.53159 7757
4.54533 8024
4.55908 8282
4.57969 2880
4.60031 3600
4.61405 4176
4.6278 4672
4.64154 5115
4.65529 5520
4.66903 5895
4.68278 6246
4.69682 6577
4.71086 6892
4.72491 7192
4.73895 7480
4.75314 7757
4.76719 8024
4.78123 8282
4.8023 2880
4.82336 3600
4.83741 4176
4.85145 4672
4.86549 5115
4.87954 5520
4.89358 5895
4.90762 6246
4.92167 6577
4.93571 6892
4.9499 7192
4.96395 7480
4.97799 7757
4.99203 8024
5.00608 8282
5.02714 2880
5.04851 3600
5.06255 4176
5.07659 4672
5.09064 5115
5.10468 5520
5.11902 5895
5.13322 6246
5.14726 6577
5.1616 6892
5.17565 7192
5.18999 7480
5.20433 7757
5.21852 8024
5.23286 8282
5.25453 2880
5.27679 3600
5.28396 4176
5.29875 4672
5.31294 5115
5.32729 5520
5.34148 5895
5.35582 6246
5.37031 6577
5.3845 6892
5.3987 7192
5.41274 7480
5.42678 7757
5.44083 8024
5.45487 8282
5.47594 2880
5.497 3600
5.51105 4176
5.52509 4672
5.53913 5115
5.55318 5520
5.56722 5895
5.58126 6246
5.59531 6577
5.60935 6892
5.62339 7192
5.63744 7480
5.65148 7757
5.66552 8024
5.67957 8282
5.70063 2880
5.7217 3600
5.73574 4176
5.74993 4672
5.76413 5115
5.77817 5520
5.79221 5895
5.80626 6246
5.8203 6577
5.83435 6892
5.84839 7192
5.86243 7480
5.87648 7757
5.89052 8024
5.90456 8282
5.92578 2880
5.94684 3600
5.96089 4176
5.97493 4672
5.98897 5115
6.00302 5520
6.01721 5895
6.03125 6246
6.0453 6577
6.05949 6892
6.07353 7192
6.08758 7480
6.10162 7757
6.11566 8024
6.12971 8282
6.15077 2880
6.17184 3600
6.18588 4176
6.19978 4672
6.21397 5115
6.22801 5520
6.24206 5895
6.2561 6246
6.27029 6577
6.28434 6892
6.29838 7192
6.31242 7480
6.32647 7757
6.34051 8024
6.3547 8282
6.37577 2880
6.39683 3600
6.41088 4176
6.42507 4672
6.43926 5115
6.45345 5520
6.4675 5895
6.48184 6246
6.49603 6577
6.51038 6892
6.52472 7192
6.53891 7480
6.55325 7757
6.56774 8024
6.58239 8282
6.6042 2880
6.61944 3600
6.63348 4176
6.64767 4672
6.66172 5115
6.67606 5520
6.69055 5895
6.70489 6246
6.71894 6577
6.73298 6892
6.74702 7192
6.76107 7480
6.77511 7757
6.7893 8024
6.80335 8282
6.82441 2880
6.84548 3600
6.85952 4176
6.87356 4672
6.88761 5115
6.90165 5520
6.9157 5895
6.92974 6246
6.94378 6577
6.95783 6892
6.97187 7192
6.98591 7480
6.99996 7757
7.014 8024
7.02804 8282
7.04911 2880
7.07017 3600
7.08452 4176
7.09856 4672
7.1126 5115
7.12665 5520
7.14069 5895
7.15473 6246
7.16878 6577
7.18282 6892
7.19686 7192
7.21091 7480
7.22495 7757
7.23899 8024
7.25304 8282
7.2741 2880
7.29517 3600
7.30921 4176
7.32326 4672
7.33745 5115
7.35149 5520
7.36569 5895
7.37988 6246
7.39392 6577
7.40796 6892
7.42201 7192
7.43605 7480
7.4501 7757
7.46414 8024
7.47818 8282
7.49925 2880
7.52031 3600
7.53436 4176
7.5484 4672
7.56244 5115
7.57649 5520
7.59068 5895
7.60472 6246
7.61877 6577
7.63281 6892
7.64685 7192
7.6609 7480
7.67509 7757
7.68913 8024
7.70318 8282
7.72424 2880
7.74561 3600
7.75965 4176
7.77384 4672
7.78804 5115
7.80223 5520
7.81627 5895
7.83076 6246
7.84496 6577
7.85915 6892
7.87349 7192
7.88798 7480
7.90277 7757
7.91742 8024
7.92489 8282
7.9467 2880
7.96806 3600
7.98211 4176
7.9969 4672
8.01109 5115
8.02528 5520
8.03933 5895
8.05337 6246
8.06741 6577
8.08146 6892
8.0955 7192
8.10954 7480
8.12359 7757
8.13763 8024
8.15167 8282
8.17274 2880
8.1938 3600
8.20785 4176
8.22189 4672
8.23593 5115
8.24998 5520
8.26402 5895
8.27806 6246
8.29211 6577
8.30615 6892
8.3202 7192
8.33424 7480
8.34828 7757
8.36233 8024
8.37637 8282
8.39773 2880
8.4188 3600
8.43284 4176
8.44689 4672
8.46093 5115
8.47497 5520
8.48902 5895
8.50306 6246
8.5171 6577
8.53115 6892
8.54534 7192
8.55938 7480
8.57343 7757
8.58747 8024
8.60151 8282
8.62258 2880
8.64364 3600
8.65784 4176
8.67188 4672
8.68592 5115
8.70012 5520
8.71416 5895
8.7282 6246
8.74225 6577
8.75629 6892
8.77033 7192
8.78438 7480
8.79842 7757
8.81246 8024
8.82636 8282
8.84757 2880
8.86864 3600
8.88268 4176
8.89673 4672
8.91092 5115
8.92496 5520
8.93901 5895
8.95305 6246
8.96709 6577
8.98114 6892
8.99533 7192
9.00937 7480
9.02342 7757
9.03746 8024
9.0515 8282
9.07287 2880
9.09408 3600
9.10827 4176
9.12262 4672
9.13696 5115
9.15115 5520
9.16549 5895
9.17954 6246
9.19388 6577
9.20837 6892
9.22316 7192
9.2378 7480
9.24542 7757
9.26006 8024
9.27411 8282
9.2883 8532
9.30234 8775
9.31713 9011
9.33133 9241
9.34552 9465
9.36659 3600
9.39452 4176
9.40887 4672
9.42291 5115
9.43695 5520
9.451 5895
9.46504 6246
9.47908 6577
9.49313 6892
9.50717 7192
9.52121 7480
9.53526 7757
9.5493 8024
9.56334 8282
9.58441 2880
9.60547 3600
9.61952 4176
9.63356 4672
9.64761 5115
9.66165 5520
9.67569 5895
9.68974 6246
9.70408 6577
9.71827 6892
9.73231 7192
9.74636 7480
9.7604 7757
9.77445 8024
9.78849 8282
9.80955 2880
9.83062 3600
9.84466 4176
9.85871 4672
9.87275 5115
9.88679 5520
9.90084 5895
9.91488 6246
9.92892 6577
9.94297 6892
9.95701 7192
9.9712 7480
9.9851 7757
9.99929 8024
10.0135 8282
10.0345 2880
10.0556 3600
10.0697 4176
10.0837 4672
10.0977 5115
10.1118 5520
10.1258 5895
10.1399 6246
10.1539 6577
10.168 6892
10.182 7192
10.196 7480
10.2101 7757
10.2243 8024
10.2383 8282
10.2594 2880
10.2806 3600
10.2947 4176
10.3088 4672
10.3229 5115
10.3369 5520
10.351 5895
10.365 6246
10.3794 6577
10.3934 6892
10.4076 7192
10.4216 7480
10.436 7757
10.45 8024
10.4645 8282
10.4859 2880
10.5072 3600
10.5217 4176
10.5365 4672
10.5512 5115
10.5586 5520
10.5731 5895
10.5875 6246
10.6015 6577
10.6159 6892
10.6307 7192
10.6448 7480
10.659 7757
10.6731 8024
10.6871 8282
10.7082 2880
10.7293 3600
10.7433 4176
10.7573 4672
10.7714 5115
10.7854 5520
10.7995 5895
10.8135 6246
10.8276 6577
10.8416 6892
10.8556 7192
10.8698 7480
10.8839 7757
10.8979 8024
10.912 8282
10.933 2880
10.9541 3600
10.9681 4176
10.9822 4672
10.9962 5115
11.0101 5520
11.0235 5895
11.0368 6246
11.0499 6577
11.0632 6892
11.0764 7192
11.0897 7480
11.1028 7757
11.116 8024
11.1291 8282
11.1486 2880
11.1753 3600
11.1884 4176
11.2016 4672
11.2155 5115
11.2292 5520
11.243 5895
11.2567 6246
11.2705 6577
11.2842 6892
11.2979 7192
11.3117 7480
11.3256 7757
11.3393 8024
11.3531 8282
11.3738 2880
11.3945 3600
11.4082 4176
11.422 4672
11.4358 5115
11.4496 5520
11.4633 5895
11.4771 6246
11.4908 6577
11.5046 6892
11.5183 7192
11.5321 7480
11.5458 7757
11.5597 8024
11.5734 8282
11.5941 2880
11.6147 3600
11.6284 4176
11.6422 4672
11.6561 5115
11.6698 5520
11.6835 5895
11.6973 6246
11.711 6577
11.7249 6892
11.7388 7192
11.7526 7480
11.7665 7757
11.7805 8024
11.7946 8282
11.8155 2880
11.8362 3600
11.8501 4176
11.8649 4672
11.8791 5115
11.8861 5520
11.9005 5895
11.9145 6246
11.9286 6577
11.9423 6892
11.9565 7192
11.9704 7480
11.9843 7757
11.9982 8024
12.0121 8282
12.0327 2880
12.0533 3600
12.0671 4176
12.0808 4672
12.0945 5115
12.1083 5520
12.122 5895
12.1358 6246
12.1495 6577
12.1633 6892
12.177 7192
12.1908 7480
12.2045 7757
12.2182 8024
12.232 8282
12.2526 2880
12.2732 3600
12.287 4176
12.3007 4672
12.3145 5115
12.3282 5520
12.3421 5895
12.3558 6246
12.3697 6577
12.3835 6892
12.3972 7192
12.411 7480
12.4247 7757
12.4386 8024
12.4524 8282
12.473 2880
12.4937 3600
12.5076 4176
12.5214 4672
12.5351 5115
12.5489 5520
12.5626 5895
12.5764 6246
12.5903 6577
12.6041 6892
12.6179 7192
12.6316 7480
12.6455 7757
12.6593 8024
12.673 8282
12.6936 2880
12.7143 3600
12.728 4176
12.7417 4672
12.7555 5115
12.7692 5520
12.783 5895
12.7967 6246
12.8105 6577
12.8242 6892
12.838 7192
12.8518 7480
12.8654 7757
12.8793 8024
12.8931 8282
12.9137 2880
12.9345 3600
12.9482 4176
12.962 4672
12.9757 5115
12.9894 5520
13.0032 5895
13.0171 6246
13.031 6577
13.0447 6892
13.0588 7192
13.0727 7480
13.0867 7757
13.1007 8024
13.1145 8282
13.1354 2880
13.1568 3600
13.1713 4176
13.1784 4672
13.1929 5115
13.2068 5520
13.2209 5895
13.2346 6246
13.2488 6577
13.2627 6892
13.2767 7192
13.2905 7480
13.3042 7757
13.318 8024
13.3317 8282
13.3523 2880
13.373 3600
13.3867 4176
13.4004 4672
13.4142 5115
13.4279 5520
13.4415 5895
13.4554 6246
13.4692 6577
13.4829 6892
13.4967 7192
13.5104 7480
13.5241 7757
13.5379 8024
13.5516 8282
13.5723 2880
13.5929 3600
13.6066 4176
13.6204 4672
13.6343 5115
13.648 5520
13.6619 5895
13.6756 6246
13.6894 6577
13.7031 6892
13.7169 7192
13.7309 7480
13.7447 7757
13.7584 8024
13.7721 8282
13.7931 2880
13.8137 3600
13.8274 4176
13.8412 4672
13.8549 5115
13.8687 5520
13.8824 5895
13.8963 6246
13.91 6577
13.9238 6892
13.9377 7192
13.9514 7480
13.9652 7757
13.9789 8024
13.9927 8282
14.0131 2880
14.0339 3600
14.0476 4176
14.0614 4672
14.0751 5115
14.0889 5520
14.1026 5895
14.1164 6246
14.1301 6577
14.144 6892
14.1577 7192
14.1715 7480
14.1852 7757
14.199 8024
14.2127 8282
14.2335 2880
14.2541 3600
14.2679 4176
14.2816 4672
14.2955 5115
14.3094 5520
14.3233 5895
14.337 6246
14.3512 6577
14.365 6892
14.3792 7192
14.393 7480
14.4068 7757
14.4208 8024
14.435 8282
14.4562 2880
14.4709 3600
14.4851 4176
14.499 4672
14.513 5115
14.5269 5520
14.5411 5895
14.555 6246
14.5689 6577
14.5826 6892
14.5964 7192
14.6101 7480
14.6239 7757
14.6376 8024
14.6514 8282
14.672 2880
14.6926 3600
14.7063 4176
14.7201 4672
14.7338 5115
14.7476 5520
14.7613 5895
14.7751 6246
14.7888 6577
14.8026 6892
14.8163 7192
14.83 7480
14.8438 7757
14.8575 8024
14.8713 8282
14.892 2880
14.9127 3600
14.9266 4176
14.9404 4672
14.9542 5115
14.9679 5520
14.9817 5895
14.9954 6246
15.0093 6577
15.0231 6892
15.0368 7192
15.0506 7480
15.0643 7757
15.0782 8024
15.0921 8282
15.1127 2880
15.1333 3600
15.1471 4176
15.1607 4672
15.1746 5115
15.1884 5520
15.2022 5895
15.2159 6246
15.2298 6577
15.2436 6892
15.2573 7192
15.2711 7480
15.2848 7757
15.2986 8024
15.3123 8282
15.3329 2880
15.3535 3600
15.3673 4176
15.381 4672
15.3948 5115
15.4085 5520
15.4223 5895
15.4362 6246
15.4497 6577
15.4636 6892
15.4774 7192
15.4911 7480
15.5049 7757
15.5188 8024
15.5325 8282
15.5531 2880
15.5737 3600
15.5876 4176
15.6014 4672
15.6153 5115
15.6292 5520
15.6432 5895
15.6573 6246
15.6712 6577
15.6851 6892
15.6988 7192
15.7128 7480
15.727 7757
15.7415 8024
15.7557 8282
15.7704 2880
15.7914 3600
15.8052 4176
15.8191 4672
15.8333 5115
15.8471 5520
15.861 5895
15.8748 6246
15.8885 6577
15.9023 6892
15.916 7192
15.9298 7480
15.9435 7757
15.9573 8024
15.971 8282
15.9916 2880
16.0122 3600
16.0261 4176
16.0399 4672
16.0536 5115
16.0674 5520
16.0811 5895
16.0949 6246
16.1086 6577
16.1223 6892
16.1361 7192
16.1498 7480
16.1636 7757
16.1773 8024
16.1911 8282
16.2118 2880
16.2326 3600
16.2463 4176
16.2601 4672
16.2738 5115
16.2876 5520
16.3015 5895
16.3152 6246
16.329 6577
16.3427 6892
16.3565 7192
16.3705 7480
16.3842 7757
16.398 8024
16.4117 8282
16.4323 2880
16.453 3600
16.4667 4176
16.4806 4672
16.4943 5115
16.5081 5520
16.522 5895
16.5357 6246
16.5495 6577
16.5632 6892
16.577 7192
16.5907 7480
16.6046 7757
16.6183 8024
16.6321 8282
16.6527 2880
16.6733 3600
16.6871 4176
16.7008 4672
16.7146 5115
16.7285 5520
16.7422 5895
16.7559 6246
16.7697 6577
16.7834 6892
16.7972 7192
16.8111 7480
16.8248 7757
16.8386 8024
16.8523 8282
16.8731 2880
16.8938 3600
16.9076 4176
16.9215 4672
16.9355 5115
16.9496 5520
16.9636 5895
16.9774 6246
16.9912 6577
17.0051 6892
17.0193 7192
17.0337 7480
17.0411 7757
17.0555 8024
17.0695 8282
17.0904 2880
17.1185 3600
17.1324 4176
17.1463 4672
17.1601 5115
17.1737 5520
17.1877 5895
17.2015 6246
17.2152 6577
17.2289 6892
17.2427 7192
17.2564 7480
17.2702 7757
17.2839 8024
17.2977 8282
17.3183 2880
17.3389 3600
17.3526 4176
17.3664 4672
17.3801 5115
17.3939 5520
17.4076 5895
17.4214 6246
17.4351 6577
17.4489 6892
17.4626 7192
17.4763 7480
17.4901 7757
17.504 8024
17.5179 8282
17.5385 2880
17.5591 3600
17.5729 4176
17.5868 4672
17.6005 5115
17.6142 5520
17.628 5895
17.6417 6246
17.6556 6577
17.6695 6892
17.6833 7192
17.697 7480
17.7108 7757
17.7245 8024
17.7382 8282
17.759 2880
17.7796 3600
17.7934 4176
17.8073 4672
17.821 5115
17.8348 5520
17.8485 5895
17.8622 6246
17.876 6577
17.8897 6892
17.9035 7192
17.9172 7480
17.931 7757
17.9447 8024
17.9585 8282
17.9791 2880
17.9997 3600
18.0136 4176
18.0273 4672
18.0412 5115
18.055 5520
18.0687 5895
18.0825 6246
18.0964 6577
18.1101 6892
18.1238 7192
18.1376 7480
18.1513 7757
18.1652 8024
18.179 8282
18.1997 2880
18.2208 3600
18.2348 4176
18.2487 4672
18.2626 5115
18.2764 5520
18.2904 5895
18.3046 6246
18.3191 6577
18.3333 6892
18.3406 7192
18.355 7480
18.369 7757
18.3827 8024
18.3966 8282
18.4108 8532
18.4247 8775
18.4386 9011
18.4592 3600
18.4936 4176
18.5073 4672
18.5211 5115
18.5348 5520
18.5486 5895
18.5623 6246
18.5761 6577
18.5898 6892
18.6034 7192
18.6173 7480
18.6311 7757
18.6448 8024
18.6585 8282
18.6792 2880
18.6998 3600
18.7135 4176
18.7273 4672
18.741 5115
18.7548 5520
18.7685 5895
18.7822 6246
18.7961 6577
18.81 6892
18.8238 7192
18.8375 7480
18.8513 7757
18.865 8024
18.8789 8282
18.8997 2880
18.9203 3600
18.934 4176
18.9481 4672
18.9618 5115
18.9756 5520
18.9893 5895
19.0031 6246
19.0168 6577
19.0305 6892
19.0443 7192
19.0582 7480
19.0719 7757
19.0857 8024
19.0996 8282
19.1202 2880
19.1408 3600
19.1545 4176
19.1683 4672
19.182 5115
19.1958 5520
19.2095 5895
19.2233 6246
19.237 6577
19.2508 6892
19.2645 7192
19.2782 7480
19.292 7757
19.3059 8024
19.3196 8282
19.3402 2880
19.3609 3600
19.3746 4176
19.3885 4672
19.4022 5115
19.416 5520
19.4297 5895
19.4435 6246
19.4574 6577
19.4713 6892
19.485 7192
19.4989 7480
19.513 7757
19.527 8024
19.541 8282
19.5617 2880
19.5826 3600
19.5968 4176
19.6111 4672
19.6186 5115
19.6329 5520
19.647 5895
19.661 6246
19.6748 6577
19.6889 6892
19.7028 7192
19.7167 7480
19.7306 7757
19.7444 8024
19.7583 8282
19.7789 2880
19.7995 3600
19.8132 4176
19.827 4672
19.8407 5115
19.8545 5520
19.8682 5895
19.882 6246
19.8957 6577
19.9095 6892
19.9232 7192
19.9369 7480
19.9507 7757
19.9644 8024
19.9782 8282
19.9988 2880
20.0194 3600
20.0332 4176
20.0469 4672
20.0606 5115
20.0745 5520
20.0883 5895
20.1022 6246
20.1159 6577
20.1297 6892
20.1434 7192
20.1572 7480
20.1711 7757
20.1848 8024
20.1985 8282
20.2192 2880
20.2401 3600
20.2538 4176
20.2676 4672
20.2813 5115
20.2951 5520
20.3088 5895
20.3225 6246
20.3366 6577
20.3503 6892
20.3641 7192
20.378 7480
20.3917 7757
20.4055 8024
20.4192 8282
20.4398 2880
20.4604 3600
20.4742 4176
20.4879 4672
20.5017 5115
20.5154 5520
20.5292 5895
20.5429 6246
20.5567 6577
20.5704 6892
20.5843 7192
20.598 7480
20.6116 7757
20.6255 8024
20.6393 8282
20.6599 2880
20.6807 3600
20.6944 4176
20.7081 4672
20.7219 5115
20.7356 5520
20.7495 5895
20.7634 6246
20.7772 6577
20.7912 6892
20.8051 7192
20.8191 7480
20.8332 7757
20.8469 8024
20.861 8282
20.882 2880
20.9037 3600
20.9109 4176
20.9254 4672
20.9391 5115
20.9529 5520
20.9663 5895
