1 4176
1.08462 4672
1.08592 2880
1.08677 3600
1.0872 4176
1.08764 4672
1.08808 5115
1.08851 5520
1.08894 5895
1.08934 6246
1.08935 6577
1.08978 6892
1.08979 7192
1.09022 7480
1.09023 7757
1.09065 8024
1.09066 8282
1.09108 8532
1.09108 8775
1.09152 9011
1.09152 9241
1.09195 9465
1.09196 3600
1.09238 4176
1.09281 4672
1.09324 5115
1.09368 5520
1.09412 5895
1.09452 6246
1.09452 6577
1.09494 6892
1.09495 7192
1.09539 7480
1.09539 7757
1.09581 8024
1.09582 8282
1.09623 8532
1.09624 8775
1.09664 9011
1.09664 9241
1.09665 9465
1.09706 9684
1.09706 9898
1.09707 10107
1.0975 10312
1.09751 10513
1.09751 10710
1.09794 4320
1.09837 4800
1.09879 5232
1.09922 5628
1.09966 5996
1.1001 2880
1.10054 3600
1.10098 4176
1.10141 4672
1.10181 5115
1.10224 5520
1.10268 5895
1.10312 6246
1.10356 6577
1.10399 2880
1.10443 3600
1.10487 4176
1.10531 4672
1.10572 5115
1.10612 5520
1.10656 5895
1.10787 2880
1.10919 3600
1.10963 4176
1.11006 4672
1.11048 5115
1.11092 5520
1.11136 5895
1.1118 6246
1.1118 6577
1.11222 6892
1.11223 7192
1.11266 7480
1.11267 7757
1.11309 8024
1.1131 8282
1.11352 8532
1.11353 8775
1.11396 9011
1.1144 3600
1.11528 4176
1.11572 4672
1.11616 5115
1.11659 5520
1.11701 5895
1.11744 6246
1.11745 6577
1.11788 6892
1.11789 7192
1.11833 7480
1.11833 7757
1.11876 8024
1.11876 8282
1.11919 8532
1.1192 8775
1.11961 9011
1.11962 9241
1.11962 9465
1.12005 9684
1.12006 9898
1.12006 10107
1.12049 10312
1.1205 10513
1.1205 10710
1.12094 4320
1.12138 4800
1.12178 5232
1.12222 5628
1.12266 5996
1.12309 6341
1.12309 6668
1.12352 6978
1.12353 7275
1.12396 7560
1.12397 7834
1.1244 2880
1.12482 3600
1.12524 4176
1.32568 4672
1.32656 2880
1.32699 3600
1.32743 4176
1.32787 4672
1.32831 5115
1.32874 5520
1.32918 5895
1.32962 6246
1.33005 6577
1.33049 2880
1.33093 3600
1.33137 4176
1.3318 4672
1.33223 5115
1.33267 5520
1.33311 5895
1.33354 6246
1.33355 6577
1.33398 6892
1.33399 7192
1.33442 7480
1.33442 7757
1.33486 8024
1.33528 2880
1.33573 3600
1.33617 4176
1.33661 4672
1.33704 5115
1.33748 5520
1.33792 5895
1.33879 2880
1.33968 3600
1.341 2880
1.34144 3600
1.34188 4176
1.34231 4672
1.34275 5115
1.34318 5520
1.34362 5895
1.34406 6246
1.34537 2880
1.34669 3600
1.34713 4176
1.34757 4672
1.348 5115
1.34844 5520
1.34888 5895
1.35019 2880
1.35151 3600
1.35194 4176
1.35238 4672
1.3528 5115
1.35324 5520
1.35369 5895
1.35413 2880
1.35456 3600
1.355 4176
1.35544 4672
1.35588 5115
1.35632 5520
1.35674 5895
1.35718 6246
1.35762 6577
1.35806 2880
1.3585 3600
1.35894 4176
1.35938 4672
1.35982 5115
1.36068 2880
1.36112 3600
1.36155 4176
1.36199 4672
1.36244 5115
1.36331 2880
1.36375 3600
1.36419 4176
1.36463 4672
1.36507 5115
1.36592 2880
1.36635 3600
1.36679 4176
1.56723 4672
1.56811 2880
1.56853 3600
1.56894 4176
1.56933 4672
1.56977 5115
1.57021 5520
1.57065 5895
1.57108 6246
1.57109 6577
1.57152 6892
1.57153 7192
1.57194 7480
1.57194 7757
1.57236 8024
1.57236 8282
1.57279 8532
1.5728 8775
1.57323 9011
1.57324 9241
1.57367 9465
1.57368 3600
1.5741 4176
1.57453 4672
1.57496 5115
1.5754 5520
1.57582 5895
1.57624 6246
1.57625 6577
1.57665 6892
1.57665 7192
1.57709 7480
1.57709 7757
1.57753 8024
1.57795 2880
1.57839 3600
1.57883 4176
1.77927 4672
1.78057 2880
1.78138 3600
1.78182 4176
1.78226 4672
1.7827 5115
1.7831 5520
1.7835 5895
1.78392 6246
1.78393 6577
1.78436 6892
1.7848 2880
1.78524 3600
1.78566 4176
1.78609 4672
1.78654 5115
1.7874 2880
1.7878 3600
1.7882 4176
1.78865 4672
1.78908 5115
1.78951 5520
1.78994 5895
1.79034 6246
1.79034 6577
1.79075 6892
1.79076 7192
1.79119 7480
1.7912 7757
1.79163 8024
1.79163 8282
1.79204 8532
1.79205 8775
1.79247 9011
1.79248 9241
1.79248 9465
1.79292 9684
1.79292 3600
1.79335 4176
1.79376 4672
1.79419 5115
1.79462 5520
1.79505 5895
1.79549 6246
1.79591 6577
1.79636 2880
1.79675 3600
1.79712 4176
1.79751 4672
1.79794 5115
1.79838 5520
1.79881 5895
1.79925 6246
1.79925 6577
1.79968 6892
1.79969 7192
1.80012 7480
1.80013 7757
1.80056 8024
1.80056 8282
1.80095 8532
1.80095 8775
1.80133 9011
1.80134 9241
1.80134 9465
1.80175 9684
1.80175 9898
1.80176 10107
1.80218 10312
1.80218 10513
1.80219 10710
1.80262 10903
1.80262 11093
1.80263 11279
1.80304 11462
1.80305 11642
1.80305 11820
1.80345 11995
1.80346 12167
1.80346 12337
1.80347 12505
1.80389 12670
1.80389 12833
1.8039 12994
1.8039 13153
1.80432 13310
1.80433 13465
1.80433 13618
1.80434 13770
1.80476 13920
1.80477 14068
1.80477 14215
1.80478 14360
1.80518 14504
1.80518 14646
1.80519 14787
1.80519 14927
1.80559 15065
1.8056 15202
1.8056 15338
1.8056 15473
1.80561 15607
1.80603 15739
1.80604 15870
1.80604 16000
1.80604 16129
1.80605 16257
1.80647 16384
1.80648 16510
1.80648 7200
1.80691 7488
1.80726 7764
1.80726 8031
1.80758 8289
1.80759 8539
1.80793 8781
1.80794 9017
1.80831 9246
1.80832 9470
1.80832 9688
1.80871 9902
1.80872 10111
1.80872 10316
1.80913 10517
1.80913 10714
1.80914 10907
1.80956 11097
1.80957 11283
1.80957 11466
1.81 11646
1.81001 11824
1.81001 11999
1.81044 12171
1.81044 12341
1.81045 12509
1.81045 12674
1.81087 12837
1.81087 12998
1.81088 13157
1.81088 13314
1.8113 13469
1.8113 13622
1.81131 13774
1.81131 13924
1.81174 14072
1.81174 14219
1.81175 14364
1.81175 14508
1.81215 14650
1.81215 14791
1.81216 14931
1.81216 15069
1.81217 15206
1.81256 15342
1.81257 15477
1.81257 15610
1.81258 15742
1.81258 15873
1.81297 16003
1.81297 16132
1.81298 16260
1.81298 16387
1.81298 16513
1.8134 16638
1.81341 16762
1.81341 16885
1.81342 17007
1.81342 17128
1.81384 17249
1.81385 17369
1.81385 17488
1.81385 17606
1.81386 17723
1.81427 17840
1.81428 17956
1.81428 18071
1.81429 18185
1.81429 18299
1.81429 18412
1.81471 18524
1.81472 18635
1.81472 18746
1.81473 18856
1.81473 18965
1.81474 19074
1.81515 19182
1.81515 19290
1.81516 19397
1.81516 19503
1.81517 19609
1.81517 19714
1.81558 19819
1.81559 19923
1.81559 20027
1.8156 20130
1.8156 20233
1.81561 20335
1.81603 20436
1.81603 9360
1.81686 9581
1.81723 9797
1.81724 10008
1.81724 10215
1.81766 10417
1.81766 10616
1.81767 10811
1.81809 11002
1.81809 11190
1.8181 11375
1.81853 11557
1.81853 11736
1.81854 11912
1.81897 12086
1.81897 12257
1.81898 5040
1.81938 5451
1.81976 5831
1.82017 6186
1.82017 6521
1.8206 6838
1.82061 7141
1.82105 7431
1.82105 7710
1.82148 7978
1.82148 8237
1.82191 8488
1.82191 8732
1.82234 8969
1.82235 9200
1.82235 9425
1.82279 9645
1.82279 9859
1.8228 10069
1.82323 10274
1.82323 10475
1.82324 10672
1.82364 10866
1.82364 11056
1.82365 11243
1.82406 11427
1.82407 11608
1.82407 11786
1.8245 11961
1.8245 12134
1.82451 12304
1.82451 12472
1.82494 12638
1.82495 12802
1.82495 12963
1.82496 13122
1.82538 13280
1.82539 13436
1.82539 13590
1.8254 13742
1.82578 13892
1.82579 14041
1.82579 14188
1.8258 14334
1.82617 14478
1.82618 14621
1.82618 14762
1.82619 14902
1.8266 15041
1.8266 15178
1.82661 15314
1.82661 15449
1.82662 15583
1.82704 15716
1.82705 6480
1.82748 6800
1.8279 7104
1.82791 7395
1.82831 7675
1.82831 7945
1.82874 8205
1.82875 8457
1.82918 8702
1.82961 3600
1.83003 4176
1.83047 4672
1.83091 5115
1.83131 5520
1.83167 5895
1.832 6246
1.83201 6577
1.83236 6892
1.83236 7192
1.83274 7480
1.83275 7757
1.83315 8024
1.83315 8282
1.83358 8532
1.83359 8775
1.83402 9011
1.83403 9241
1.83446 9465
1.83447 3600
1.83488 4176
1.83526 4672
1.83566 5115
1.83607 5520
1.83651 5895
1.83693 6246
1.83694 6577
1.83737 6892
1.83737 7192
1.83781 7480
1.83781 7757
1.83825 8024
1.83825 8282
1.83863 8532
1.83864 8775
1.83901 9011
1.83902 9241
1.83902 9465
1.8394 9684
1.83941 9898
1.83941 10107
1.83982 10312
1.83983 10513
1.83983 10710
1.84025 10903
1.84026 11093
1.84026 11279
1.84068 11462
1.84068 11642
1.84069 11820
1.84108 11995
1.84108 12167
1.84109 12337
1.84109 12505
1.84147 12670
1.84147 12833
1.84148 12994
1.84148 13153
1.84191 13310
1.84192 13465
1.84192 13618
1.84234 5760
1.84278 6120
1.84279 6458
1.84322 6779
1.84322 7084
1.84365 7376
1.84365 7657
1.84407 7927
1.84407 8188
1.84449 8441
1.84449 8686
1.84491 8924
1.84491 9156
1.84492 9382
1.84535 9603
1.84536 3600
1.84579 4176
1.8462 4672
1.84662 5115
1.84706 5520
1.8475 5895
1.84835 2880
1.84912 3600
1.84955 4176
1.84999 4672
1.85043 5115
1.85087 5520
1.85131 5895
1.85173 2880
1.85214 3600
1.85257 4176
1.85301 4672
1.85345 5115
1.85389 5520
1.8543 5895
1.85472 6246
1.85473 6577
1.85517 6892
1.85517 7192
1.85561 7480
1.85561 7757
1.85604 8024
1.85605 8282
1.85643 8532
1.85643 8775
1.85678 9011
1.85679 9241
1.85679 9465
1.85717 9684
1.85717 9898
1.85718 10107
1.85761 10312
1.85761 10513
1.85762 10710
1.85805 4320
1.85847 4800
1.85883 5232
1.85921 5628
1.85962 5996
1.86006 6341
1.86006 6668
1.8605 6978
1.86051 7275
1.86094 7560
1.86094 7834
1.86136 8098
1.86137 8354
1.86179 8602
1.8618 8843
1.86223 9077
1.86223 9305
1.86224 9527
1.86267 9744
1.86267 9956
1.86268 10164
1.86309 10368
1.86309 10568
1.8631 10764
1.86349 10956
1.8635 11145
1.8635 11331
1.86393 11514
1.86393 11694
1.86394 11871
1.86437 12045
1.86437 12217
1.86438 12386
1.8648 5040
1.86522 5451
1.86567 5831
1.86609 2880
1.86653 3600
1.86694 4176
1.86737 4672
1.86782 5115
1.86869 2880
1.8691 3600
1.86954 4176
1.86998 4672
1.87041 5115
1.87084 5520
1.87129 5895
1.87169 2880
1.87212 3600
1.87256 4176
1.873 4672
1.8734 5115
1.8738 5520
1.8742 5895
1.87462 6246
1.87463 6577
1.87507 6892
1.87507 7192
1.87547 7480
1.87547 7757
1.87587 8024
1.87587 8282
1.87628 8532
1.87629 8775
1.87672 9011
1.87714 3600
1.87794 4176
1.87834 4672
2.07879 5115
2.08009 2880
2.08093 3600
2.08137 4176
2.0818 4672
2.08221 5115
2.08264 5520
2.08308 5895
2.08351 6246
2.08352 6577
2.08396 6892
2.08396 7192
2.08439 7480
2.0844 7757
2.08482 8024
2.08483 8282
2.08524 8532
2.08525 8775
2.08568 9011
2.08569 9241
2.08612 9465
2.08613 3600
2.08657 4176
2.08701 4672
2.08743 5115
2.08787 5520
2.08829 5895
2.08873 6246
2.08917 6577
2.09039 2880
2.09127 3600
2.0917 4176
2.0921 4672
2.09249 5115
2.09293 5520
2.09337 5895
2.09379 6246
2.0938 6577
2.09423 6892
2.09423 7192
2.09466 7480
2.09467 7757
2.0951 8024
2.09511 8282
2.09554 8532
2.09554 8775
2.09598 9011
2.09641 3600
2.09727 4176
2.09856 2880
2.09899 3600
2.09944 4176
2.29988 4672
2.30074 2880
2.30116 3600
2.30159 4176
2.30203 4672
2.30246 5115
2.30288 5520
2.30328 5895
2.30369 6246
2.30369 6577
2.30412 6892
2.30413 7192
2.30456 7480
2.30457 7757
2.305 8024
2.30501 8282
2.3054 8532
2.3054 8775
2.30579 9011
2.3058 9241
2.3058 9465
2.30621 9684
2.30621 9898
2.30622 10107
2.30665 10312
2.30665 10513
2.30666 10710
2.30707 10903
2.30708 11093
2.30708 11279
2.30749 11462
2.30749 11642
2.3075 11820
2.30787 11995
2.30788 12167
2.30788 12337
2.30789 12505
2.30828 12670
2.30829 12833
2.30829 12994
2.3083 13153
2.30873 13310
2.30873 13465
2.30874 13618
2.30916 5760
2.30959 6120
2.30959 6458
2.30997 6779
2.30998 7084
2.31036 7376
2.31036 7657
2.31078 7927
2.31079 8188
2.31122 8441
2.31123 8686
2.31167 8924
2.3121 3600
2.31295 4176
2.31339 4672
2.51384 5115
2.515 2880
2.51581 3600
2.51625 4176
2.71669 4672
2.71755 2880
2.71798 3600
2.71842 4176
2.91886 4672
2.9197 2880
2.92011 3600
2.92052 4176
3.12096 4672
3.12183 2880
3.12226 3600
3.12268 4176
3.12312 4672
3.12356 5115
3.12398 5520
3.12439 5895
3.12482 6246
3.12483 6577
3.12527 6892
3.12527 7192
3.12571 7480
3.12571 7757
3.12614 8024
3.12614 8282
3.12655 8532
3.12655 8775
3.12698 9011
3.12698 9241
3.12699 9465
3.12741 9684
3.12742 9898
3.12742 10107
3.12785 10312
3.12785 10513
3.12786 10710
3.12828 10903
3.12828 11093
3.12829 11279
3.12871 11462
3.12872 11642
3.12872 11820
3.12914 11995
3.12915 12167
3.12915 12337
3.12916 12505
3.12958 12670
3.12958 12833
3.12959 12994
3.12959 13153
3.13002 13310
3.13002 13465
3.13003 13618
3.13003 13770
3.13044 13920
3.13045 14068
3.13045 14215
3.13046 14360
3.13086 14504
3.13087 14646
3.13087 14787
3.13088 14927
3.1313 15065
3.1313 15202
3.13131 15338
3.13131 15473
3.13132 15607
3.13174 15739
3.13175 15870
3.13175 16000
3.13175 16129
3.13176 16257
3.13218 16384
3.13218 16510
3.13218 16635
3.13219 16759
3.13219 16882
3.13261 17004
3.13261 17125
3.13262 17246
3.13262 17366
3.13263 17485
3.13303 17603
3.13304 17720
3.13304 17837
3.13305 17953
3.13305 18068
3.13305 18182
3.13346 18296
3.13347 18409
3.13347 18521
3.13348 18632
3.13348 18743
3.13349 18853
3.1339 18962
3.13391 19071
3.13391 19179
3.13392 19287
3.13392 19394
3.13393 19500
3.13434 19606
3.13435 19711
3.13435 19816
3.13436 19920
3.13436 20024
3.13437 20127
3.13477 20230
3.13478 20332
3.13478 20433
3.13479 20534
3.13479 20634
3.13479 20734
3.13518 20834
3.13518 20933
3.13519 21032
3.13519 21130
3.1352 21228
3.1352 21325
3.13521 21422
3.13561 21518
3.13562 21614
3.13562 21709
3.13563 21804
3.13563 21899
3.13564 21993
3.13564 22087
3.13606 22180
3.13606 22273
3.13607 10080
3.1365 10285
3.1369 10486
3.1369 10683
3.13691 10877
3.13728 11067
3.13729 11254
3.13729 11438
3.1377 11619
3.13771 11797
3.13771 11972
3.13814 12145
3.13814 12315
3.13815 12483
3.13815 12649
3.13858 12812
3.13859 5040
3.13901 5451
3.13937 5831
3.13973 6186
3.13974 6521
3.14016 6838
3.14017 7141
3.1406 7431
3.1406 7710
3.14103 7978
3.14104 8237
3.14147 8488
3.14148 8732
3.14191 8969
3.14191 9200
3.14192 9425
3.14232 9645
3.14233 9859
3.14233 10069
3.14274 10274
3.14274 10475
3.14275 10672
3.14317 10866
3.14317 11056
3.14318 11243
3.14361 11427
3.14361 11608
3.14362 11786
3.14405 11961
3.14405 12134
3.14406 12304
3.14449 5040
3.1449 5451
3.1453 5831
3.14573 6186
3.14574 6521
3.14617 6838
3.14618 7141
3.1466 7431
3.1466 7710
3.14703 7978
3.14704 8237
3.14744 8488
3.14744 8732
3.14786 8969
3.14786 9200
3.14787 9425
3.1483 9645
3.1483 9859
3.14831 10069
3.14874 10274
3.14875 10475
3.14875 10672
3.14918 10866
3.14918 11056
3.14919 11243
3.14957 11427
3.14958 11608
3.14958 11786
3.14996 11961
3.14997 12134
3.14997 12304
3.14998 12472
3.15037 12638
3.15037 12802
3.15038 12963
3.15038 13122
3.15081 13280
3.15081 13436
3.15082 13590
3.15082 13742
3.15125 5760
3.15166 6120
3.15207 6458
3.15208 6779
3.15252 7084
3.15252 7376
3.15295 7657
3.15296 7927
3.15339 8188
3.1534 8441
3.15382 2880
3.15425 3600
3.15468 4176
3.15512 4672
3.15554 5115
3.15594 5520
3.15637 5895
3.1568 6246
3.1568 6577
3.15724 6892
3.15769 2880
3.15812 3600
3.15855 4176
3.15896 4672
3.1594 5115
3.16027 2880
3.16069 3600
3.16109 4176
3.16153 4672
3.16196 5115
3.1624 5520
3.16284 5895
3.16322 6246
3.16322 6577
3.16363 6892
3.16363 7192
3.16407 7480
3.16407 7757
3.1645 8024
3.16451 8282
3.16493 8532
3.16493 8775
3.16533 9011
3.16534 9241
3.16534 9465
3.16577 9684
3.16577 9898
3.16578 10107
3.1662 10312
3.16621 10513
3.16621 10710
3.16664 10903
3.16664 11093
3.16665 11279
3.16705 11462
3.16705 11642
3.16706 11820
3.16749 11995
3.16749 12167
3.1675 12337
3.16793 5040
3.16837 5451
3.1688 5831
3.16922 6186
3.16923 6521
3.16966 6838
3.16966 7141
3.1701 7431
3.1701 7710
3.17054 7978
3.17054 8237
3.17096 8488
3.17097 8732
3.17137 8969
3.17137 9200
3.17138 9425
3.1718 9645
3.17181 9859
3.17181 10069
3.17224 10274
3.17225 10475
3.17225 10672
3.17263 10866
3.17264 11056
3.17264 11243
3.17304 11427
3.17305 11608
3.17305 11786
3.17346 11961
3.17346 12134
3.17346 12304
3.17347 12472
3.1739 12638
3.1739 12802
3.1739 12963
3.17391 13122
3.17433 13280
3.17434 13436
3.17434 13590
3.17435 13742
3.17477 13892
3.17478 14041
3.17478 14188
3.17479 14334
3.17518 14478
3.17519 14621
3.17519 14762
3.1752 14902
3.17558 15041
3.17559 15178
3.17559 15314
3.1756 15449
3.1756 15583
3.17603 15716
3.17604 6480
3.17647 6800
3.17689 7104
3.17689 7395
3.17732 7675
3.17732 7945
3.17775 8205
3.17775 8457
3.17819 8702
3.17819 8940
3.17862 9171
3.17862 9397
3.17862 9617
3.17906 9832
3.17906 10042
3.17906 10248
3.17948 10450
3.17949 10648
3.17949 10842
3.17992 11033
3.17992 11220
3.17993 11404
3.18036 11585
3.18036 11763
3.18037 11939
3.18079 12112
3.1808 12283
3.1808 12451
3.18081 12617
3.18123 12781
3.18124 12943
3.18124 13103
3.18125 13261
3.18167 13417
3.18168 13571
3.18168 13723
3.18169 13874
3.18211 14023
3.18211 14170
3.18212 14316
3.18212 14460
3.18253 14603
3.18253 14744
3.18254 14884
3.18254 15023
3.18255 15161
3.18294 15297
3.18295 15432
3.18295 15566
3.18296 15699
3.18296 15831
3.18337 15961
3.18338 16090
3.18338 16218
3.18339 16345
3.18339 16471
3.18381 16596
3.18382 16720
3.18383 7200
3.18468 7488
3.18509 7764
3.1851 8031
3.18553 8289
3.18598 2880
3.18682 3600
3.18719 4176
3.18758 4672
3.18802 5115
3.18887 2880
3.18924 3600
3.18964 4176
3.19006 4672
3.19051 5115
3.19137 2880
3.19179 3600
3.19223 4176
3.39267 4672
3.39353 2880
3.39396 3600
3.39439 4176
3.59483 4672
3.59571 2880
3.59614 3600
3.59654 4176
3.59693 4672
3.59737 5115
3.59823 2880
3.59866 3600
3.59908 4176
3.79952 4672
3.80036 2880
3.8008 3600
3.80124 4176
3.80168 4672
3.80211 5115
3.80254 5520
3.80295 5895
3.80339 6246
3.80339 6577
3.80383 6892
3.80425 2880
3.80469 3600
3.80513 4176
3.80556 4672
3.806 5115
3.80642 5520
3.80685 5895
3.80728 6246
3.80729 6577
3.80772 6892
3.80773 7192
3.80814 7480
3.80814 7757
3.80855 8024
3.80855 8282
3.80898 8532
3.80899 8775
3.80942 9011
3.80942 9241
3.80942 9465
3.80984 9684
3.80985 9898
3.80985 10107
3.81028 10312
3.81029 10513
3.81029 10710
3.81071 10903
3.81071 11093
3.81072 11279
3.81113 11462
3.81114 11642
3.81114 11820
3.81157 11995
3.81158 5040
3.81245 5451
3.81289 5831
3.81332 6186
3.81332 6521
3.81374 6838
3.81374 7141
3.81418 7431
3.81418 7710
3.81462 7978
3.81506 2880
3.81549 3600
3.81592 4176
4.01636 4672
4.01724 2880
4.01767 3600
4.01807 4176
4.01846 4672
4.0189 5115
4.02022 2880
4.02108 3600
4.02152 4176
4.02196 4672
4.02233 5115
4.02267 5520
4.02306 5895
4.0235 6246
4.02394 6577
4.02524 2880
4.02612 3600
4.02653 4176
4.02695 4672
4.02739 5115
4.02782 5520
4.02826 5895
4.02869 2880
4.0291 3600
4.02951 4176
4.02995 4672
4.03038 5115
4.03081 5520
4.03123 5895
4.03167 6246
4.03299 2880
4.03414 3600
4.03458 4176
4.03501 4672
4.03543 5115
4.03585 5520
4.03629 5895
4.03674 6246
4.03761 2880
4.03842 3600
4.03886 4176
4.2393 4672
4.24016 2880
4.24057 3600
4.24101 4176
4.24145 4672
4.24189 5115
4.24232 5520
4.24269 5895
4.24307 6246
4.24308 6577
4.2435 6892
4.24351 7192
4.24394 7480
4.24395 7757
4.24438 8024
4.24439 8282
4.24481 8532
4.24482 8775
4.24524 9011
4.24524 9241
4.24525 9465
4.24568 9684
4.24568 9898
4.24569 10107
4.24611 10312
4.24612 10513
4.24612 10710
4.24655 10903
4.24655 11093
4.24656 11279
4.24699 11462
4.24699 11642
4.247 11820
4.24742 11995
4.24743 12167
4.24743 12337
4.24744 12505
4.24786 12670
4.24786 12833
4.24787 12994
4.24787 13153
4.2483 13310
4.2483 13465
4.24831 13618
4.24831 13770
4.24874 13920
4.24874 14068
4.24875 14215
4.24875 14360
4.24918 14504
4.24918 14646
4.24919 14787
4.24919 14927
4.2496 15065
4.24961 15202
4.24961 15338
4.24962 15473
4.24962 15607
4.25002 15739
4.25003 15870
4.25003 16000
4.25004 16129
4.25004 16257
4.25046 16384
4.25047 16510
4.25047 16635
4.25048 16759
4.25048 16882
4.2509 17004
4.25091 17125
4.25091 17246
4.25092 17366
4.25092 17485
4.25133 17603
4.25134 17720
4.25134 17837
4.25135 17953
4.25135 18068
4.25136 18182
4.25177 18296
4.25177 18409
4.25178 18521
4.25178 18632
4.25179 18743
4.25179 18853
4.25221 18962
4.25221 19071
4.25222 19179
4.25222 19287
4.25223 19394
4.25223 19500
4.25265 19606
4.25265 19711
4.25266 19816
4.25266 19920
4.25267 20024
4.25267 20127
4.25309 20230
4.2531 9360
4.25351 9581
4.2539 9797
4.2539 10008
4.25391 10215
4.2543 10417
4.2543 10616
4.25431 10811
4.25473 11002
4.25474 11190
4.25474 11375
4.25517 11557
4.25518 5040
4.25561 5451
4.25603 5831
4.25644 6186
4.25644 6521
4.25688 6838
4.25732 2880
4.25777 3600
4.25814 4176
4.25847 4672
4.25881 5115
4.25917 5520
4.25957 5895
4.26 6246
4.26001 6577
4.26044 6892
4.26045 7192
4.26088 7480
4.26089 7757
4.26133 8024
4.26176 2880
4.2622 3600
4.26263 4176
4.26302 4672
4.26344 5115
4.26388 5520
4.2643 5895
4.2647 6246
4.26471 6577
4.26514 6892
4.26514 7192
4.26558 7480
4.26558 7757
4.26602 8024
4.26602 8282
4.26645 8532
4.26645 8775
4.26688 9011
4.26689 9241
4.26689 9465
4.26733 9684
4.26733 9898
4.26734 10107
4.26777 10312
4.26777 10513
4.26778 10710
4.26821 4320
4.26861 4800
4.26899 5232
4.2694 5628
4.26984 5996
4.27028 6341
4.2707 6668
4.27113 2880
4.27156 3600
4.27201 4176
4.27245 4672
4.27287 5115
4.27329 5520
4.27373 5895
4.27417 2880
4.27461 3600
4.27503 4176
4.27545 4672
4.27588 5115
4.27632 5520
4.27676 5895
4.27714 6246
4.27715 6577
4.27755 6892
4.27755 7192
4.27797 7480
4.27798 7757
4.27841 8024
4.27842 8282
4.27885 8532
4.27885 8775
4.27928 9011
4.27929 9241
4.27929 9465
4.27972 9684
4.27973 9898
4.27973 10107
4.28015 10312
4.28016 10513
4.28016 10710
4.28059 10903
4.28059 11093
4.2806 11279
4.28102 11462
4.28103 11642
4.28103 11820
4.28146 11995
4.28146 12167
4.28147 12337
4.28147 12505
4.2819 12670
4.2819 12833
4.28191 12994
4.28191 13153
4.28231 13310
4.28232 13465
4.28232 13618
4.28233 13770
4.28274 13920
4.28274 14068
4.28274 14215
4.28275 14360
4.28317 14504
4.28318 14646
4.28318 14787
4.28318 14927
4.28361 15065
4.28361 15202
4.28361 15338
4.28362 15473
4.28362 15607
4.28404 15739
4.28405 15870
4.28405 16000
4.28406 16129
4.28406 16257
4.28448 16384
4.28448 16510
4.28449 16635
4.28449 16759
4.2845 16882
4.28491 17004
4.28492 17125
4.28492 17246
4.28493 17366
4.28493 17485
4.28535 17603
4.28536 17720
4.28537 7920
4.28622 8181
4.28663 8434
4.28664 8679
4.28708 8917
4.28752 3600
4.28882 4176
4.28924 4672
4.28967 5115
4.2901 5520
4.29054 5895
4.29096 6246
4.29097 6577
4.2914 6892
4.2914 7192
4.29183 7480
4.29183 7757
4.29226 8024
4.29227 8282
4.2927 8532
4.2927 8775
4.29312 9011
4.29312 9241
4.29312 9465
4.29354 9684
4.29355 9898
4.29355 10107
4.29399 10312
4.29399 10513
4.29399 10710
4.29443 4320
4.29485 4800
4.29524 5232
4.29566 5628
4.2961 5996
4.29654 2880
4.29697 3600
4.29737 4176
4.29776 4672
4.29819 5115
4.29863 5520
4.29907 5895
4.29948 6246
4.29949 6577
4.2999 6892
4.29991 7192
4.30031 7480
4.30032 7757
4.30075 8024
4.30076 8282
4.30119 8532
4.30119 8775
4.30161 9011
4.30162 9241
4.30162 9465
4.30203 9684
4.30203 9898
4.30204 10107
4.30247 10312
4.30247 10513
4.30248 10710
4.30291 10903
4.30291 11093
4.30292 11279
4.30334 11462
4.30335 11642
4.30335 11820
4.30377 11995
4.30378 12167
4.30378 12337
4.30379 12505
4.3042 12670
4.3042 12833
4.30421 12994
4.30421 13153
4.30461 13310
4.30462 13465
4.30462 13618
4.30463 13770
4.30505 13920
4.30506 14068
4.30506 14215
4.30507 14360
4.30549 14504
4.30549 14646
4.3055 14787
4.3055 14927
4.30592 15065
4.30592 15202
4.30593 15338
4.30593 15473
4.30594 15607
4.30631 15739
4.30632 15870
4.30632 16000
4.30633 16129
4.30633 16257
4.30674 16384
4.30674 16510
4.30675 16635
4.30675 16759
4.30675 16882
4.30718 17004
4.30718 17125
4.30719 17246
4.30719 17366
4.30719 17485
4.30762 17603
4.30762 17720
4.30762 17837
4.30763 17953
4.30763 18068
4.30805 7920
4.30845 8181
4.30846 8434
4.30887 8679
4.30888 8917
4.30931 9149
4.30932 9375
4.30975 3600
4.31019 4176
4.3106 4672
4.31104 5115
4.31147 5520
4.31191 5895
4.31231 6246
4.31232 6577
4.31274 6892
4.31274 7192
4.31318 7480
4.31318 7757
4.31361 8024
4.31362 8282
4.31404 8532
4.31404 8775
4.31447 9011
4.31447 9241
4.31448 9465
4.31491 9684
4.31492 3600
4.31534 4176
4.31574 4672
4.31615 5115
4.31658 5520
4.31702 5895
4.31746 6246
4.31789 6577
4.31834 2880
4.31878 3600
4.31921 4176
4.31962 4672
4.32005 5115
4.32049 5520
4.32091 5895
4.32134 6246
4.32134 6577
4.32174 6892
4.32174 7192
4.32216 7480
4.32217 7757
4.3226 8024
4.32303 2880
4.32345 3600
4.32384 4176
4.32423 4672
4.32465 5115
4.32508 5520
4.32552 5895
4.32596 6246
4.3264 6577
4.32684 2880
4.32728 3600
4.3277 4176
4.32814 4672
4.32856 5115
4.32898 5520
4.32942 5895
4.32986 6246
4.3303 6577
4.33073 2880
4.33115 3600
4.33158 4176
4.33201 4672
4.33245 5115
4.3333 2880
4.33369 3600
4.33411 4176
4.53455 4672
4.53587 2880
4.5367 3600
4.53714 4176
4.73759 4672
4.73846 2880
4.73889 3600
4.73931 4176
4.93976 4672
4.94063 2880
4.94107 3600
4.94149 4176
4.94189 4672
4.94233 5115
4.94276 5520
4.9432 5895
4.94364 2880
4.94405 3600
4.94448 4176
4.94493 4672
4.94537 5115
4.94578 5520
4.94618 5895
4.94661 6246
4.94661 6577
4.94705 6892
4.94749 2880
4.94792 3600
4.94832 4176
4.94877 4672
4.94921 5115
4.95001 2880
4.95042 3600
4.95086 4176
4.9513 4672
4.95174 5115
4.95216 5520
4.95258 5895
4.95302 6246
4.95345 6577
4.95389 2880
4.95433 3600
4.95475 4176
4.95519 4672
4.95563 5115
4.95607 5520
4.95651 5895
4.95693 2880
4.95732 3600
4.95775 4176
4.95819 4672
4.95859 5115
4.95898 5520
4.95938 5895
4.9598 6246
4.95981 6577
4.96024 6892
4.96025 7192
4.96068 7480
4.96069 7757
4.96111 8024
4.96112 8282
4.96153 8532
4.96153 8775
4.96192 9011
4.96193 9241
4.96193 9465
4.96236 9684
4.96237 9898
4.96237 10107
4.9628 10312
4.96281 10513
4.96281 10710
4.96324 4320
4.96364 4800
4.96404 5232
4.96448 5628
4.96492 5996
4.96578 2880
4.96666 3600
4.9679 2880
4.96832 3600
4.96876 4176
4.9692 4672
4.96963 5115
4.97006 5520
4.97048 5895
4.9709 6246
4.9709 6577
4.97134 6892
4.97134 7192
4.97178 7480
4.97178 7757
4.97221 8024
4.97222 8282
4.9726 8532
4.97261 8775
4.97298 9011
4.97298 9241
4.97299 9465
4.9734 9684
4.97341 9898
4.97341 10107
4.97385 10312
4.97385 10513
4.97386 10710
4.97427 4320
4.9747 4800
4.97513 5232
4.97556 5628
4.976 5996
4.97644 2880
4.97685 3600
4.97725 4176
4.97769 4672
4.97813 5115
4.97856 5520
4.97898 5895
4.97941 6246
4.97941 6577
4.97985 6892
4.97986 7192
4.98029 7480
4.9803 7757
4.98073 8024
4.98073 8282
4.98116 8532
4.98116 8775
4.98159 9011
4.98159 9241
4.9816 9465
4.98203 9684
4.98204 3600
4.98248 4176
4.98289 4672
4.98333 5115
4.98376 5520
4.98421 5895
4.98464 2880
4.98507 3600
4.98545 4176
4.9858 4672
4.98621 5115
4.98663 5520
4.98707 5895
4.98751 6246
4.98794 6577
4.98838 2880
4.9888 3600
4.98925 4176
4.98969 4672
4.99012 5115
4.99053 5520
4.99093 5895
4.99137 6246
4.99181 6577
4.99225 2880
4.99268 3600
4.99309 4176
4.99353 4672
4.99398 5115
4.99483 2880
4.99522 3600
4.99566 4176
4.9961 4672
4.99654 5115
4.99739 2880
4.99782 3600
4.99826 4176
4.9987 4672
4.9991 5115
4.99952 5520
4.99996 5895
5.0004 6246
5.00125 2880
5.00212 3600
5.00256 4176
5.00299 4672
5.00343 5115
5.00387 5520
5.0043 5895
5.00472 6246
5.00473 6577
5.00516 6892
5.00517 7192
5.00559 7480
5.0056 7757
5.00603 8024
5.00603 8282
5.00647 8532
5.00647 8775
5.0069 9011
5.00691 9241
5.00691 9465
5.00731 9684
5.00731 9898
5.00732 10107
5.00769 10312
5.0077 10513
5.0077 10710
5.00812 10903
5.00812 11093
5.00813 11279
5.00856 11462
5.00856 11642
5.00857 11820
5.009 11995
5.009 12167
5.00901 12337
5.00943 5040
5.00986 5451
5.0103 5831
5.01074 6186
5.01074 6521
5.01116 6838
5.01117 7141
5.01155 7431
5.01155 7710
5.01193 7978
5.01193 8237
5.01233 8488
5.01233 8732
5.01277 8969
5.01321 3600
5.01446 4176
5.0149 4672
5.01533 5115
5.01577 5520
5.0162 5895
5.0166 6246
5.0166 6577
5.01699 6892
5.01699 7192
5.0174 7480
5.0174 7757
5.01784 8024
5.01784 8282
5.01828 8532
5.01828 8775
5.01869 9011
5.0187 9241
5.0187 9465
5.01912 9684
5.01913 9898
5.01913 10107
5.01956 10312
5.01957 10513
5.01957 10710
5.02 4320
5.02043 4800
5.02082 5232
5.02121 5628
5.02165 5996
5.02209 6341
5.02296 2880
5.02383 3600
5.02425 4176
5.02467 4672
5.02511 5115
5.02555 5520
5.02598 5895
5.02642 6246
5.02642 6577
5.02685 6892
5.02686 7192
5.0273 7480
5.0273 7757
5.02773 8024
5.02774 8282
5.02814 8532
5.02815 8775
5.02858 9011
5.02858 9241
5.02859 9465
5.02902 9684
5.02902 9898
5.02903 10107
5.02946 10312
5.02946 10513
5.02947 10710
5.0299 10903
5.0299 11093
5.02991 11279
5.03033 11462
5.03034 11642
5.03034 11820
5.03077 11995
5.03078 12167
5.03078 12337
5.03121 5040
5.03165 5451
5.03206 5831
5.03248 6186
5.03249 6521
5.03293 6838
5.03337 2880
5.0338 3600
5.03424 4176
5.03468 4672
5.03511 5115
5.03552 5520
5.0359 5895
5.03626 6246
5.03626 6577
5.03668 6892
5.03668 7192
5.03712 7480
5.03712 7757
5.03756 8024
5.03756 8282
5.03799 8532
5.038 8775
5.03841 9011
5.03842 9241
5.03842 9465
5.03886 9684
5.03886 3600
5.03929 4176
5.03973 4672
5.04013 5115
5.04052 5520
5.04091 5895
5.04135 6246
5.04135 6577
5.04179 6892
5.04179 7192
5.04223 7480
5.04223 7757
5.04264 8024
5.04265 8282
5.04307 8532
5.04307 8775
5.04351 9011
5.04395 3600
5.0448 4176
5.04521 4672
5.04564 5115
5.04608 5520
5.04652 5895
5.04691 2880
5.04732 3600
5.04775 4176
5.04818 4672
5.04862 5115
5.0494 2880
5.04979 3600
5.05022 4176
5.05066 4672
5.0511 5115
5.05154 5520
5.05198 5895
5.05242 6246
5.05286 6577
5.0533 2880
5.0537 3600
5.05407 4176
5.05447 4672
5.0549 5115
5.05534 5520
5.05578 5895
5.05619 2880
5.05655 3600
5.05694 4176
5.05738 4672
5.05783 5115
5.0587 2880
5.05911 3600
5.05955 4176
5.25999 4672
5.26087 2880
5.26128 3600
5.26168 4176
5.26212 4672
5.26256 5115
5.26335 2880
5.26373 3600
5.26412 4176
5.26454 4672
5.26498 5115
5.26585 2880
5.26628 3600
5.2667 4176
5.26714 4672
5.26758 5115
5.26844 2880
5.26888 3600
5.26932 4176
5.26975 4672
5.27017 5115
5.27061 5520
5.27105 5895
5.27148 6246
5.27148 6577
5.27189 6892
5.2719 7192
5.27231 7480
5.27231 7757
5.27274 8024
5.27275 8282
5.27318 8532
5.27318 8775
5.27362 9011
5.27362 9241
5.27405 9465
5.27405 3600
5.27446 4176
5.27487 4672
5.27531 5115
5.27617 2880
5.27656 3600
5.27696 4176
5.2774 4672
5.27784 5115
5.27828 5520
5.27871 5895
5.27912 6246
5.27913 6577
5.27956 6892
5.27957 7192
5.27998 7480
5.27999 7757
5.28042 8024
5.28042 8282
5.28085 8532
5.28085 8775
5.28129 9011
5.28129 9241
5.2813 9465
5.28172 9684
5.28173 9898
5.28173 10107
5.28216 10312
5.28216 10513
5.28217 10710
5.28258 10903
5.28259 11093
5.28259 11279
5.28301 11462
5.28301 11642
5.28301 11820
5.28345 11995
5.28345 5040
5.28432 5451
5.28474 5831
5.28512 6186
5.28513 6521
5.28552 6838
5.28553 7141
5.28596 7431
5.28597 7710
5.2864 7978
5.28641 8237
5.2868 8488
5.2868 8732
5.28715 8969
5.28715 9200
5.28716 9425
5.28752 9645
5.28753 9859
5.28753 10069
5.28794 10274
5.28794 10475
5.28795 10672
5.28838 10866
5.28838 11056
5.28839 11243
5.28882 11427
5.28882 11608
5.28882 11786
5.28926 11961
5.28926 5040
5.29013 5451
5.29055 5831
5.29097 6186
5.29097 6521
5.29141 6838
5.29185 2880
5.29227 3600
5.29271 4176
5.29315 4672
5.29358 5115
5.29401 5520
5.29438 5895
5.2948 6246
5.2948 6577
5.29524 6892
5.29568 2880
5.29611 3600
5.29653 4176
5.29697 4672
5.29739 5115
5.29781 5520
5.29821 5895
5.29863 6246
5.29863 6577
5.29907 6892
5.29908 7192
5.29951 7480
5.29951 7757
5.29992 8024
5.29993 8282
5.30034 8532
5.30035 8775
5.30076 9011
5.30076 9241
5.30077 9465
5.3012 9684
5.30121 3600
5.30165 4176
5.30206 4672
5.30247 5115
5.30289 5520
5.30333 5895
5.30377 2880
5.3042 3600
5.30463 4176
5.30507 4672
5.3055 5115
5.30594 5520
5.30634 5895
5.30671 6246
5.30671 6577
5.3071 6892
5.30711 7192
5.30755 7480
5.30755 7757
5.30797 8024
5.30798 8282
5.30841 8532
5.30841 8775
5.30885 9011
5.30885 9241
5.30929 9465
5.30971 3600
5.31055 4176
5.31099 4672
5.31144 5115
5.31227 2880
5.31267 3600
5.31307 4176
5.31351 4672
5.31396 5115
5.31481 2880
5.31523 3600
5.31567 4176
5.51611 4672
5.51741 2880
5.51827 3600
5.51871 4176
5.51914 4672
5.51953 5115
5.51993 5520
5.52038 5895
5.52082 2880
5.52125 3600
5.52165 4176
5.52202 4672
5.52242 5115
5.52286 5520
5.5233 5895
5.52374 6246
5.52457 2880
5.52545 3600
5.52588 4176
5.52626 4672
5.52665 5115
5.52706 5520
5.5275 5895
5.52794 6246
5.52794 6577
5.52836 6892
5.52837 7192
5.5288 7480
5.5288 7757
5.52924 8024
5.52924 8282
5.52966 8532
5.52967 8775
5.5301 9011
5.53011 9241
5.53051 9465
5.53052 3600
5.53093 4176
5.53135 4672
5.53179 5115
5.53264 2880
5.53306 3600
5.5335 4176
5.73394 4672
5.73522 2880
5.73609 3600
5.73653 4176
5.93697 4672
5.93781 2880
5.93826 3600
5.9387 4176
5.93914 4672
5.93955 5115
5.93996 5520
5.94039 5895
5.94083 6246
5.94127 6577
5.9417 2880
5.94214 3600
5.94257 4176
5.94299 4672
5.94342 5115
5.94386 5520
5.94429 5895
5.94471 6246
5.94472 6577
5.94515 6892
5.94516 7192
5.94559 7480
5.9456 7757
5.94603 8024
5.94604 8282
5.94646 8532
5.94646 8775
5.94687 9011
5.94688 9241
5.94688 9465
5.9473 9684
5.94731 9898
5.94731 10107
5.94774 10312
5.94775 10513
5.94775 10710
5.94818 10903
5.94818 11093
5.94819 11279
5.9486 11462
5.9486 11642
5.94861 11820
5.949 11995
5.94901 12167
5.94901 12337
5.94902 12505
5.94944 12670
5.94945 12833
5.94945 12994
5.94946 13153
5.94988 13310
5.94988 13465
5.94989 13618
5.94989 13770
5.95032 13920
5.95032 14068
5.95033 14215
5.95033 14360
5.95073 14504
5.95073 14646
5.95074 14787
5.95074 14927
5.95114 15065
5.95115 15202
5.95115 15338
5.95115 15473
5.95116 15607
5.95158 15739
5.95159 15870
5.95159 16000
5.9516 16129
5.9516 16257
5.95202 16384
5.95203 16510
5.95203 16635
5.95204 16759
5.95204 16882
5.95245 17004
5.95245 17125
5.95245 17246
5.95246 17366
5.95246 17485
5.95286 17603
5.95287 17720
5.95287 17837
5.95288 17953
5.95288 18068
5.95289 18182
5.95328 18296
5.95329 18409
5.95329 18521
5.9533 18632
5.9533 18743
5.95331 18853
5.95372 18962
5.95373 19071
5.95373 19179
5.95374 19287
5.95374 19394
5.95375 19500
5.95415 19606
5.95416 19711
5.95416 19816
5.95417 19920
5.95417 20024
5.95418 20127
5.95459 20230
5.9546 20332
5.9546 20433
5.95461 20534
5.95462 9360
5.95538 9581
5.95576 9797
5.95576 10008
5.95577 10215
5.95616 10417
5.95617 10616
5.95618 10811
5.95659 11002
5.9566 11190
5.95661 11375
5.95703 11557
5.95704 11736
5.95748 5040
5.95918 5451
5.95918 5831
5.9596 6186
5.9596 6521
5.96004 6838
5.96004 7141
5.96047 7431
5.96048 7710
5.96091 7978
5.96092 8237
5.96133 8488
5.96133 8732
5.96174 8969
5.96174 9200
5.96175 9425
5.96216 9645
5.96217 9859
5.96217 10069
5.96258 10274
5.96259 10475
5.96259 10672
5.96302 10866
5.96303 4320
5.96345 4800
5.96384 5232
5.96424 5628
5.96466 5996
5.9651 6341
5.96597 2880
5.96681 3600
5.96725 4176
6.1677 4672
6.16856 2880
6.169 3600
6.16943 4176
6.16985 4672
6.17027 5115
6.1707 5520
6.17114 5895
6.17157 6246
6.17158 6577
6.17199 6892
6.17199 7192
6.17243 7480
6.17243 7757
6.17287 8024
6.17287 8282
6.1733 8532
6.17331 8775
6.17373 9011
6.17373 9241
6.17374 9465
6.17416 9684
6.17416 9898
6.17417 10107
6.1746 10312
6.1746 10513
6.17461 10710
6.17503 10903
6.17504 11093
6.17504 11279
6.17547 11462
6.17547 11642
6.17548 11820
6.17591 11995
6.17591 12167
6.17592 12337
6.17633 5040
6.17674 5451
6.17714 5831
6.17758 6186
6.17759 6521
6.17802 6838
6.17803 7141
6.17846 7431
6.17846 7710
6.1789 7978
6.17931 2880
6.17975 3600
6.18019 4176
6.18062 4672
6.18102 5115
6.18144 5520
6.18188 5895
6.18231 6246
6.18232 6577
6.18274 6892
6.18274 7192
6.18318 7480
6.18318 7757
6.1836 8024
6.1836 8282
6.18403 8532
6.18403 8775
6.18447 9011
6.18447 9241
6.18448 9465
6.18491 9684
6.18492 3600
6.18535 4176
6.18575 4672
6.18615 5115
6.18659 5520
6.18703 5895
6.18746 2880
6.18788 3600
6.1883 4176
6.18874 4672
6.18918 5115
6.18957 5520
6.18993 5895
6.19032 6246
6.19033 6577
6.19076 6892
6.19077 7192
6.1912 7480
6.19121 7757
6.19164 8024
6.19165 8282
6.19208 8532
6.19208 8775
6.19252 9011
6.19252 9241
6.19253 9465
6.19296 9684
6.19296 9898
6.19297 10107
6.1934 10312
6.1934 10513
6.19341 10710
6.19383 4320
6.19425 4800
6.19463 5232
6.19506 5628
6.1955 5996
6.19594 6341
6.19678 2880
6.19758 3600
6.19802 4176
6.19845 4672
6.19888 5115
6.1993 5520
6.19974 5895
6.20104 2880
6.20233 3600
6.20271 4176
6.2031 4672
6.20351 5115
6.20395 5520
6.20439 5895
6.20482 2880
6.20525 3600
6.20569 4176
6.20613 4672
6.20657 5115
6.20699 5520
6.20741 5895
6.20785 6246
6.20785 6577
6.20829 6892
6.20829 7192
6.20873 7480
6.20874 7757
6.20914 8024
6.20915 8282
6.20957 8532
6.20957 8775
6.21001 9011
6.21001 9241
6.21045 9465
6.21086 3600
6.21171 4176
6.21215 4672
6.21259 5115
6.21343 2880
6.21385 3600
6.21429 4176
6.21473 4672
6.21516 5115
6.21559 5520
6.216 5895
6.21643 6246
6.21644 6577
6.21687 6892
6.21731 2880
6.2177 3600
6.21807 4176
6.21849 4672
6.21893 5115
6.21979 2880
6.22021 3600
6.22065 4176
6.2211 4672
6.22153 5115
6.22191 5520
6.22226 5895
6.22263 6246
6.22264 6577
6.22307 6892
6.22307 7192
6.2235 7480
6.22351 7757
6.22395 8024
6.22436 2880
6.22478 3600
6.22521 4176
6.22565 4672
6.22609 5115
6.22649 5520
6.22684 5895
6.22722 6246
6.22722 6577
6.22765 6892
6.22765 7192
6.22809 7480
6.22809 7757
6.22853 8024
6.22853 8282
6.22893 8532
6.22894 8775
6.22933 9011
6.22934 9241
6.22934 9465
6.22975 9684
6.22976 9898
6.22976 10107
6.23019 10312
6.2302 10513
6.2302 10710
6.23063 4320
6.23106 4800
6.23147 5232
6.23191 5628
6.23235 5996
6.23279 6341
6.23406 2880
6.23536 3600
6.23575 4176
6.23613 4672
6.23656 5115
6.237 5520
6.23744 5895
6.23784 6246
6.23784 6577
6.23822 6892
6.23823 7192
6.23863 7480
6.23864 7757
6.23908 8024
6.23951 2880
6.23993 3600
6.24031 4176
6.2407 4672
6.24113 5115
6.24157 5520
6.242 5895
6.24243 6246
6.24243 6577
6.24285 6892
6.24285 7192
6.24328 7480
6.24329 7757
6.24373 8024
6.24416 2880
6.24457 3600
6.24494 4176
6.24533 4672
6.24577 5115
6.24663 2880
6.24699 3600
6.24736 4176
6.24776 4672
6.24819 5115
6.24862 5520
6.24906 5895
6.2495 6246
6.24951 6577
6.24994 6892
6.24995 7192
6.25038 7480
6.25038 7757
6.25081 8024
6.25082 8282
6.25125 8532
6.25125 8775
6.25169 9011
6.25169 9241
6.25169 9465
6.25208 9684
6.25209 9898
6.25209 10107
6.25249 10312
6.2525 10513
6.2525 10710
6.25291 10903
6.25292 11093
6.25292 11279
6.25336 11462
6.25336 4320
6.25423 4800
6.25464 5232
6.25505 5628
6.25549 5996
6.25592 2880
6.25634 3600
6.25677 4176
6.25719 4672
6.25762 5115
6.25805 5520
6.25849 5895
6.25892 6246
6.25893 6577
6.25936 6892
6.25937 7192
6.2598 7480
6.2598 7757
6.26024 8024
6.26067 2880
6.26108 3600
6.26147 4176
6.26191 4672
6.26235 5115
6.26322 2880
6.26366 3600
6.26408 4176
6.46452 4672
6.46539 2880
6.46581 3600
6.46625 4176
6.46669 4672
6.46712 5115
6.46755 5520
6.46797 5895
6.46839 6246
6.4684 6577
6.46883 6892
6.46883 7192
6.46927 7480
6.46927 7757
6.46971 8024
6.46971 8282
6.47013 8532
6.47014 8775
6.47054 9011
6.47054 9241
6.47054 9465
6.47096 9684
6.47097 9898
6.47097 10107
6.4714 10312
6.47141 10513
6.47141 10710
6.47184 10903
6.47184 11093
6.47185 11279
6.47224 11462
6.47225 11642
6.47225 11820
6.47266 11995
6.47267 12167
6.47267 12337
6.47268 12505
6.47309 12670
6.4731 12833
6.4731 12994
6.47311 13153
6.47354 13310
6.47354 13465
6.47355 13618
6.47397 5760
6.4744 6120
6.47441 6458
6.47481 6779
6.47482 7084
6.47526 7376
6.47526 7657
6.4757 7927
6.47613 2880
6.47653 3600
6.47693 4176
6.47737 4672
6.47781 5115
6.47861 2880
6.47901 3600
6.47944 4176
6.67988 4672
6.68115 2880
6.682 3600
6.68331 2880
6.68373 3600
6.68417 4176
6.68461 4672
6.68502 5115
6.68537 5520
6.68572 5895
6.68609 6246
6.68609 6577
6.68652 6892
6.68653 7192
6.68696 7480
6.68697 7757
6.6874 8024
6.6874 8282
6.68783 8532
6.68784 8775
6.68827 9011
6.68827 9241
6.68828 9465
6.68871 9684
6.68871 9898
6.68872 10107
6.68912 10312
6.68913 10513
6.68913 10710
6.68953 10903
6.68954 11093
6.68954 11279
6.68991 11462
6.68991 11642
6.68992 11820
6.69032 11995
6.69032 12167
6.69033 12337
6.69033 12505
6.69076 12670
6.69076 12833
6.69077 12994
6.69077 13153
6.6912 13310
6.6912 13465
6.69121 13618
6.69121 13770
6.69162 13920
6.69163 14068
6.69163 14215
6.69164 14360
6.69203 14504
6.69204 14646
6.69204 14787
6.69205 14927
6.69243 15065
6.69244 15202
6.69244 15338
6.69245 15473
6.69245 15607
6.69287 15739
6.69288 15870
6.69288 16000
6.69289 16129
6.69289 16257
6.69331 16384
6.69332 16510
6.69332 16635
6.69333 16759
6.69333 16882
6.69375 17004
6.69375 17125
6.69376 17246
6.69376 17366
6.69377 17485
6.69414 17603
6.69415 17720
6.69415 17837
6.69416 17953
6.69416 18068
6.69417 18182
6.69455 18296
6.69456 18409
6.69456 18521
6.69457 18632
6.69457 18743
6.69458 18853
6.69498 18962
6.69498 19071
6.69499 19179
6.69499 19287
6.695 19394
6.695 19500
6.69542 19606
6.69542 19711
6.69543 19816
6.69543 19920
6.69544 20024
6.69544 20127
6.69585 20230
6.69585 20332
6.69586 20433
6.69586 20534
6.69587 20634
6.69587 20734
6.69629 20834
6.69629 20933
6.6963 9360
6.69672 9581
6.69715 9797
6.69716 10008
6.69716 10215
6.69759 10417
6.69759 10616
6.6976 10811
6.69803 11002
6.69803 11190
6.69804 11375
6.69845 11557
6.69846 11736
6.69846 11912
6.69886 12086
6.69886 12257
6.69887 12426
6.69887 12592
6.69927 12756
6.69927 12918
6.69927 13078
6.69928 13236
6.69971 13392
6.69971 13546
6.69972 13699
6.70013 5760
6.70055 6120
6.70055 6458
6.70098 6779
6.70099 7084
6.70143 7376
6.70186 2880
6.70228 3600
6.70269 4176
6.7031 4672
6.70354 5115
6.70442 2880
6.70482 3600
6.70518 4176
6.70556 4672
6.70597 5115
6.7064 5520
6.70682 5895
6.70723 6246
6.70723 6577
6.70767 6892
6.70768 7192
6.70811 7480
6.70812 7757
6.70855 8024
6.70855 8282
6.70898 8532
6.70898 8775
6.70939 9011
6.70939 9241
6.7094 9465
6.70983 9684
6.70984 3600
6.71026 4176
6.71068 4672
6.71112 5115
6.71155 5520
6.71198 5895
6.71241 6246
6.71242 6577
6.71283 6892
6.71283 7192
6.71324 7480
6.71324 7757
6.71368 8024
6.71368 8282
6.7141 8532
6.71411 8775
6.71453 9011
6.71454 9241
6.71454 9465
6.71498 9684
6.71498 3600
6.71542 4176
6.71586 4672
6.71629 5115
6.71671 5520
6.71711 5895
6.71752 6246
6.71752 6577
6.71796 6892
6.7184 2880
6.71884 3600
6.71926 4176
6.71969 4672
6.72013 5115
6.72093 2880
6.72131 3600
6.72172 4176
6.92217 4672
6.92303 2880
6.92347 3600
6.92391 4176
6.92434 4672
6.92478 5115
6.92522 5520
6.92564 5895
6.92608 6246
6.92608 6577
6.92652 6892
6.92696 2880
6.92739 3600
6.92782 4176
6.92826 4672
6.9287 5115
6.92997 2880
6.93084 3600
6.93214 2880
6.93258 3600
6.93302 4176
6.93346 4672
6.9339 5115
6.93425 5520
6.9346 5895
6.93502 6246
6.93502 6577
6.93546 6892
6.9359 2880
6.93633 3600
6.93676 4176
6.9372 4672
6.93763 5115
6.93803 5520
6.93844 5895
6.93888 6246
6.93931 6577
6.93975 2880
6.94018 3600
6.94059 4176
6.941 4672
6.94144 5115
6.94188 5520
6.94231 5895
6.94272 6246
6.94273 6577
6.94316 6892
6.94316 7192
6.9436 7480
6.94361 7757
6.94403 8024
6.94403 8282
6.94443 8532
6.94444 8775
6.94482 9011
6.94483 9241
6.94483 9465
6.94526 9684
6.94526 9898
6.94527 10107
6.9457 10312
6.94571 10513
6.94571 10710
6.94615 4320
6.94657 4800
6.94697 5232
6.94734 5628
6.94777 5996
6.94821 6341
6.94821 6668
6.94863 6978
6.94864 7275
6.94903 7560
6.94903 7834
6.94944 8098
6.94944 8354
6.94988 8602
6.94988 8843
6.95032 9077
6.95032 9305
6.95076 9527
6.95116 3600
6.9519 4176
6.95233 4672
6.95277 5115
6.9532 5520
6.95364 5895
6.95407 6246
6.95407 6577
6.95448 6892
6.95448 7192
6.95491 7480
6.95491 7757
6.95535 8024
6.95577 2880
6.95617 3600
6.95657 4176
6.95701 4672
6.95745 5115
6.95827 2880
6.95868 3600
6.95912 4176
7.15956 4672
7.16088 2880
7.16173 3600
7.16216 4176
7.3626 4672
7.36344 2880
7.36383 3600
7.36426 4176
7.36469 4672
7.36513 5115
7.36557 5520
7.36598 5895
7.3664 6246
7.36641 6577
7.36684 6892
7.36685 7192
7.36728 7480
7.36729 7757
7.36771 8024
7.36771 8282
7.36813 8532
7.36813 8775
7.36849 9011
7.3685 9241
7.3685 9465
7.36892 9684
7.36892 9898
7.36893 10107
7.36935 10312
7.36936 10513
7.36936 10710
7.36979 10903
7.36979 11093
7.3698 11279
7.37022 11462
7.37022 11642
7.37023 11820
7.37059 11995
7.3706 12167
7.3706 12337
7.37061 12505
7.37099 12670
7.371 12833
7.371 12994
7.37101 13153
7.37142 13310
7.37142 13465
7.37143 13618
7.37143 13770
7.37186 13920
7.37186 14068
7.37187 14215
7.37187 14360
7.37229 14504
7.3723 14646
7.3723 14787
7.37231 14927
7.3727 15065
7.37271 15202
7.37271 15338
7.37272 15473
7.37272 15607
7.37312 15739
7.37313 15870
7.37313 16000
7.37314 16129
7.37314 16257
7.37355 16384
7.37356 16510
7.37356 16635
7.37357 16759
7.37357 16882
7.37399 17004
7.374 17125
7.374 17246
7.37401 17366
7.37401 17485
7.37443 17603
7.37444 7920
7.37523 8181
7.37564 8434
7.37565 8679
7.37609 8917
7.37651 3600
7.37738 4176
7.37781 4672
7.37825 5115
7.37911 2880
7.37955 3600
7.37999 4176
7.38043 4672
7.38087 5115
7.38167 2880
7.3821 3600
7.38254 4176
7.38298 4672
7.38341 5115
7.38384 5520
7.38428 5895
7.38472 2880
7.38516 3600
7.38559 4176
7.38601 4672
7.38644 5115
7.38688 5520
7.38731 5895
7.38775 6246
7.38818 6577
7.38861 2880
7.38905 3600
7.3895 4176
7.38994 4672
7.39038 5115
7.39116 2880
7.39155 3600
7.392 4176
7.59244 4672
7.59324 2880
7.59367 3600
7.59411 4176
7.59455 4672
7.59498 5115
7.59539 5520
7.5958 5895
7.59625 6246
7.59707 2880
7.59792 3600
7.59836 4176
7.59878 4672
7.5992 5115
7.59962 5520
7.60006 5895
7.6005 6246
7.60092 6577
7.6013 2880
7.6017 3600
7.60212 4176
7.60257 4672
7.60299 5115
7.60343 5520
7.60387 5895
7.60431 2880
7.60475 3600
7.60519 4176
7.6056 4672
7.60601 5115
7.60644 5520
7.60688 5895
7.60776 2880
7.60862 3600
7.60906 4176
7.60951 4672
7.60994 5115
7.61037 5520
7.61081 5895
7.61125 6246
7.61168 6577
7.61211 2880
7.61252 3600
7.61295 4176
7.6134 4672
7.61383 5115
7.61423 5520
7.61463 5895
7.61506 6246
7.61507 6577
7.61551 6892
7.61595 2880
7.61637 3600
7.61678 4176
7.61721 4672
7.61765 5115
7.61851 2880
7.61886 3600
7.61922 4176
7.61963 4672
7.62007 5115
7.62091 2880
7.62134 3600
7.62179 4176
7.62222 4672
7.62266 5115
7.62306 5520
7.62346 5895
7.62384 6246
7.62385 6577
7.62428 6892
7.62429 7192
7.62472 7480
7.62473 7757
7.62515 8024
7.62516 8282
7.62559 8532
7.62559 8775
7.62603 9011
7.62645 3600
7.62733 4176
7.62864 2880
7.62908 3600
7.62952 4176
7.62993 4672
7.63037 5115
7.63125 2880
7.63164 3600
7.63204 4176
7.63248 4672
7.63292 5115
7.63336 5520
7.63421 2880
7.63465 3600
7.63509 4176
7.63553 4672
7.63596 5115
7.63637 5520
7.6368 5895
7.63724 6246
7.63768 6577
7.6381 2880
7.63854 3600
7.63898 4176
7.63941 4672
7.63984 5115
7.64026 5520
7.64068 5895
7.64112 6246
7.64156 6577
7.64196 2880
7.64235 3600
7.64278 4176
7.64322 4672
7.64365 5115
7.64407 5520
7.64447 5895
7.6449 6246
7.6449 6577
7.64534 6892
7.64578 2880
7.6462 3600
7.64663 4176
7.64706 4672
7.6475 5115
7.64835 2880
7.64879 3600
7.64923 4176
7.84967 4672
7.85054 2880
7.85097 3600
7.85141 4176
7.85183 4672
7.85227 5115
7.8527 5520
7.85314 5895
7.85357 6246
7.85357 6577
7.85401 6892
7.85445 2880
7.85489 3600
7.85532 4176
7.85576 4672
7.8562 5115
7.85663 5520
7.85707 5895
7.85746 6246
7.85747 6577
7.8579 6892
7.85791 7192
7.85834 7480
7.85835 7757
7.85877 8024
7.85877 8282
7.8592 8532
7.85921 8775
7.85963 9011
7.85964 9241
7.85964 9465
7.86008 9684
7.86008 9898
7.86009 10107
7.86051 10312
7.86052 10513
7.86052 10710
7.86092 10903
7.86093 11093
7.86093 11279
7.86135 11462
7.86136 11642
7.86136 11820
7.86179 11995
7.86179 12167
7.8618 12337
7.8618 12505
7.86223 12670
7.86224 5040
7.86268 5451
7.86311 5831
7.86353 6186
7.86354 6521
7.86397 6838
7.86397 7141
7.8644 7431
7.8644 7710
7.86484 7978
7.86528 2880
7.86569 3600
7.8661 4176
7.86654 4672
7.86699 5115
7.86786 2880
7.86829 3600
7.86871 4176
7.86914 4672
7.86959 5115
7.87046 2880
7.87087 3600
7.87131 4176
7.87176 4672
7.8722 5115
7.87306 2880
7.8735 3600
7.87391 4176
7.87434 4672
7.87478 5115
7.87564 2880
7.87608 3600
7.87652 4176
7.87694 4672
7.87737 5115
7.87781 5520
7.87825 5895
7.87869 2880
7.87912 3600
7.87955 4176
7.87998 4672
7.88042 5115
7.88085 5520
7.88127 5895
7.8817 6246
7.88171 6577
7.88213 6892
7.88213 7192
7.88257 7480
7.88257 7757
7.88301 8024
7.88344 2880
7.88384 3600
7.88425 4176
7.88466 4672
7.8851 5115
7.88552 5520
7.88594 5895
7.88638 6246
7.88682 6577
7.88808 2880
7.88894 3600
7.88938 4176
7.88981 4672
7.89024 5115
7.89068 5520
7.89112 5895
7.89198 2880
7.89281 3600
7.89324 4176
7.89369 4672
7.89413 5115
7.89455 5520
7.89496 5895
7.89536 6246
7.89536 6577
7.8958 6892
7.89581 7192
7.89624 7480
7.89625 7757
7.89666 8024
7.89667 8282
7.89706 8532
7.89706 8775
7.89743 9011
7.89743 9241
7.89744 9465
7.89786 9684
7.89787 9898
7.89787 10107
7.8983 10312
7.89831 10513
7.89831 10710
7.89874 10903
7.89874 11093
7.89875 11279
7.89913 11462
7.89914 11642
7.89914 11820
7.89954 11995
7.89954 12167
7.89955 12337
7.89955 12505
7.89997 12670
7.89997 12833
7.89998 12994
7.89998 13153
7.90041 13310
7.90041 13465
7.90042 13618
7.90042 13770
7.90084 13920
7.90085 14068
7.90085 14215
7.90086 14360
7.90128 14504
7.90128 14646
7.90129 14787
7.90129 14927
7.9017 15065
7.9017 15202
7.90171 15338
7.90171 15473
7.90172 15607
7.90214 15739
7.90214 15870
7.90215 16000
7.90215 16129
7.90216 16257
7.90257 16384
7.90258 16510
7.90258 16635
7.90258 16759
7.90259 16882
7.903 17004
7.90301 17125
7.90301 17246
7.90302 17366
7.90302 17485
7.90344 17603
7.90344 17720
7.90345 17837
7.90345 17953
7.90345 18068
7.90346 18182
7.90387 18296
7.90388 18409
7.90388 18521
7.90389 18632
7.90389 18743
7.9039 18853
7.90432 18962
7.90432 19071
7.90432 19179
7.90433 19287
7.90433 19394
7.90475 8640
7.90519 8880
7.90519 9113
7.9052 9340
7.90563 9562
7.90563 9778
7.90564 9990
7.90607 10197
7.90607 10400
7.90608 10599
7.90648 10794
7.90649 10986
7.90649 11174
7.90688 11359
7.90689 11541
7.90689 11720
7.90727 11896
7.90727 12070
7.90728 12241
7.90728 12410
7.9077 12577
7.90771 12741
7.90771 12903
7.90772 13063
7.90814 13221
7.90815 13377
7.90815 13532
7.90816 13685
7.90857 13836
7.90857 13985
7.90858 14133
7.90858 14279
7.90899 14424
7.909 14567
7.909 14709
7.90901 14849
7.90942 14988
7.90943 15126
7.90943 15263
7.90944 15398
7.90944 15532
7.90986 15665
7.90987 15797
7.90987 15928
7.90988 16058
7.90988 16187
7.9103 16315
7.91031 16442
7.91031 16568
7.91032 16693
7.91032 16817
7.91073 16940
7.91073 17062
7.91073 17183
7.91074 17303
7.91074 17422
7.91113 17541
7.91113 17659
7.91114 17776
7.91114 17892
7.91115 18007
7.91115 18122
7.91155 18236
7.91155 18349
7.91156 18462
7.91156 18574
7.91157 18685
7.91157 18795
7.91199 18905
7.91199 19014
7.912 19123
7.912 19231
7.91201 19338
7.91201 19445
7.91242 19551
7.91243 19657
7.91243 19762
7.91244 19866
7.91244 19970
7.91245 20073
7.91283 20176
7.91284 20278
7.91284 20380
7.91285 20481
7.91285 20582
7.91286 20682
7.91325 20782
7.91325 20881
7.91326 20980
7.91326 21078
7.91327 21176
7.91328 21273
7.91328 21370
7.91368 21467
7.91368 21563
7.91369 21659
7.91369 21754
7.9137 21849
7.9137 21943
7.91371 22037
7.91412 22131
7.91412 22224
7.91413 22317
7.91414 10080
7.91457 10285
7.91498 10486
7.91499 10683
7.91499 10877
7.91538 11067
7.91539 11254
7.91539 11438
7.91578 11619
7.91578 11797
7.91578 11972
7.91622 12145
7.91622 5040
7.91748 5451
7.91749 5831
7.91789 6186
7.91789 6521
7.91833 6838
7.91833 7141
7.91877 7431
7.91877 7710
7.9192 7978
7.91921 8237
7.91962 8488
7.91963 8732
7.92006 8969
7.92006 9200
7.92007 9425
7.9205 9645
7.92051 3600
7.92095 4176
7.92138 4672
7.92181 5115
7.92224 5520
7.92267 5895
7.92311 6246
7.92311 6577
7.92354 6892
7.92355 7192
7.92397 7480
7.92398 7757
7.92436 8024
7.92437 8282
7.92479 8532
7.92479 8775
7.92523 9011
7.92524 9241
7.92568 3600
7.92687 4176
7.92731 4672
8.12775 5115
8.12905 2880
8.12991 3600
8.1312 2880
8.13164 3600
8.13292 2880
8.13334 3600
8.13378 4176
8.33422 4672
9.33422 1440
9.53465 2880
9.53551 3600
9.5359 4176
9.53633 4672
9.53676 5115
9.5372 5520
9.53764 5895
9.53806 2880
9.53848 3600
9.53892 4176
9.53936 4672
9.53979 5115
9.5402 5520
9.54063 5895
9.54107 6246
9.54194 2880
9.54276 3600
9.54317 4176
9.54362 4672
9.54405 5115
9.54449 5520
9.54492 5895
9.54533 6246
9.54534 6577
9.54577 6892
9.54577 7192
9.54621 7480
9.54621 7757
9.54665 8024
9.54665 8282
9.54708 8532
9.54708 8775
9.54747 9011
9.54748 9241
9.54748 9465
9.54785 9684
9.54786 9898
9.54786 10107
9.54828 10312
9.54828 10513
9.54829 10710
9.54872 10903
9.54872 11093
9.54873 11279
9.54914 11462
9.54914 11642
9.54915 11820
9.54956 11995
9.54956 12167
9.54957 12337
9.54957 12505
9.55 12670
9.55 12833
9.55001 12994
9.55001 13153
9.55044 13310
9.55044 13465
9.55045 13618
9.55088 5760
9.55169 6120
9.5517 6458
9.5521 6779
9.55211 7084
9.55255 7376
9.55299 2880
9.55342 3600
9.55385 4176
9.55429 4672
9.55472 5115
9.55515 5520
9.55559 5895
9.55603 2880
9.55638 3600
9.55675 4176
9.55715 4672
9.55759 5115
9.55802 5520
9.55844 5895
9.55888 6246
9.55933 6577
9.56053 2880
9.5614 3600
9.76184 4176
9.7631 2880
9.76351 3600
9.76396 4176
9.76439 4672
9.76483 5115
9.76524 5520
9.76565 5895
9.76607 6246
9.76608 6577
9.76652 6892
9.76652 7192
9.76694 7480
9.76695 7757
9.76738 8024
9.76739 8282
9.76782 8532
9.76783 8775
9.76826 9011
9.76826 9241
9.76827 9465
9.76869 9684
9.7687 9898
9.7687 10107
9.76913 10312
9.76914 10513
9.76914 10710
9.76956 10903
9.76957 11093
9.76957 11279
9.76998 11462
9.76999 11642
9.76999 11820
9.77042 11995
9.77043 12167
9.77043 12337
9.77044 12505
9.77086 12670
9.77087 5040
9.77131 5451
9.77174 5831
9.77217 6186
9.77218 6521
9.77261 6838
9.77261 7141
9.77305 7431
9.77305 7710
9.77346 7978
9.77346 8237
9.77382 8488
9.77382 8732
9.7742 8969
9.77421 9200
9.77421 9425
9.77462 9645
9.77463 9859
9.77463 10069
9.77506 10274
9.77507 10475
9.77507 10672
9.7755 10866
9.77551 4320
9.77594 4800
9.77637 5232
9.7768 5628
9.77724 5996
9.77767 6341
9.77768 6668
9.7781 6978
9.7781 7275
9.77852 7560
9.77852 7834
9.77895 8098
9.77895 8354
9.77939 8602
9.77939 8843
9.77982 9077
9.77983 9305
9.77983 9527
9.78026 9744
9.78027 9956
9.78027 10164
9.78068 10368
9.78069 10568
9.78069 10764
9.78111 10956
9.78112 11145
9.78112 11331
9.78155 11514
9.78156 11694
9.78156 11871
9.78199 12045
9.782 12217
9.782 12386
9.78242 5040
9.78282 5451
9.78325 5831
9.78369 6186
9.78369 6521
9.78413 6838
9.78414 7141
9.78455 7431
9.78456 7710
9.78495 7978
9.78496 8237
9.78539 8488
9.7854 8732
9.78583 8969
9.78584 9200
9.78627 9425
9.78627 3600
9.78666 4176
9.78701 4672
9.78738 5115
9.78777 5520
9.78822 5895
9.78866 2880
9.78909 3600
9.78951 4176
9.78993 4672
9.79037 5115
9.79123 2880
9.79161 3600
9.79199 4176
9.79239 4672
9.79283 5115
9.79326 5520
9.7937 5895
9.79414 6246
9.79415 6577
9.79456 6892
9.79456 7192
9.79497 7480
9.79497 7757
9.79541 8024
9.79584 2880
9.79627 3600
9.7967 4176
9.79713 4672
9.79757 5115
9.798 5520
9.79843 5895
9.79883 6246
9.79884 6577
9.79925 6892
9.79926 7192
9.79969 7480
9.7997 7757
9.80012 8024
9.80013 8282
9.80056 8532
9.80056 8775
9.801 9011
9.80143 3600
9.80227 4176
9.80271 4672
10.0031 5115
10.0044 2880
10.0053 3600
10.0057 4176
10.2061 4672
10.207 2880
10.2074 3600
10.2078 4176
10.2082 4672
10.2086 5115
10.2091 5520
10.2095 5895
10.2099 6246
10.2099 6577
10.2104 6892
10.2104 7192
10.2108 7480
10.2108 7757
10.2113 8024
10.2113 8282
10.2117 8532
10.2117 8775
10.2121 9011
10.2121 9241
10.2121 9465
10.2125 9684
10.2125 9898
10.2125 10107
10.2129 10312
10.213 10513
10.213 10710
10.2134 10903
10.2134 11093
10.2134 11279
10.2138 11462
10.2138 4320
10.2143 4800
10.2147 5232
10.2151 5628
10.2155 5996
10.216 6341
10.216 6668
10.2164 6978
10.2164 7275
10.2168 7560
10.2168 7834
10.2173 8098
10.2173 8354
10.2177 8602
10.2181 2880
10.2185 3600
10.2189 4176
10.2194 4672
10.2198 5115
10.2203 5520
10.2207 5895
10.2211 6246
10.2211 6577
10.2216 6892
10.222 2880
10.2224 3600
10.2228 4176
10.2233 4672
10.2237 5115
10.2245 2880
10.2249 3600
10.2253 4176
10.2258 4672
10.2262 5115
10.2266 5520
10.227 5895
10.2274 6246
10.2274 6577
10.2279 6892
10.2283 2880
10.2288 3600
10.2292 4176
10.2295 4672
10.23 5115
10.2304 5520
10.2308 5895
10.2313 6246
10.2317 6577
10.2321 2880
10.2326 3600
10.233 4176
10.2334 4672
10.2338 5115
10.2347 2880
10.2351 3600
10.2355 4176
10.236 4672
10.2364 5115
10.2372 2880
10.2376 3600
10.2381 4176
10.4385 4672
10.4398 2880
10.4406 3600
10.4411 4176
10.4415 4672
10.4419 5115
10.4424 5520
10.4428 5895
10.4433 6246
10.4433 6577
10.4437 6892
10.4437 7192
10.4441 7480
10.4441 7757
10.4446 8024
10.4446 8282
10.445 8532
10.445 8775
10.4454 9011
10.4454 9241
10.4454 9465
10.4459 9684
10.4459 9898
10.4459 10107
10.4463 10312
10.4463 10513
10.4463 10710
10.4467 10903
10.4467 11093
10.4467 11279
10.4472 11462
10.4472 4320
10.4476 4800
10.448 5232
10.4485 5628
10.4489 5996
10.4493 6341
10.4498 6668
10.4511 2880
10.4519 3600
10.4524 4176
10.4528 4672
10.4532 5115
10.4537 5520
10.4541 5895
10.4546 6246
10.455 6577
10.4554 2880
10.4559 3600
10.4563 4176
10.4567 4672
10.4571 5115
10.4575 5520
10.4579 5895
10.4583 6246
10.4592 2880
10.4601 3600
10.4605 4176
10.4609 4672
10.4613 5115
10.4617 5520
10.4622 5895
10.4626 6246
10.4639 2880
10.4651 3600
10.4656 4176
10.466 4672
10.4664 5115
10.4668 5520
10.4673 5895
10.4677 6246
10.4677 6577
10.4682 6892
10.4686 2880
10.469 3600
10.4694 4176
10.4698 4672
10.4702 5115
10.4707 5520
10.4711 5895
10.4715 6246
10.4715 6577
10.4719 6892
10.4719 7192
10.4724 7480
10.4724 7757
10.4728 8024
10.4728 8282
10.4732 8532
10.4732 8775
10.4736 9011
10.4736 9241
10.4736 9465
10.474 9684
10.474 9898
10.474 10107
10.4744 10312
10.4744 10513
10.4744 10710
10.4749 10903
10.4749 11093
10.4749 11279
10.4753 11462
10.4753 4320
10.4757 4800
10.4761 5232
10.4766 5628
10.477 5996
10.4774 2880
10.4778 3600
10.4782 4176
10.4787 4672
10.4791 5115
10.4799 2880
10.4804 3600
10.4808 4176
10.4812 4672
10.4817 5115
10.4825 2880
10.4829 3600
10.4833 4176
10.4837 4672
10.4842 5115
10.485 2880
10.4854 3600
10.4859 4176
10.4863 4672
10.4867 5115
10.4871 5520
10.4875 5895
10.488 6246
10.4884 6577
10.4888 2880
10.4892 3600
10.4896 4176
10.49 4672
10.4905 5115
10.4909 5520
10.4913 5895
10.4917 6246
10.4917 6577
10.4922 6892
10.4922 7192
10.4926 7480
10.4926 7757
10.493 8024
10.493 8282
10.4934 8532
10.4934 8775
10.4938 9011
10.4938 9241
10.4938 9465
10.4942 9684
10.4942 9898
10.4942 10107
10.4946 10312
10.4946 10513
10.4946 10710
10.4951 10903
10.4951 11093
10.4951 11279
10.4955 11462
10.4955 11642
10.4955 11820
10.4959 11995
10.4959 12167
10.4959 12337
10.4959 12505
10.4963 12670
10.4963 12833
10.4963 12994
10.4963 13153
10.4968 13310
10.4968 13465
10.4968 13618
10.4972 5760
10.4976 6120
10.4976 6458
10.498 6779
10.498 7084
10.4983 7376
10.4984 7657
10.4987 7927
10.4987 8188
10.4992 8441
10.4992 8686
10.4996 8924
10.4996 9156
10.5 9382
10.5001 3600
10.5005 4176
10.5009 4672
10.5014 5115
10.5018 5520
10.5022 5895
10.5026 6246
10.5027 6577
10.503 6892
10.503 7192
10.5034 7480
10.5035 7757
10.5039 8024
10.5043 2880
10.5047 3600
10.5051 4176
10.5056 4672
10.506 5115
10.5069 2880
10.5072 3600
10.5075 4176
10.5079 4672
10.5083 5115
10.5087 5520
10.5092 5895
10.5096 6246
10.5096 6577
10.51 6892
10.51 7192
10.5105 7480
10.5105 7757
10.5109 8024
10.5109 8282
10.5113 8532
10.5114 8775
10.5118 9011
10.5118 9241
10.5118 9465
10.5122 9684
10.5122 9898
10.5122 10107
10.5126 10312
10.5126 10513
10.5126 10710
10.513 10903
10.513 11093
10.513 11279
10.5135 11462
10.5135 11642
10.5135 11820
10.5139 11995
10.5139 12167
10.5139 12337
10.5139 12505
10.5143 12670
10.5143 12833
10.5143 12994
10.5143 13153
10.5147 13310
10.5147 13465
10.5148 13618
10.5148 13770
10.5152 13920
10.5152 14068
10.5152 14215
10.5152 14360
10.5156 14504
10.5156 14646
10.5156 14787
10.5156 14927
10.516 15065
10.5161 15202
10.5161 15338
10.5161 15473
10.5161 15607
10.5165 15739
10.5165 15870
10.5165 16000
10.5165 16129
10.5165 16257
10.5169 16384
10.5169 16510
10.5169 16635
10.5169 16759
10.5169 16882
10.5173 17004
10.5173 17125
10.5173 17246
10.5173 17366
10.5173 17485
10.5177 17603
10.5177 17720
10.5177 17837
10.5177 17953
10.5178 18068
10.5178 18182
10.5182 18296
10.5182 18409
10.5182 18521
10.5182 18632
10.5182 18743
10.5182 18853
10.5186 18962
10.5186 19071
10.5186 19179
10.5186 19287
10.5186 19394
10.5186 19500
10.519 19606
10.519 19711
10.519 19816
10.519 19920
10.519 20024
10.519 20127
10.5194 20230
10.5194 20332
10.5195 20433
10.5195 20534
10.5195 20634
10.5195 20734
10.5199 20834
10.5199 20933
10.5199 21032
10.5199 21130
10.5199 21228
10.5199 21325
10.5199 21422
10.5203 21518
10.5203 21614
10.5203 21709
10.5203 21804
10.5203 21899
10.5203 21993
10.5203 22087
10.5207 22180
10.5207 22273
10.5207 22366
10.5207 22458
10.5207 22550
10.5207 22641
10.5207 22732
10.5211 22823
10.5212 22913
10.5212 23003
10.5212 23093
10.5212 23182
10.5212 23271
10.5212 23360
10.5216 23448
10.5216 10800
10.5225 10992
10.5225 11180
10.5229 11365
10.5229 11547
10.5229 11726
10.5233 11902
10.5233 12076
10.5233 12247
10.5233 12416
10.5237 12583
10.5237 12747
10.5237 12909
10.5237 13069
10.5242 13227
10.5242 13383
10.5242 13537
10.5242 13690
10.5246 13841
10.5246 13990
10.5246 14138
10.5246 14284
10.525 14429
10.525 14572
10.525 14714
10.525 14854
10.5254 14993
10.5254 15131
10.5254 15268
10.5254 15403
10.5254 15537
10.5259 15670
10.5259 6480
10.5263 6800
10.5267 7104
10.5267 7395
10.5272 7675
10.5272 7945
10.5276 8205
10.5276 8457
10.528 8702
10.528 8940
10.5284 9171
10.5284 9397
10.5284 9617
10.5289 9832
10.5289 10042
10.5289 10248
10.5293 10450
10.5293 10648
10.5293 10842
10.5297 4320
10.5302 4800
10.5306 5232
10.531 5628
10.5314 5996
10.5318 6341
10.5318 6668
10.5323 6978
10.5323 7275
10.5327 7560
10.5327 7834
10.5331 8098
10.5331 8354
10.5336 8602
10.5336 8843
10.534 9077
10.534 9305
10.534 9527
10.5344 9744
10.5345 9956
10.5345 10164
10.5349 10368
10.5349 10568
10.5349 10764
10.5353 10956
10.5353 11145
10.5353 11331
10.5357 11514
10.5357 11694
10.5357 11871
10.5362 12045
10.5362 12217
10.5362 12386
10.5362 12553
10.5366 12718
10.5366 12881
10.5366 13041
10.5366 13200
10.537 13357
10.537 13512
10.537 13665
10.537 13816
10.5374 13966
10.5375 14114
10.5375 14260
10.5375 14405
10.5379 14548
10.5379 14690
10.5379 14831
10.5379 14970
10.5379 15108
10.5383 15245
10.5383 6480
10.5388 6800
10.5392 7104
10.5392 7395
10.5396 7675
10.5396 7945
10.5399 8205
10.5399 8457
10.5404 8702
10.5404 8940
10.5408 9171
10.5408 9397
10.5413 3600
10.5417 4176
10.542 4672
10.5424 5115
10.5429 5520
10.5433 5895
10.5437 6246
10.5437 6577
10.5442 6892
10.5442 7192
10.5446 7480
10.5446 7757
10.545 8024
10.545 8282
10.5455 8532
10.5455 8775
10.5459 9011
10.5459 9241
10.5463 9465
10.5464 3600
10.5468 4176
10.5472 4672
10.5476 5115
10.5485 2880
10.5489 3600
10.5494 4176
10.5498 4672
10.5502 5115
10.5507 5520
10.5511 5895
10.5515 6246
10.5515 6577
10.5519 6892
10.5519 7192
10.5523 7480
10.5523 7757
10.5528 8024
10.5532 2880
10.5536 3600
10.554 4176
10.5545 4672
10.5549 5115
10.5554 5520
10.5558 5895
10.5561 6246
10.5562 6577
10.5565 6892
10.5565 7192
10.557 7480
10.557 7757
10.5574 8024
10.5578 2880
10.5582 3600
10.5586 4176
10.559 4672
10.5595 5115
10.5599 5520
10.5603 5895
10.5607 6246
10.5607 6577
10.5612 6892
10.5612 7192
10.5616 7480
10.5616 7757
10.562 8024
10.562 8282
10.5625 8532
10.5625 8775
10.5628 9011
10.5628 9241
10.5629 9465
10.5633 9684
10.5633 9898
10.5633 10107
10.5637 10312
10.5637 10513
10.5637 10710
10.5642 4320
10.5646 4800
10.565 5232
10.5654 5628
10.5659 5996
10.5663 2880
10.5667 3600
10.5671 4176
10.5675 4672
10.568 5115
10.5684 5520
10.5688 5895
10.5692 6246
10.5692 6577
10.5696 6892
10.5696 7192
10.5701 7480
10.5701 7757
10.5705 8024
10.5705 8282
10.5709 8532
10.5709 8775
10.5713 9011
10.5713 9241
10.5713 9465
10.5717 9684
10.5717 9898
10.5717 10107
10.5722 10312
10.5722 10513
10.5722 10710
10.5726 10903
10.5726 11093
10.5726 11279
10.573 11462
10.573 11642
10.573 11820
10.5735 11995
10.5735 12167
10.5735 12337
10.5739 5040
10.5743 5451
10.5747 5831
10.5752 6186
10.5752 6521
10.5756 6838
10.5756 7141
10.576 7431
10.576 7710
10.5764 7978
10.5764 8237
10.5769 8488
10.5769 8732
10.5773 8969
10.5773 9200
10.5773 9425
10.5778 9645
10.5778 3600
10.5782 4176
10.5786 4672
10.579 5115
10.5794 5520
10.5799 5895
10.5803 6246
10.5803 6577
10.5807 6892
10.5807 7192
10.5811 7480
10.5811 7757
10.5816 8024
10.5816 8282
10.582 8532
10.582 8775
10.5824 9011
10.5824 9241
10.5824 9465
10.5828 9684
10.5828 9898
10.5829 10107
10.5833 10312
10.5833 10513
10.5833 10710
10.5837 10903
10.5837 11093
10.5837 11279
10.5841 11462
10.5841 11642
10.5841 11820
10.5846 11995
10.5846 12167
10.5846 12337
10.5846 12505
10.585 12670
10.585 12833
10.585 12994
10.585 13153
10.5854 13310
10.5854 13465
10.5855 13618
10.5855 13770
10.5859 13920
10.5859 14068
10.5859 14215
10.5859 14360
10.5863 14504
10.5863 6480
10.5868 6800
10.5871 7104
10.5871 7395
10.5875 7675
10.5875 7945
10.5879 8205
10.5879 8457
10.5883 8702
10.5883 8940
10.5888 9171
10.5888 9397
10.5888 9617
10.5892 9832
10.5892 10042
10.5892 10248
10.5896 10450
10.5897 10648
10.5897 10842
10.5901 11033
10.5901 11220
10.5901 11404
10.5905 11585
10.5905 11763
10.5905 11939
10.591 12112
10.591 5040
10.5922 5451
10.5922 5831
10.5926 6186
10.5926 6521
10.5931 6838
10.5931 7141
10.5935 7431
10.5935 7710
10.5939 7978
10.5939 8237
10.5944 8488
10.5944 8732
10.5948 8969
10.5948 9200
10.5948 9425
10.5952 9645
10.5952 9859
10.5952 10069
10.5956 10274
10.5956 10475
10.5956 10672
10.5961 10866
10.5961 11056
10.5961 11243
10.5965 11427
10.5965 11608
10.5965 11786
10.5969 11961
10.5969 12134
10.5969 12304
10.5969 12472
10.5974 12638
10.5974 12802
10.5974 12963
10.5974 13122
10.5978 13280
10.5978 13436
10.5978 13590
10.5978 13742
10.5982 13892
10.5982 14041
10.5982 14188
10.5982 14334
10.5986 14478
10.5986 14621
10.5986 14762
10.5986 14902
10.5991 15041
10.5991 15178
10.5991 6480
10.5995 6800
10.5999 7104
10.5999 7395
10.6003 7675
10.6003 7945
10.6008 8205
10.6008 8457
10.6012 8702
10.6012 8940
10.6016 9171
10.6016 9397
10.6016 9617
10.602 9832
10.602 10042
10.602 10248
10.6024 10450
10.6024 10648
10.6024 10842
10.6029 11033
10.6029 11220
10.6029 11404
10.6033 11585
10.6033 11763
10.6033 11939
10.6037 12112
10.6037 12283
10.6037 12451
10.6037 12617
10.6042 12781
10.6042 12943
10.6042 13103
10.6042 13261
10.6046 13417
10.6046 13571
10.6046 13723
10.6046 13874
10.605 14023
10.605 14170
10.605 14316
10.6051 14460
10.6055 14603
10.6055 6480
10.6064 6800
10.6068 7104
10.6068 7395
10.6072 7675
10.6072 7945
10.6076 8205
10.6076 8457
10.608 8702
10.608 8940
10.6085 9171
10.6089 3600
10.6102 4176
10.6106 4672
10.6111 5115
10.6115 5520
10.6119 5895
10.6124 2880
10.6128 3600
10.6132 4176
10.6137 4672
10.6141 5115
10.6145 5520
10.615 5895
10.6154 6246
10.6154 6577
10.6158 6892
10.6158 7192
10.6162 7480
10.6163 7757
10.6167 8024
10.6167 8282
10.6171 8532
10.6171 8775
10.6175 9011
10.6175 9241
10.6175 9465
10.6179 9684
10.6179 9898
10.6179 10107
10.6184 10312
10.6184 10513
10.6184 10710
10.6188 10903
10.6188 11093
10.6188 11279
10.6192 11462
10.6192 11642
10.6192 11820
10.6197 11995
10.6197 12167
10.6197 12337
10.6201 5040
10.6205 5451
10.6208 5831
10.6213 6186
10.6213 6521
10.6217 6838
10.6217 7141
10.6221 7431
10.6221 7710
10.6225 7978
10.6225 8237
10.623 8488
10.623 8732
10.6234 8969
10.6234 9200
10.6234 9425
10.6238 9645
10.6239 9859
10.6239 10069
10.6243 10274
10.6243 10475
10.6243 10672
10.6247 10866
10.6247 11056
10.6247 11243
10.6251 11427
10.6251 11608
10.6251 11786
10.6256 11961
10.6256 12134
10.6256 12304
10.6256 12472
10.626 12638
10.626 12802
10.626 12963
10.626 13122
10.6264 13280
10.6264 13436
10.6264 13590
10.6264 13742
10.6268 13892
10.6269 14041
10.6269 14188
10.6269 14334
10.6273 14478
10.6273 14621
10.6273 14762
10.6273 14902
10.6277 15041
10.6277 15178
10.6277 15314
10.6277 15449
10.6277 15583
10.6282 15716
10.6282 6480
10.6286 6800
10.629 7104
10.629 7395
10.6295 7675
10.6295 7945
10.6299 8205
10.6299 8457
10.6303 8702
10.6303 8940
10.6307 9171
10.6307 9397
10.6307 9617
10.6311 9832
10.6311 10042
10.6311 10248
10.6315 10450
10.6315 10648
10.6315 10842
10.6319 11033
10.632 11220
10.632 11404
10.6324 11585
10.6324 11763
10.6324 11939
10.6328 12112
10.6328 12283
10.6328 12451
10.6328 12617
10.6332 12781
10.6332 12943
10.6332 13103
10.6332 13261
10.6337 13417
10.6337 13571
10.6337 13723
10.6337 13874
10.6341 14023
10.6341 14170
10.6341 14316
10.6341 14460
10.6345 14603
10.6345 14744
10.6345 14884
10.6345 15023
10.6345 15161
10.6349 15297
10.6349 15432
10.6349 15566
10.6349 15699
10.6349 15831
10.6353 15961
10.6353 16090
10.6353 16218
10.6353 16345
10.6353 16471
10.6357 16596
10.6357 16720
10.6357 16844
10.6357 16967
10.6357 17089
10.6361 17210
10.6361 17330
10.6362 17449
10.6362 17567
10.6362 17685
10.6366 17802
10.6366 17918
10.6366 18033
10.6366 18147
10.6366 18261
10.6366 18374
10.637 18486
10.637 18598
10.637 18709
10.637 18819
10.637 18929
10.637 19038
10.6374 19146
10.6375 19254
10.6375 19361
10.6375 19468
10.6375 19574
10.6375 19679
10.6379 19784
10.6379 19888
10.6379 19992
10.6379 20095
10.6379 20198
10.6379 20300
10.6383 20402
10.6383 20503
10.6383 20604
10.6383 20704
10.6383 20804
10.6383 20903
10.6384 21002
10.6388 21100
10.6388 21198
10.6388 21295
10.6388 21392
10.6388 21488
10.6388 21584
10.6388 21680
10.6392 21775
10.6392 21870
10.6392 21964
10.6392 22058
10.6392 22152
10.6392 22245
10.6392 22338
10.6396 22430
10.6396 22522
10.6396 22614
10.6397 22705
10.6397 22796
10.6397 22886
10.6397 22976
10.6401 23066
10.6401 23155
10.6401 23244
10.6401 23333
10.6401 23421
10.6401 23509
10.6401 23597
10.6405 23684
10.6405 23771
10.6405 23858
10.6405 23944
10.6405 24030
10.6405 24116
10.6405 24201
10.6405 24286
10.641 24371
10.641 24456
10.641 24540
10.641 24624
10.641 24708
10.641 24791
10.641 24874
10.641 24957
10.6414 25040
10.6414 25122
10.6414 25204
10.6414 25286
10.6414 25368
10.6414 25449
10.6414 25530
10.6414 25611
10.6418 25691
10.6418 25771
10.6418 25851
10.6418 25931
10.6418 26010
10.6418 26089
10.6418 26168
10.6418 26247
10.6422 26326
10.6422 26404
10.6422 26482
10.6422 26560
10.6422 26638
10.6422 26715
10.6422 26792
10.6422 26869
10.6422 26946
10.6426 27022
10.6426 27098
10.6426 27174
10.6426 27250
10.6426 27326
10.6426 27401
10.6426 27476
10.6426 27551
10.6426 27626
10.643 27701
10.643 27775
10.643 27849
10.643 27923
10.643 27997
10.6431 28071
10.6431 28144
10.6431 28217
10.6431 28290
10.6435 28363
10.6435 28436
10.6435 28508
10.6435 28580
10.6435 28652
10.6435 28724
10.6435 28796
10.6435 28868
10.6435 28939
10.6439 29010
10.6439 29081
10.6439 29152
10.6439 29223
10.6439 29293
10.6439 29363
10.6439 29433
10.6439 29503
10.6439 29573
10.6443 13680
10.6447 13831
10.6448 13980
10.6448 14128
10.6448 14274
10.6452 14419
10.6452 14562
10.6452 14704
10.6452 14845
10.6456 14984
10.6456 15122
10.6456 15259
10.6456 15394
10.6456 15528
10.6461 15661
10.6461 6480
10.6465 6800
10.6469 7104
10.6469 7395
10.6474 7675
10.6474 7945
10.6478 8205
10.6478 8457
10.6482 8702
10.6482 8940
10.6486 9171
10.6486 9397
10.6486 9617
10.649 9832
10.649 10042
10.649 10248
10.6495 10450
10.6495 10648
10.6495 10842
10.6499 11033
10.6499 11220
10.6499 11404
10.6503 11585
10.6504 11763
10.6504 11939
10.6508 12112
10.6508 12283
10.6508 12451
10.6508 12617
10.6512 12781
10.6512 12943
10.6512 13103
10.6512 13261
10.6516 13417
10.6516 13571
10.6516 13723
10.6516 13874
10.6521 14023
10.6521 14170
10.6521 14316
10.6521 14460
10.6525 14603
10.6525 14744
10.6525 14884
10.6525 15023
10.6525 15161
10.6529 15297
10.6529 15432
10.6529 15566
10.6529 15699
10.6529 15831
10.6533 15961
10.6533 16090
10.6533 16218
10.6533 16345
10.6533 16471
10.6538 16596
10.6538 7200
10.6542 7488
10.6546 7764
10.6546 8031
10.6551 8289
10.6551 8539
10.6555 8781
10.6555 9017
10.6559 9246
10.6564 3600
10.6577 4176
10.6581 4672
10.8585 5115
10.8598 2880
10.8607 3600
10.8611 4176
11.8611 1440
11.8615 2880
11.862 3600
11.8624 4176
11.8628 4672
11.8633 5115
11.8637 5520
11.8641 5895
11.8645 6246
11.8646 6577
11.865 6892
11.865 7192
11.8654 7480
11.8654 7757
11.8659 8024
11.8659 8282
11.8663 8532
11.8663 8775
11.8667 9011
11.8667 9241
11.8667 9465
11.8672 9684
11.8672 9898
11.8672 10107
11.8676 10312
11.8676 10513
11.8676 10710
11.868 4320
11.8684 4800
11.8688 5232
11.8691 5628
11.8695 5996
11.8699 6341
11.87 6668
11.8704 6978
11.8704 7275
11.8708 7560
11.8708 7834
11.8713 8098
11.8713 8354
11.8717 8602
11.8721 2880
11.8726 3600
11.873 4176
11.8734 4672
11.8739 5115
11.8747 2880
11.8752 3600
11.8756 4176
11.876 4672
11.8765 5115
11.8769 5520
11.8773 5895
11.8778 6246
11.8786 2880
11.8794 3600
11.8799 4176
11.8803 4672
11.8808 5115
11.8812 5520
11.8816 5895
11.8821 2880
11.8825 3600
11.8829 4176
11.8833 4672
11.8838 5115
11.8842 5520
11.8846 5895
11.8851 6246
11.8851 6577
11.8855 6892
11.8855 7192
11.8859 7480
11.8859 7757
11.8864 8024
11.8864 8282
11.8868 8532
11.8868 8775
11.8872 9011
11.8872 9241
11.8872 9465
11.8877 9684
11.8877 3600
11.8881 4176
11.8886 4672
11.889 5115
11.8899 2880
11.8903 3600
11.8907 4176
11.8912 4672
11.8916 5115
11.892 5520
11.8925 5895
11.8929 6246
11.8929 6577
11.8933 6892
11.8938 2880
11.8942 3600
11.8946 4176
11.8951 4672
11.8955 5115
11.8964 2880
11.8968 3600
11.8972 4176
11.8977 4672
11.8981 5115
11.8985 5520
11.8989 5895
11.8994 6246
11.8998 6577
11.9002 2880
11.9007 3600
11.9011 4176
11.9015 4672
11.9019 5115
11.9024 5520
11.9028 5895
11.9032 6246
11.9032 6577
11.9036 6892
11.9036 7192
11.9041 7480
11.9041 7757
11.9045 8024
11.9045 8282
11.9049 8532
11.9049 8775
11.9054 9011
11.9054 9241
11.9054 9465
11.9058 9684
11.9058 9898
11.9058 10107
11.9062 10312
11.9063 10513
11.9063 10710
11.9067 10903
11.9067 11093
11.9067 11279
11.9071 11462
11.9071 11642
11.9071 11820
11.9075 11995
11.9075 12167
11.9075 12337
11.9075 12505
11.9079 12670
11.9079 12833
11.9079 12994
11.908 13153
11.9084 13310
11.9084 13465
11.9084 13618
11.9088 5760
11.9092 6120
11.9092 6458
11.9097 6779
11.9097 7084
11.9101 7376
11.9101 7657
11.9105 7927
11.911 2880
11.9114 3600
11.9118 4176
11.9122 4672
11.9127 5115
11.9131 5520
11.9135 5895
11.9139 6246
11.9139 6577
11.9143 6892
11.9143 7192
11.9147 7480
11.9147 7757
11.9152 8024
11.9152 8282
11.9156 8532
11.9156 8775
11.916 9011
11.916 9241
11.916 9465
11.9164 9684
11.9164 9898
11.9164 10107
11.9168 10312
11.9168 10513
11.9168 10710
11.9173 10903
11.9173 11093
11.9173 11279
11.9177 11462
11.9177 11642
11.9177 11820
11.9181 11995
11.9181 12167
11.9181 12337
11.9181 12505
11.9184 12670
11.9184 12833
11.9185 12994
11.9185 13153
11.9188 13310
11.9188 13465
11.9189 13618
11.9189 13770
11.9193 13920
11.9193 14068
11.9193 14215
11.9193 14360
11.9197 14504
11.9197 6480
11.9202 6800
11.9206 7104
11.9206 7395
11.921 7675
11.921 7945
11.9214 8205
11.9214 8457
11.9219 8702
11.9219 8940
11.9223 9171
11.9223 9397
11.9223 9617
11.9227 9832
11.9227 10042
11.9227 10248
11.9232 10450
11.9232 10648
11.9232 10842
11.9236 11033
11.9236 11220
11.9236 11404
11.924 11585
11.924 11763
11.924 11939
11.9244 12112
11.9244 12283
11.9244 12451
11.9244 12617
11.9248 12781
11.9248 12943
11.9248 13103
11.9248 13261
11.9252 13417
11.9252 13571
11.9252 13723
11.9252 13874
11.9257 14023
11.9257 14170
11.9257 14316
11.9257 14460
11.9261 14603
11.9261 6480
11.9269 6800
11.9273 7104
11.9273 7395
11.9278 7675
11.9278 7945
11.9282 8205
11.9282 8457
11.9286 8702
11.9287 8940
11.9291 9171
11.9291 9397
11.9291 9617
11.9295 9832
11.9295 10042
11.9295 10248
11.9299 10450
11.9299 10648
11.93 10842
11.9304 4320
11.9308 4800
11.9312 5232
11.9317 5628
11.9321 5996
11.9325 6341
11.9325 6668
11.933 6978
11.933 7275
11.9334 7560
11.9334 7834
11.9338 8098
11.9338 8354
11.9342 8602
11.9342 8843
11.9347 9077
11.9347 9305
11.9351 9527
11.9351 3600
11.9355 4176
11.9359 4672
11.9364 5115
11.9368 5520
11.9373 5895
11.9377 6246
11.9381 6577
11.9386 2880
11.939 3600
11.9394 4176
11.9399 4672
11.9403 5115
11.9407 5520
11.9412 5895
11.9416 6246
11.9416 6577
11.942 6892
11.942 7192
11.9424 7480
11.9424 7757
11.9429 8024
11.9433 2880
11.9438 3600
11.9442 4176
11.9446 4672
11.945 5115
11.9455 5520
11.9459 5895
11.9463 6246
11.9468 6577
11.9481 2880
11.9489 3600
11.9494 4176
11.9498 4672
11.9502 5115
11.9507 5520
11.9511 5895
11.9515 6246
11.9527 2880
11.9538 3600
11.9543 4176
11.9547 4672
11.9551 5115
11.9555 5520
11.9559 5895
11.9564 6246
11.9573 2880
11.9581 3600
11.9585 4176
12.159 4672
12.1598 2880
12.1602 3600
12.1607 4176
12.1611 4672
12.1615 5115
12.162 5520
12.1624 5895
12.1628 6246
12.1628 6577
12.1632 6892
12.1632 7192
12.1637 7480
12.1637 7757
12.1641 8024
12.1641 8282
12.1645 8532
12.1646 8775
12.1649 9011
12.1649 9241
12.1649 9465
12.1653 9684
12.1653 9898
12.1653 10107
12.1657 10312
12.1657 10513
12.1657 10710
12.1662 10903
12.1662 11093
12.1662 11279
12.1666 11462
12.1666 11642
12.1666 11820
12.167 11995
12.167 12167
12.167 12337
12.167 12505
12.1674 12670
12.1674 12833
12.1674 12994
12.1674 13153
12.1679 13310
12.1679 13465
12.1679 13618
12.1679 13770
12.1683 13920
12.1683 14068
12.1683 14215
12.1683 14360
12.1687 14504
12.1687 14646
12.1688 14787
12.1688 14927
12.1691 15065
12.1691 15202
12.1691 15338
12.1691 15473
12.1691 15607
12.1695 15739
12.1695 15870
12.1695 16000
12.1695 16129
12.1695 16257
12.1699 16384
12.1699 16510
12.1699 16635
12.1699 16759
12.1699 16882
12.1703 17004
12.1703 17125
12.1703 17246
12.1703 17366
12.1704 17485
12.1708 17603
12.1708 17720
12.1708 17837
12.1708 17953
12.1708 18068
12.1708 18182
12.1712 18296
12.1712 7920
12.1721 8181
12.1725 8434
12.1725 8679
12.1729 8917
12.1729 9149
12.1729 9375
12.1734 9596
12.1734 9812
12.1734 10023
12.1738 10229
12.1738 10431
12.1738 10629
12.1742 10824
12.1742 11015
12.1742 11203
12.1746 11388
12.1747 11570
12.1747 11749
12.1751 11925
12.1751 12098
12.1751 12269
12.1755 5040
12.1759 5451
12.1763 5831
12.1768 6186
12.1768 6521
12.1772 6838
12.1772 7141
12.1776 7431
12.1776 7710
12.1781 7978
12.1781 8237
12.1785 8488
12.1785 8732
12.1789 8969
12.1789 9200
12.1789 9425
12.1792 9645
12.1792 9859
12.1793 10069
12.1797 10274
12.1797 10475
12.1797 10672
12.1801 10866
12.1801 11056
12.1801 11243
12.1806 11427
12.1806 11608
12.1806 11786
12.181 11961
12.181 12134
12.181 12304
12.181 12472
12.1814 12638
12.1814 12802
12.1814 12963
12.1814 13122
12.1818 13280
12.1818 13436
12.1818 13590
12.1819 13742
12.1823 13892
12.1823 14041
12.1823 14188
12.1823 14334
12.1827 14478
12.1827 14621
12.1827 14762
12.1827 14902
12.1831 15041
12.1831 15178
12.1832 15314
12.1832 15449
12.1832 15583
12.1836 15716
12.1836 15847
12.1836 15977
12.1836 16106
12.1836 16234
12.184 16361
12.184 16487
12.184 16612
12.184 16736
12.184 16859
12.1845 16981
12.1845 17103
12.1845 17224
12.1845 17344
12.1845 17463
12.1849 17581
12.1849 17698
12.1849 17815
12.1849 17931
12.1849 18046
12.1849 18160
12.1853 18274
12.1853 18387
12.1853 18499
12.1853 18611
12.1853 18722
12.1854 18832
12.1858 18942
12.1858 19051
12.1858 19159
12.1858 19267
12.1858 19374
12.1858 19481
12.1862 19587
12.1862 19692
12.1862 19797
12.1862 19901
12.1862 20005
12.1862 20108
12.1866 20211
12.1866 20313
12.1866 20415
12.1866 20516
12.1866 20617
12.1867 20717
12.1871 20817
12.1871 9360
12.1879 9581
12.1884 9797
12.1884 10008
12.1884 10215
12.1888 10417
12.1888 10616
12.1888 10811
12.1892 4320
12.1897 4800
12.1901 5232
12.1905 5628
12.191 5996
12.1918 2880
12.1927 3600
12.1931 4176
12.1936 4672
12.194 5115
12.1944 5520
12.1949 5895
12.1953 6246
12.1957 6577
12.1962 2880
12.1966 3600
12.197 4176
12.1974 4672
12.1978 5115
12.1983 5520
12.1987 5895
12.1991 6246
12.1991 6577
12.1995 6892
12.1995 7192
12.2 7480
12.2 7757
12.2004 8024
12.2004 8282
12.2008 8532
12.2008 8775
12.2012 9011
12.2012 9241
12.2012 9465
12.2016 9684
12.2016 9898
12.2016 10107
12.2021 10312
12.2021 10513
12.2021 10710
12.2025 4320
12.2029 4800
12.2033 5232
12.2038 5628
12.2042 5996
12.2046 2880
12.2051 3600
12.2055 4176
12.2059 4672
12.2063 5115
12.2068 5520
12.2072 5895
12.2076 6246
12.2076 6577
12.208 6892
12.208 7192
12.2084 7480
12.2085 7757
12.2089 8024
12.2089 8282
12.2093 8532
12.2093 8775
12.2097 9011
12.2097 9241
12.2098 9465
12.2102 9684
12.2102 9898
12.2102 10107
12.2106 10312
12.2106 10513
12.2106 10710
12.211 4320
12.2115 4800
12.2119 5232
12.2123 5628
12.2127 5996
12.214 2880
12.2152 3600
12.2156 4176
12.2161 4672
12.2165 5115
12.2169 5520
12.2173 5895
12.2177 6246
12.2182 6577
12.2186 2880
12.219 3600
12.2194 4176
12.2199 4672
12.2203 5115
12.2207 5520
12.2211 5895
12.2215 6246
12.222 6577
12.2232 2880
12.2241 3600
12.2245 4176
12.2248 4672
12.2252 5115
12.2256 5520
12.2261 5895
12.2265 6246
12.2265 6577
12.2269 6892
12.2269 7192
12.2274 7480
12.2274 7757
12.2278 8024
12.2282 2880
12.2286 3600
12.229 4176
12.2294 4672
12.2299 5115
12.2303 5520
12.2307 5895
12.2311 6246
12.2311 6577
12.2316 6892
