1 7834
1.00194 8098
1.03003 8354
1.05811 8602
1.0862 8843
1.11399 9077
1.14148 9305
1.16927 9527
1.19735 9744
1.22574 9956
1.26817 3600
1.33839 4176
1.36946 4672
1.40084 5115
1.43191 5520
1.46299 5895
1.49406 6246
1.5102 6577
1.54127 6892
1.57294 7192
1.60103 7480
1.63001 7757
1.6581 8024
1.68619 8282
1.71458 8532
1.74356 8775
1.77254 9011
1.80123 9241
1.82961 9465
1.8577 9684
1.88519 9898
1.92702 3600
1.99604 4176
2.02712 4672
2.05909 5115
2.09375 5520
2.12483 5895
2.1559 6246
2.17234 6577
2.20281 6892
2.23299 7192
2.25988 7480
2.28857 7757
2.31546 8024
2.34235 8282
2.36924 8532
2.39614 8775
2.42303 9011
2.45022 9241
2.47711 9465
2.504 9684
2.5306 9898
2.57034 3600
2.63219 4176
2.66326 4672
2.69613 5115
2.7272 5520
2.75948 5895
2.79115 6246
2.80997 6577
2.83896 6892
2.86854 7192
2.89633 7480
2.92352 7757
2.95071 8024
2.9776 8282
3.00449 8532
3.03168 8775
3.05917 9011
3.08696 9241
3.11475 9465
3.14254 9684
3.16913 9898
3.21216 3600
3.28297 4176
3.31405 4672
3.34632 5115
3.37739 5520
3.40847 5895
3.43954 6246
3.45657 6577
3.48526 6892
3.51484 7192
3.54412 7480
3.57221 7757
3.6003 8024
3.62808 8282
3.65587 8532
3.68366 8775
3.71235 9011
3.74043 9241
3.76912 9465
3.7978 9684
3.82679 9898
3.86981 3600
3.9233 4176
3.95527 4672
3.98724 5115
4.01832 5520
4.04939 5895
4.08047 6246
4.0957 6577
4.11184 6892
4.14202 7192
4.1707 7480
4.19999 7757
4.22777 8024
4.25586 8282
4.28455 8532
4.31203 8775
4.34012 9011
4.36851 9241
4.39749 9465
4.42618 9684
4.45486 9898
4.49609 3600
4.55048 4176
4.58185 4672
4.61322 5115
4.64609 5520
4.67747 5895
4.70854 6246
4.72438 6577
4.75665 6892
4.78922 7192
4.81969 7480
4.84868 7757
4.87676 8024
4.90455 8282
4.93264 8532
4.96073 8775
4.98911 9011
5.0178 9241
5.04678 9465
5.07457 9684
5.10296 9898
5.14628 3600
5.20993 4176
5.25265 4672
5.28403 5115
5.3151 5520
5.34618 5895
5.37785 6246
5.39219 6577
5.40922 6892
5.43881 7192
5.46749 7480
5.49498 7757
5.52187 8024
5.55056 8282
5.57894 8532
5.60703 8775
5.63512 9011
5.6641 9241
5.69249 9465
5.72117 9684
5.74986 9898
5.79199 3600
5.84069 4176
5.87236 4672
5.90374 5115
5.9366 5520
5.96858 5895
5.99965 6246
6.01489 6577
6.03162 6892
6.0618 7192
6.09138 7480
6.12096 7757
6.14935 8024
6.17774 8282
6.20582 8532
6.23511 8775
6.26319 9011
6.28919 9241
6.31847 9465
6.34775 9684
6.37584 9898
6.41797 3600
6.48012 4176
6.51209 4672
6.54376 5115
6.57484 5520
6.60681 5895
6.63818 6246
6.65581 6577
6.68629 6892
6.71737 7192
6.74784 7480
6.77772 7757
6.80641 8024
6.8345 8282
6.86258 8532
6.89067 8775
6.91906 9011
6.94714 9241
6.97672 9465
7.00481 9684
7.0329 9898
7.07503 3600
7.11955 4176
7.15182 4672
7.18319 5115
7.21427 5520
7.24534 5895
7.27642 6246
7.29046 6577
7.30779 6892
7.33648 7192
7.36576 7480
7.39474 7757
7.42164 8024
7.44972 8282
7.47841 8532
7.50769 8775
7.53608 9011
7.56506 9241
7.59315 9465
7.62243 9684
7.65052 9898
7.69265 3600
7.74852 4176
7.7796 4672
7.81097 5115
7.84653 5520
7.8782 5895
7.90928 6246
7.93049 6577
7.96007 6892
7.99055 7192
8.01983 7480
8.04911 7757
8.0772 8024
8.10499 8282
8.13308 8532
8.16116 8775
8.18955 9011
8.21883 9241
8.24782 9465
8.2759 9684
8.30489 9898
8.34732 3600
8.3999 4176
8.42709 4672
8.45847 5115
8.49642 5520
8.52809 5895
8.55916 6246
8.58277 6577
8.61265 6892
8.64313 7192
8.67241 7480
8.7005 7757
8.72888 8024
8.75667 8282
8.78416 8532
8.81225 8775
8.84093 9011
8.87021 9241
8.8983 9465
8.92758 9684
8.95567 9898
8.9984 3600
9.04919 4176
9.07818 4672
9.10955 5115
9.14511 5520
9.17678 5895
9.20845 6246
9.22907 6577
9.25985 6892
9.28973 7192
9.31961 7480
9.34829 7757
9.37638 8024
9.40357 8282
9.43225 8532
9.45915 8775
9.48843 9011
9.51801 9241
9.54789 9465
9.57717 9684
9.60526 9898
9.64679 3600
9.69699 4176
9.72926 4672
9.76063 5115
9.7938 5520
9.82488 5895
9.85625 6246
9.88852 6577
9.9193 6892
9.94918 7192
9.97816 7480
10.0056 7757
10.034 8024
10.0618 8282
10.0899 8532
10.1183 8775
10.1476 9011
10.1769 9241
10.2061 9465
10.2342 9684
10.2623 9898
10.3024 3600
10.3523 4176
10.3842 4672
10.4156 5115
10.4467 5520
10.4778 5895
10.5088 6246
10.5256 6577
10.5402 6892
10.5569 7192
10.5865 7480
10.6158 7757
10.6439 8024
10.6723 8282
10.7001 8532
10.7278 8775
10.7562 9011
10.7861 9241
10.8148 9465
10.8429 9684
10.871 9898
10.9131 3600
10.9779 4176
11.009 4672
11.0405 5115
11.075 5520
11.106 5895
11.1371 6246
11.1443 6577
11.1688 6892
11.1927 7192
11.225 7480
11.2569 7757
11.2853 8024
11.3128 8282
11.3406 8532
11.3684 8775
11.398 9011
11.4255 9241
11.4553 9465
11.4834 9684
11.5127 9898
11.5533 3600
11.6059 4176
11.6373 4672
11.6693 5115
11.7004 5520
11.7317 5895
11.7631 6246
11.7792 6577
11.8112 6892
11.8387 7192
11.8674 7480
11.8955 7757
11.9218 8024
11.9505 8282
11.9788 8532
12.0051 8775
12.0329 9011
12.0613 9241
12.09 9465
12.1184 9684
12.1462 9898
12.1883 3600
12.254 4176
12.2854 4672
12.3171 5115
12.3482 5520
12.3795 5895
12.4106 6246
12.427 6577
12.442 6892
12.4584 7192
12.4734 7480
12.4898 7757
12.5047 8024
12.5319 8282
12.5597 8532
12.5875 8775
12.6156 9011
12.6428 9241
12.6703 9465
12.7001 9684
12.7288 9898
12.7704 3600
12.8253 4176
12.8567 4672
12.8881 5115
12.9192 5520
12.9505 5895
12.9816 6246
12.9971 6577
13.0145 6892
13.0402 7192
13.0742 7480
13.1053 7757
13.134 8024
13.1621 8282
13.1893 8532
13.2165 8775
13.2431 9011
13.2699 9241
13.298 9465
13.3279 9684
13.3593 9898
13.4038 3600
13.4588 4176
13.4902 4672
13.5215 5115
13.5544 5520
13.5855 5895
13.6166 6246
13.6291 6577
13.6479 6892
13.6781 7192
13.7059 7480
13.7382 7757
13.7666 8024
13.7937 8282
13.8224 8532
13.8511 8775
13.8783 9011
13.9046 9241
13.9345 9465
13.9635 9684
13.9924 9898
14.0346 3600
14.0896 4176
14.1209 4672
14.1523 5115
14.1834 5520
14.2145 5895
14.2458 6246
14.2581 6577
14.2772 6892
14.308 7192
14.3382 7480
14.3677 7757
14.3967 8024
14.4227 8282
14.4517 8532
14.4798 8775
14.5082 9011
14.5348 9241
14.5629 9465
14.5924 9684
14.6211 9898
14.663 3600
14.7176 4176
14.749 4672
14.7804 5115
14.8115 5520
14.8437 5895
14.8751 6246
14.8921 6577
14.9065 6892
14.9364 7192
14.968 7480
14.9979 7757
15.0263 8024
15.0538 8282
15.0813 8532
15.1091 8775
15.1357 9011
15.1625 9241
15.1903 9465
15.2202 9684
15.2489 9898
15.2901 3600
15.3451 4176
15.3765 4672
15.4079 5115
15.4389 5520
15.4706 5895
15.5017 6246
15.5154 6577
15.5331 6892
15.5638 7192
15.5964 7480
15.6278 7757
15.6556 8024
15.6854 8282
15.7105 8532
15.7386 8775
15.7682 9011
15.7957 9241
15.8235 9465
15.8504 9684
15.8797 9898
15.9218 3600
15.9905 4176
16.0216 4672
16.053 5115
16.084 5520
16.1154 5895
16.1468 6246
16.1677 6577
16.1985 6892
16.2299 7192
16.2609 7480
16.2884 7757
16.3168 8024
16.344 8282
16.3724 8532
16.3993 8775
16.4271 9011
16.4554 9241
16.4847 9465
16.514 9684
16.5442 9898
16.5866 3600
16.6404 4176
16.6718 4672
16.704 5115
16.7351 5520
16.7671 5895
16.7982 6246
16.8155 6577
16.8472 6892
16.8759 7192
16.9045 7480
16.9332 7757
16.9616 8024
16.9876 8282
17.0154 8532
17.0429 8775
17.071 9011
17.1006 9241
17.1301 9465
17.1591 9684
17.1866 9898
17.2278 3600
17.2825 4176
17.3139 4672
17.3453 5115
17.3763 5520
17.4098 5895
17.4415 6246
17.4585 6577
17.4729 6892
17.5039 7192
17.5323 7480
17.5598 7757
17.5879 8024
17.616 8282
17.6426 8532
17.6689 8775
17.6987 9011
17.7277 9241
17.7561 9465
17.7836 9684
17.8111 9898
17.8523 3600
17.9196 4176
17.9506 4672
17.9808 5115
18.0122 5520
18.0436 5895
18.0746 6246
18.0809 6577
18.106 6892
18.1353 7192
18.1655 7480
18.1942 7757
18.2222 8024
18.2479 8282
18.2757 8532
18.3053 8775
18.3328 9011
18.3558 9241
18.3857 9465
18.4162 9684
18.4448 9898
18.4861 3600
18.5402 4176
18.5715 4672
18.6047 5115
18.6364 5520
18.6675 5895
18.6994 6246
18.7215 6577
18.7535 6892
18.7825 7192
18.8124 7480
18.8417 7757
18.8691 8024
18.8963 8282
18.9238 8532
18.9513 8775
18.9788 9011
19.006 9241
19.0365 9465
19.0675 9684
19.0965 9898
19.1378 3600
19.1892 4176
19.2205 4672
19.2555 5115
19.2866 5520
19.3176 5895
19.3487 6246
19.361 6577
19.3813 6892
19.4094 7192
19.4419 7480
19.4712 7757
19.4996 8024
19.5277 8282
19.5546 8532
19.5821 8775
19.6084 9011
19.6374 9241
19.6672 9465
19.6959 9684
19.724 9898
19.7652 3600
19.8199 4176
19.8522 4672
19.8842 5115
19.9152 5520
19.9463 5895
19.9774 6246
19.9995 6577
20.0294 6892
20.0581 7192
20.0865 7480
20.1145 7757
20.1408 8024
20.1689 8282
20.1964 8532
20.2239 8775
20.2526 9011
20.2822 9241
20.3108 9465
20.3383 9684
20.3664 9898
20.408 3600
20.4701 4176
20.503 4672
20.5344 5115
20.5654 5520
20.5965 5895
20.6276 6246
20.6389 6577
20.6589 6892
20.6888 7192
20.7163 7480
20.7459 7757
20.7692 8024
20.7982 8282
20.826 8532
20.8544 8775
20.8825 9011
20.9117 9241
20.9395 9465
20.9676 9684
20.9951 9898
21.0363 3600
21.1021 4176
21.1334 4672
21.1651 5115
21.1962 5520
21.2279 5895
21.2589 6246
21.276 6577
21.3067 6892
21.3354 7192
21.3641 7480
21.3916 7757
21.4191 8024
21.4466 8282
21.4747 8532
21.501 8775
21.5285 9011
21.558 9241
21.5864 9465
21.6148 9684
21.6423 9898
21.6838 3600
21.7472 4176
21.7824 4672
21.8165 5115
21.8476 5520
21.8786 5895
21.9097 6246
21.925 6577
21.9411 6892
21.9707 7192
21.9994 7480
