1 0.0813684
1.0078 0.0776973
1.02597 0.0758602
1.06039 0.0730026
1.07856 0.0705023
1.11298 0.0681895
1.13091 0.0684158
1.16533 0.0707389
1.18349 0.0707715
1.21768 0.0728001
1.23584 0.0724501
1.24588 0.0711438
1.27027 0.0688758
1.28843 0.0668913
1.31186 0.0667799
1.33696 0.0666824
1.35943 0.0672221
1.38309 0.0678194
1.40365 0.0677169
1.42492 0.0702523
1.44739 0.0724708
1.4701 0.0742869
1.49281 0.0761261
1.51576 0.0779853
1.53918 0.0797371
1.56165 0.081145
1.58436 0.0825019
1.60779 0.0836891
1.62954 0.084478
1.65082 0.0850432
1.77607 0.0816628
1.82842 0.08433
1.8399 0.0816637
1.88149 0.0780808
1.89272 0.0749457
1.93408 0.0722025
1.94531 0.0698022
1.98667 0.0675769
2.00913 0.0685048
2.03901 0.0716917
2.06172 0.0721052
2.09136 0.0733421
2.11407 0.0735493
2.12626 0.0724806
2.14395 0.0699206
2.16714 0.0678055
2.18961 0.0672048
2.21208 0.0674292
2.23646 0.0676256
2.2575 0.0676724
2.27901 0.0675883
2.30315 0.0705148
2.32467 0.0727004
2.34738 0.0748629
2.36793 0.076505
2.39016 0.0778169
2.41287 0.0790898
2.43534 0.0802036
2.45853 0.0815531
2.481 0.082609
2.50418 0.0837828
2.52642 0.084685
2.64761 0.0809744
2.69996 0.0831026
2.70665 0.0800897
2.75255 0.0767035
2.77502 0.0757406
2.80513 0.072898
2.82784 0.0702858
2.85772 0.068
2.88019 0.068875
2.91007 0.0706407
2.93254 0.0711856
2.96266 0.0725374
2.98489 0.0727202
2.99804 0.0718802
3.01525 0.0695202
3.03772 0.0674551
3.05087 0.0655232
3.06784 0.0638328
3.09031 0.0624787
3.10346 0.0612939
3.12043 0.0602572
3.14266 0.0621
3.15581 0.0624625
3.17278 0.0632797
3.19525 0.0647447
3.20815 0.0649016
3.22513 0.0655389
3.2476 0.0667216
3.25764 0.0661314
3.27915 0.0667399
3.30162 0.0678975
3.32218 0.0687853
3.34417 0.0710621
3.36425 0.0728043
3.38696 0.0743288
3.40632 0.0755377
3.52249 0.0734705
3.53301 0.0706617
3.57532 0.068454
3.5856 0.0663972
3.62791 0.0645976
3.63819 0.0631479
3.68026 0.0671294
3.69173 0.0667382
3.73308 0.0702709
3.74408 0.0694871
3.78543 0.0725512
3.79547 0.0712323
3.82225 0.0720782
3.83802 0.0696935
3.86097 0.0691068
3.87483 0.0669684
3.89061 0.0650974
3.9138 0.0635852
3.92742 0.0622621
3.95013 0.0639793
3.97236 0.0662319
3.99459 0.0680779
4.01515 0.0705682
4.03666 0.0724971
4.05913 0.07431
4.07802 0.0755212
4.1012 0.0768311
4.12224 0.0779772
4.14208 0.0786051
4.16527 0.0796544
4.18654 0.0803226
4.20925 0.0811573
4.33857 0.0772626
4.34834 0.0731048
4.38802 0.0702167
4.3983 0.0676896
4.44061 0.0657284
4.46069 0.0652624
4.49296 0.0688546
4.51375 0.0693727
4.54531 0.0713261
4.56634 0.0716604
4.59765 0.0732028
4.60913 0.0720525
4.63016 0.0710459
4.65024 0.0687902
4.6763 0.0685664
4.69877 0.0684956
4.72387 0.0690587
4.74729 0.0693013
4.7712 0.0697637
4.79534 0.0731682
4.81781 0.0757722
4.841 0.0779257
4.86251 0.0795599
4.88402 0.08074
4.90602 0.0817725
4.92514 0.0821759
4.94593 0.0822789
4.9684 0.082494
4.98729 0.0823073
5.00928 0.0825189
5.03294 0.083079
5.05541 0.0835691
5.07741 0.084373
5.09557 0.0845764
5.11804 0.0847543
5.1386 0.084535
5.16203 0.0873432
5.18473 0.0898003
5.19884 0.0914502
5.32051 0.0875189
5.34178 0.0844541
5.3731 0.0805223
5.39437 0.077082
5.42616 0.0740718
5.44696 0.0713128
5.47851 0.0728987
5.49931 0.0729114
5.53086 0.0742974
5.55166 0.0741353
5.58321 0.0753684
5.59636 0.0741973
5.62002 0.0735476
5.6358 0.0708542
5.64895 0.0684974
5.67261 0.0664352
5.68839 0.0647558
5.70154 0.0632864
5.7252 0.0620006
5.74791 0.0636255
5.76727 0.0655473
5.78998 0.0683539
5.81149 0.0705597
5.82727 0.0717397
5.84998 0.0730222
5.87197 0.0741445
5.89372 0.0751264
5.91691 0.0768606
5.93532 0.078003
5.95826 0.0791276
6.10408 0.0769867
6.15452 0.0782384
6.15523 0.0748336
6.20734 0.0721044
6.22575 0.0718413
6.26041 0.0694862
6.27834 0.0674254
6.31324 0.0656222
6.33451 0.0666694
6.36559 0.0692108
6.38734 0.0698094
6.41794 0.0714582
6.43969 0.071776
6.45499 0.071179
6.47053 0.0689066
6.49228 0.0669183
6.50829 0.0653035
6.52311 0.0637655
6.54487 0.0622949
6.56088 0.061008
6.5757 0.059882
6.59889 0.0617717
6.61849 0.0633003
6.63976 0.0652627
6.65817 0.0674799
6.67945 0.0691699
6.69905 0.0706487
6.71626 0.0714426
6.73801 0.0725123
6.75952 0.0734482
6.77984 0.0742672
6.80255 0.0757338
6.82335 0.0768921
6.84606 0.0781556
6.86805 0.0795111
6.89004 0.0805722
7.03776 0.0778757
7.05067 0.0740162
7.08988 0.0712642
7.10661 0.0693562
7.14246 0.0673117
7.1592 0.0655227
7.19481 0.0683324
7.21155 0.0684158
7.24716 0.0708638
7.2639 0.0706309
7.29951 0.072802
7.31457 0.0720767
7.33943 0.0725672
7.3521 0.0701213
7.37816 0.0693561
7.39369 0.0674366
7.41688 0.067007
7.43242 0.0653811
7.44628 0.0638335
7.46947 0.0653543
7.49218 0.066685
7.51536 0.0687244
7.53688 0.0713838
7.5603 0.0738359
7.57895 0.0753564
7.59998 0.0764368
7.62198 0.0775072
7.6399 0.0776938
7.66166 0.0783571
7.68174 0.0788125
7.70301 0.0792109
7.72715 0.0803095
7.74771 0.0810208
7.7697 0.0818932
7.79074 0.0825316
7.81177 0.0827151
7.83544 0.0858757
7.98316 0.0823913
7.99894 0.0785924
8.03719 0.0755183
8.05153 0.0727035
8.08978 0.0701156
8.10412 0.0679761
8.14213 0.0708541
8.15647 0.0703724
8.19447 0.0728258
8.20882 0.0719726
8.24682 0.074226
8.25854 0.0729478
8.28125 0.0729543
8.29941 0.07046
8.3226 0.0696525
8.34937 0.0694459
8.37495 0.0701402
8.39957 0.0709977
8.42491 0.071498
8.44714 0.0748107
8.46961 0.0773344
8.49399 0.0794176
8.50857 0.0799904
8.53104 0.0804916
8.55232 0.0808051
8.57144 0.0804545
8.59367 0.0810227
8.61494 0.0812698
8.63502 0.0814861
8.65773 0.0820503
8.68235 0.0829191
8.70076 0.0833042
8.72323 0.0838912
8.7457 0.0844048
8.89151 0.0812292
8.91279 0.0782005
8.94458 0.0750505
8.96824 0.0726691
8.99717 0.0702105
9.02083 0.0679342
9.04952 0.0695674
9.07318 0.0703715
9.10187 0.0717001
9.12625 0.0723625
9.15422 0.0734422
9.16282 0.0718869
9.17884 0.0694011
9.2068 0.0672259
9.2319 0.0674477
9.25892 0.0690167
9.28425 0.0701396
9.30864 0.0709972
9.33302 0.0714975
9.35501 0.0746853
9.37724 0.0769747
9.39827 0.0786028
9.41501 0.0790275
9.437 0.079274
9.45756 0.0793648
9.47692 0.0791942
9.50034 0.0799199
9.51899 0.0801799
9.54194 0.0806574
9.56417 0.0815753
9.58496 0.0818783
9.60791 0.0827686
9.62943 0.0834225
9.65285 0.0839947
9.67269 0.0844953
9.79436 0.0809334
9.80679 0.0773167
9.84719 0.0742772
9.85938 0.0716175
9.90073 0.0692903
9.91938 0.068129
9.95308 0.0713629
9.97197 0.0713175
10.0054 0.0731528
10.0243 0.0728837
10.0578 0.0745233
10.0693 0.0732079
10.0939 0.0726819
10.1104 0.0702216
10.1343 0.0695689
10.1467 0.0674978
10.163 0.0655606
10.1871 0.0639905
10.2108 0.0639917
10.233 0.0667427
10.2552 0.0700249
10.2753 0.0722718
10.2937 0.0736128
10.3136 0.0745362
10.3358 0.0752192
10.3551 0.0758168
10.3779 0.0768397
10.3979 0.0777347
10.4185 0.0783929
10.4434 0.0795938
10.4661 0.0807696
10.6083 0.0777984
10.6578 0.0798236
10.6582 0.0760956
10.7104 0.0732087
10.7362 0.0738076
10.7629 0.0710816
10.7895 0.0688214
10.8155 0.0668437
10.8418 0.0683633
10.8679 0.0695679
10.8942 0.0707469
10.9202 0.0717785
10.9465 0.0726812
10.9599 0.0717211
10.9728 0.0692559
10.9991 0.0672239
11.0132 0.0655709
11.0254 0.0639996
11.0517 0.0624996
11.0658 0.0611872
11.0973 0.0625388
11.1188 0.0663464
11.1307 0.0679281
11.1518 0.0701871
11.1721 0.0707887
11.1831 0.0700651
11.2053 0.070682
11.2244 0.0709717
11.2328 0.0696003
11.2517 0.0694002
11.2737 0.0692252
11.2902 0.0688221
11.3107 0.0699693
11.3339 0.0714731
11.3542 0.072664
11.3729 0.073831
11.3915 0.0747271
11.4114 0.0780112
11.4317 0.0805098
11.4487 0.0821961
11.5973 0.0799216
11.6177 0.0775564
11.6471 0.0741118
11.6659 0.0708479
11.6949 0.0678669
11.7169 0.0657585
11.7472 0.0677887
11.7692 0.0686901
11.7996 0.0704788
11.8216 0.070919
11.8529 0.0724291
11.8629 0.0712505
11.883 0.0699692
11.9055 0.067848
11.9263 0.067367
11.9492 0.0673211
11.9755 0.067656
11.9977 0.068074
12.0231 0.0688147
12.0446 0.0720879
12.0656 0.0743269
12.0866 0.076161
12.1074 0.0771409
12.1275 0.0778733
12.1457 0.0781391
12.1646 0.0781217
12.1842 0.0779815
12.2021 0.0776088
12.2215 0.0774077
12.2413 0.0773568
12.2628 0.0774372
12.2831 0.0778825
12.3037 0.0783972
12.3223 0.0787226
12.3427 0.0788822
12.3611 0.078772
12.3821 0.0813005
12.4019 0.0833879
12.422 0.0854644
12.4445 0.0875314
12.5862 0.0840899
12.5941 0.0793287
12.6357 0.0755376
12.6417 0.0719704
12.6883 0.0695991
12.6943 0.0675242
12.7407 0.0714587
12.7476 0.0699014
12.793 0.0735387
12.8002 0.0718463
12.8454 0.0751156
12.8523 0.0731011
12.8743 0.0732135
12.8979 0.0705618
12.9211 0.0703666
12.9424 0.0700707
12.9634 0.0695619
12.9845 0.0687417
13.006 0.068024
13.0275 0.070146
13.0485 0.0720027
13.0696 0.0736274
13.0906 0.075049
13.1105 0.0760428
13.1303 0.0767875
13.1501 0.077314
13.169 0.0775248
13.1869 0.0773342
13.207 0.0772924
13.2309 0.0776309
13.2477 0.077677
13.2697 0.0783424
13.2888 0.0786746
13.3077 0.0784653
13.3268 0.0785321
13.3473 0.0784656
13.3686 0.0810324
13.3894 0.0835283
13.4112 0.0860873
13.4322 0.0885764
13.5751 0.0846293
13.5837 0.0798007
13.6265 0.0762006
13.632 0.0728005
13.6791 0.0703254
13.6963 0.0695348
13.7315 0.0732179
13.7489 0.0726907
13.7841 0.0746043
13.8013 0.0740288
13.8369 0.0757752
13.8441 0.0738033
13.8663 0.0727029
13.8895 0.07024
13.912 0.069835
13.933 0.0693556
13.954 0.0688112
13.9751 0.0682098
13.9968 0.0676836
14.0178 0.0698481
14.0389 0.0716171
14.0599 0.073165
14.081 0.0745193
14.1017 0.0757044
14.1199 0.0763664
14.1405 0.0769456
14.1596 0.0772024
14.1778 0.0770521
14.1974 0.0771706
14.2191 0.0773992
14.2378 0.0774743
14.2588 0.077915
14.2765 0.0780507
14.298 0.0780443
14.3186 0.0784138
14.3367 0.0783621
14.359 0.0810668
14.3781 0.0836835
14.4001 0.086098
14.4213 0.0882108
14.5607 0.0844344
14.5727 0.0797551
14.6133 0.0764107
14.6224 0.0731094
14.6659 0.0704707
14.686 0.0695369
14.7182 0.0728448
14.7383 0.0728642
14.7706 0.0743811
14.7907 0.0740835
14.8229 0.0753231
14.8318 0.0735327
14.8432 0.0709661
14.8755 0.0687203
14.8961 0.0682553
14.9183 0.0690984
14.9401 0.0685861
14.9616 0.0681378
14.984 0.0678706
15.0053 0.0702618
15.0264 0.072229
15.0469 0.0738254
15.0677 0.0749722
15.0868 0.0757257
15.104 0.07601
15.1246 0.0762587
15.1437 0.0762264
15.16 0.0758231
15.1808 0.0758452
15.2035 0.0762396
15.2243 0.0768346
15.2451 0.0779803
15.2606 0.0782328
15.2812 0.0782037
15.3022 0.0781782
15.3189 0.0775309
15.3421 0.0799646
15.3622 0.082719
15.3825 0.0850041
15.4026 0.0868786
15.5432 0.0832688
15.5553 0.0791102
15.5945 0.0755964
15.6036 0.0721469
15.6471 0.0697535
15.6562 0.0676593
15.6995 0.0712019
15.7086 0.0699267
15.7518 0.0730608
15.7609 0.0715532
15.8042 0.0746091
15.8154 0.0732829
15.8384 0.0738726
15.8568 0.0711385
15.8797 0.0702462
15.9 0.0692154
15.9268 0.0693135
15.9481 0.0692743
15.9701 0.069365
15.9916 0.0720694
16.0126 0.0738107
16.031 0.0749594
16.0485 0.0753394
16.069 0.075672
16.0867 0.075463
16.1037 0.0750301
16.1231 0.0750264
16.1408 0.0745231
16.1632 0.0748327
16.1855 0.0757286
16.2041 0.0763875
16.2242 0.0773391
16.2428 0.0775467
16.261 0.0772284
16.2811 0.0771998
16.3011 0.0771748
16.3222 0.079778
16.3432 0.0824307
16.3599 0.0845019
16.3822 0.0865642
16.5256 0.0829936
16.5347 0.0788694
16.5739 0.0750108
16.5858 0.0720094
16.627 0.0696332
16.6458 0.0684291
16.6793 0.0716254
16.6982 0.0716723
16.7317 0.0734632
16.7505 0.0731553
16.784 0.0747609
16.7967 0.0735408
16.8184 0.0728482
16.8366 0.0702422
16.8493 0.0680869
16.871 0.066201
16.8892 0.0645509
16.9019 0.062982
16.9236 0.0616093
16.9451 0.0631581
16.9659 0.0647634
16.9869 0.0672929
17.0051 0.0691313
17.0235 0.0702399
17.0436 0.0712099
17.0632 0.0719337
17.0785 0.072067
17.1026 0.0729336
17.1225 0.0736919
17.1423 0.0743554
17.1619 0.075436
17.1806 0.0757565
17.1997 0.0759119
17.2203 0.0761729
17.2418 0.0766513
17.2623 0.0773199
17.2834 0.0805299
17.3034 0.0834637
17.3252 0.0861557
17.3467 0.0885112
17.4906 0.0849473
17.498 0.0804539
17.541 0.0767722
17.5506 0.0736757
17.5936 0.0709662
17.6132 0.0699704
17.646 0.0730991
17.6656 0.0729617
17.699 0.0745915
17.7182 0.0743926
17.7516 0.0758435
17.7626 0.0742381
17.7837 0.0730833
17.8042 0.0705729
17.8265 0.0697513
17.8484 0.0691574
17.8697 0.0686377
17.8908 0.068058
17.9118 0.0674257
17.9328 0.0694975
17.9539 0.0713103
17.9732 0.0727715
17.9919 0.0736751
18.0122 0.0744657
18.0308 0.0747825
18.0485 0.0748097
18.0693 0.0752085
18.0896 0.0754324
18.1085 0.0757534
18.1293 0.0764092
18.1472 0.076608
18.1673 0.076782
18.1876 0.0770593
18.206 0.0770519
18.2271 0.0774204
18.2467 0.0776178
18.268 0.0804156
18.289 0.0829887
18.3093 0.0854901
18.3308 0.0876788
18.4745 0.084219
18.4821 0.0798166
18.5259 0.0762145
18.5357 0.0733127
18.5785 0.0707736
18.5978 0.0696769
18.6308 0.0728423
18.6502 0.072737
18.6832 0.0743949
18.7025 0.0740955
18.7355 0.0754586
18.7446 0.0736513
18.7668 0.0724449
18.7881 0.0700142
18.8111 0.0696375
18.833 0.0693078
18.8536 0.0687693
18.8751 0.0681731
18.8964 0.0675265
18.9169 0.0694607
18.9377 0.0712781
18.9545 0.0722433
18.975 0.0730879
18.9958 0.0738269
19.0104 0.0737236
19.0307 0.0740081
19.0506 0.0741321
19.0671 0.0738656
19.0876 0.0742574
19.1065 0.0744752
19.1232 0.0742908
19.145 0.0746295
19.1612 0.0745508
19.1816 0.0746069
19.2028 0.0751561
19.2224 0.0755116
19.2444 0.0785726
19.2638 0.081501
19.286 0.0844384
19.3063 0.0868836
19.4488 0.0835232
19.4593 0.0794578
19.5012 0.0761505
19.5215 0.0743817
19.5537 0.071584
19.5741 0.069261
19.6061 0.0712284
19.6264 0.0714498
19.6584 0.0730186
19.6788 0.0728913
19.7108 0.0742799
19.7225 0.0729949
19.7438 0.0719955
19.7634 0.0696211
19.7856 0.0687934
19.8081 0.0683193
19.8282 0.0679044
19.8497 0.0674163
19.8707 0.0667393
19.8913 0.0687719
19.9137 0.0708004
19.9319 0.0722003
19.9496 0.0730503
19.9706 0.073794
19.9869 0.0736948
20.0019 0.0732329
20.0156 0.0723288
20.0357 0.0714127
20.0524 0.0707361
20.0727 0.0707691
20.0918 0.071423
20.1066 0.0713701
20.1265 0.0716988
20.1461 0.0719865
20.1628 0.0718632
20.1853 0.0727553
20.2068 0.0761609
20.2283 0.0793907
20.2467 0.0819669
20.2675 0.084846
20.4129 0.0816153
20.425 0.0777884
20.4669 0.0748148
20.4776 0.071963
20.5199 0.0695926
20.5305 0.0675185
20.5723 0.0709537
20.5828 0.0699595
20.6246 0.0729646
20.6352 0.071719
20.677 0.0745041
20.6858 0.0728161
20.7076 0.0727141
20.7296 0.0702498
20.748 0.0692186
20.77 0.0683163
20.7822 0.0664017
20.8006 0.0647265
20.8235 0.0633857
20.8491 0.0654625
20.8692 0.0681547
20.8883 0.0706353
20.9093 0.0725559
20.9256 0.0729864
20.9411 0.0728631
20.9629 0.0730052
20.9813 0.0728796
20.9944 0.0723946
21.0162 0.0727203
21.0365 0.0728803
21.0544 0.0728952
21.0752 0.0739083
21.0948 0.0744198
21.1159 0.0749923
21.1352 0.0757433
21.1517 0.0757754
21.1744 0.0786784
21.1962 0.0815936
21.2172 0.0841444
21.2385 0.0865014
21.3869 0.0830637
21.3975 0.0794307
21.44 0.0762519
21.45 0.0733454
21.4926 0.0706772
21.5026 0.0683426
21.5449 0.0715498
21.555 0.070356
21.5973 0.0734365
21.6073 0.072132
21.6496 0.0749905
21.6582 0.0732417
21.6788 0.0729614
21.7022 0.0704663
21.7247 0.069908
21.7316 0.0677945
21.7553 0.0659452
21.7775 0.064327
21.7976 0.0645361
21.8201 0.0675941
21.8406 0.0697699
21.8581 0.0711736
21.8748 0.0719019
21.8947 0.0721642
21.9121 0.0721437
21.9286 0.0718757
21.9508 0.0723912
21.9709 0.0728423
21.9855 0.072862
