1 3600
1.08012 4176
1.12434 4672
1.16916 5115
1.23131 5520
1.28749 5895
1.34306 6246
1.39924 6577
1.45482 6892
1.51159 7192
1.56776 7480
1.62394 7757
1.67712 8024
1.73927 8282
1.82592 2880
1.91019 3600
1.9556 4176
2.00042 4672
2.04524 5115
2.1068 5520
2.16297 5895
2.21496 6246
2.26994 6577
2.32253 6892
2.37572 7192
2.4283 7480
2.48149 7757
2.53408 8024
2.58667 8282
2.66615 2880
2.74503 3600
2.79045 4176
2.83527 4672
2.88009 5115
2.93985 5520
2.99363 5895
3.04622 6246
3.09941 6577
3.15558 6892
3.20877 7192
3.26375 7480
3.32112 7757
3.37729 8024
3.43466 8282
3.51892 2880
3.60318 3600
3.6492 4176
3.69402 4672
3.73884 5115
3.80099 5520
3.85716 5895
3.91334 6246
3.96891 6577
4.02569 6892
4.08784 7192
4.14521 7480
4.20497 7757
4.26114 8024
4.31731 8282
4.40277 2880
4.48763 3600
4.53424 4176
4.57906 4672
4.62388 5115
4.68603 5520
4.74221 5895
4.79838 6246
4.85396 6577
4.91372 6892
4.97169 7192
5.03025 7480
5.09121 7757
5.14738 8024
5.20355 8282
5.28841 2880
5.37267 3600
5.42347 4176
5.46829 4672
5.51311 5115
5.57526 5520
5.63263 5895
5.6888 6246
5.74199 6577
5.80474 6892
5.85852 7192
5.92127 7480
5.98163 7757
6.0378 8024
6.09398 8282
6.17884 2880
6.2625 3600
6.31091 4176
6.35573 4672
6.40054 5115
6.4627 5520
6.51887 5895
6.57624 6246
6.63241 6577
6.6862 6892
6.74536 7192
6.8093 7480
6.86847 7757
6.92583 8024
6.98141 8282
7.06627 2880
7.15113 3600
7.20073 4176
7.24555 4672
7.29037 5115
7.35312 5520
7.40929 5895
7.46547 6246
7.52164 6577
7.57961 6892
7.63339 7192
7.69973 7480
7.76008 7757
7.81685 8024
7.87303 8282
7.95789 2880
8.04095 3600
8.08876 4176
8.13358 4672
8.1784 5115
8.24055 5520
8.29732 5895
8.3529 6246
8.41087 6577
8.46585 6892
8.52023 7192
8.58716 7480
8.64991 7757
8.70608 8024
8.76226 8282
8.84592 2880
8.93018 3600
8.9762 4176
9.02102 4672
9.06584 5115
9.12799 5520
9.18476 5895
9.24093 6246
9.29711 6577
9.35388 6892
9.40766 7192
9.47519 7480
9.53794 7757
9.59411 8024
9.65089 8282
9.73455 2880
9.81881 3600
9.86423 4176
9.90905 4672
9.95387 5115
10.016 5520
10.0728 5895
10.129 6246
10.1851 6577
10.2419 6892
10.2951 7192
10.3632 7480
10.426 7757
10.4833 8024
10.5395 8282
10.6226 2880
10.708 3600
10.7547 4176
10.7995 4672
10.8443 5115
10.9064 5520
10.9632 5895
11.0475 6246
11.0937 6577
11.1312 6892
11.1653 7192
11.1993 7480
11.234 7757
11.2662 8024
11.3003 8282
11.3362 8532
11.3714 8775
11.4049 9011
11.4401 9241
11.476 9465
11.5113 9684
11.5662 3600
11.6547 4176
11.6953 4672
11.7395 5115
11.7874 5520
11.8316 5895
11.8758 6246
11.9003 6577
11.9445 6892
11.9881 7192
12.0288 7480
12.0646 7757
12.1005 8024
12.1358 8282
12.171 8532
12.2057 8775
12.2403 9011
12.2768 9241
12.3114 9465
12.3455 9684
12.4005 3600
12.477 4176
12.52 4672
12.5672 5115
12.6114 5520
12.6557 5895
12.6999 6246
12.7226 6577
12.7447 6892
12.7686 7192
12.7895 7480
12.8134 7757
12.8343 8024
12.8696 8282
12.9055 8532
12.9401 8775
12.9766 9011
13.0124 9241
13.0477 9465
13.0823 9684
13.1337 3600
13.2246 4176
13.2688 4672
13.3088 5115
13.3537 5520
13.3979 5895
13.4421 6246
13.4511 6577
13.4869 6892
13.5329 7192
13.5712 7480
13.6106 7757
13.6513 8024
13.6871 8282
13.723 8532
13.7594 8775
13.7929 9011
13.8276 9241
13.8634 9465
13.8999 9684
13.9536 3600
14.0457 4176
14.0899 4672
14.1347 5115
14.1795 5520
14.2238 5895
14.268 6246
14.2841 6577
14.3128 6892
14.3546 7192
14.3941 7480
14.4323 7757
14.4694 8024
14.5052 8282
14.5405 8532
14.5769 8775
14.6104 9011
14.6463 9241
14.6821 9465
14.7144 9684
14.77 3600
14.8638 4176
14.9092 4672
14.9528 5115
14.9983 5520
15.0425 5895
15.0867 6246
15.1034 6577
15.1518 6892
15.1877 7192
15.2271 7480
15.2666 7757
15.3024 8024
15.3377 8282
15.3741 8532
15.4094 8775
15.4441 9011
15.4781 9241
15.5128 9465
15.5474 9684
15.603 3600
15.6861 4176
15.7261 4672
15.7739 5115
15.82 5520
15.8642 5895
15.9084 6246
15.9245 6577
15.9711 6892
16.013 7192
16.0524 7480
16.0901 7757
16.1259 8024
16.1606 8282
16.1964 8532
16.2293 8775
16.2658 9011
16.3016 9241
16.3339 9465
16.3697 9684
16.4271 3600
16.5138 4176
16.5574 4672
16.6028 5115
16.647 5520
16.6913 5895
16.7355 6246
16.7564 6577
16.7803 6892
16.8215 7192
16.8574 7480
16.8956 7757
16.9315 8024
16.9661 8282
17.0014 8532
17.0373 8775
17.0707 9011
17.1054 9241
17.1389 9465
17.1753 9684
17.2339 3600
17.3181 4176
17.3606 4672
17.4042 5115
17.4484 5520
17.4926 5895
17.5369 6246
17.5643 6577
17.6044 6892
17.6456 7192
17.6851 7480
17.7209 7757
17.7568 8024
17.7902 8282
17.8267 8532
17.8625 8775
17.8996 9011
17.9295 9241
17.9653 9465
18.0024 9684
18.0574 3600
18.1356 4176
18.1805 4672
18.2265 5115
18.2707 5520
18.3149 5895
18.3591 6246
18.3807 6577
18.404 6892
18.4273 7192
18.4488 7480
18.4721 7757
18.4936 8024
18.5295 8282
18.5653 8532
18.6006 8775
18.6346 9011
18.6717 9241
18.707 9465
18.7392 9684
18.7954 3600
18.8862 4176
18.9305 4672
18.9729 5115
19.0171 5520
19.0613 5895
19.1056 6246
19.1336 6577
19.1504 6892
19.1964 7192
19.2358 7480
19.2717 7757
19.3099 8024
19.3458 8282
19.3816 8532
19.4181 8775
19.454 9011
19.4904 9241
19.5251 9465
19.5597 9684
19.6117 3600
19.7055 4176
19.7498 4672
19.7928 5115
19.837 5520
19.8818 5895
19.9261 6246
19.947 6577
19.9709 6892
20.0109 7192
20.0527 7480
20.0946 7757
20.1334 8024
20.1693 8282
20.2039 8532
20.2392 8775
20.2756 9011
20.3103 9241
20.345 9465
20.3784 9684
20.4352 3600
20.5248 4176
20.5691 4672
20.6151 5115
20.6623 5520
20.7071 5895
20.7513 6246
20.7639 6577
20.7962 6892
20.8338 7192
20.875 7480
20.9157 7757
20.9515 8024
20.9874 8282
21.0221 8532
21.0585 8775
21.0926 9011
21.126 9241
21.1619 9465
21.1977 9684
21.2533 3600
21.3424 4176
21.383 4672
21.4296 5115
21.4738 5520
21.5181 5895
21.5623 6246
21.579 6577
21.6071 6892
21.6453 7192
21.686 7480
21.723 7757
21.7601 8024
21.7959 8282
21.8312 8532
21.8688 8775
21.9023 9011
21.9382 9241
21.9728 9465
